A:
 2.66316109007919e-01 3.49654038824014e-01 4.46566348656247e-01 5.56284620789209e-01 6.78476457767915e-01 8.13711216984485e-01 9.63637252462395e-01 1.13091890906412e+00 0.00000000000000e+00 0.00000000000000e+00 0.00000000000000e+00 0.00000000000000e+00 0.00000000000000e+00 0.00000000000000e+00 0.00000000000000e+00 0.00000000000000e+00 0.00000000000000e+00 0.00000000000000e+00 0.00000000000000e+00 0.00000000000000e+00 0.00000000000000e+00 0.00000000000000e+00 0.00000000000000e+00 0.00000000000000e+00 0.00000000000000e+00 0.00000000000000e+00 0.00000000000000e+00 0.00000000000000e+00 0.00000000000000e+00 0.00000000000000e+00 0.00000000000000e+00 0.00000000000000e+00 0.00000000000000e+00 0.00000000000000e+00 0.00000000000000e+00 0.00000000000000e+00 0.00000000000000e+00 0.00000000000000e+00 0.00000000000000e+00 0.00000000000000e+00 0.00000000000000e+00 1.80572227346914e-02 2.73301516084875e-02 4.13650092581537e-02 6.26071755346324e-02 9.47568415513462e-02 1.43389234430807e-01 2.16653818692533e-01 3.25227148658856e-01 0.00000000000000e+00 -4.95775043811216e-03 0.00000000000000e+00 0.00000000000000e+00 -1.31002907108964e-02 0.00000000000000e+00 0.00000000000000e+00 -3.45668829733614e-02 0.00000000000000e+00 0.00000000000000e+00 -8.90609913396535e-02 0.00000000000000e+00 0.00000000000000e+00 -2.05249321084695e-01 0.00000000000000e+00 0.00000000000000e+00 0.00000000000000e+00 2.04062220728609e-02 0.00000000000000e+00 0.00000000000000e+00 0.00000000000000e+00 0.00000000000000e+00 7.88889651252147e-02 0.00000000000000e+00 0.00000000000000e+00 0.00000000000000e+00 0.00000000000000e+00 2.05929245845184e-01 0.00000000000000e+00 0.00000000000000e+00
 3.49654038824014e-01 4.72377375216178e-01 6.20197770644477e-01 7.92095680670360e-01 9.86708126746163e-01 1.20344551991350e+00 1.44331775608684e+00 1.70924859812057e+00 0.00000000000000e+00 0.00000000000000e+00 0.00000000000000e+00 0.00000000000000e+00 0.00000000000000e+00 0.00000000000000e+00 0.00000000000000e+00 0.00000000000000e+00 0.00000000000000e+00 0.00000000000000e+00 0.00000000000000e+00 0.00000000000000e+00 0.00000000000000e+00 0.00000000000000e+00 0.00000000000000e+00 0.00000000000000e+00 0.00000000000000e+00 0.00000000000000e+00 0.00000000000000e+00 0.00000000000000e+00 0.00000000000000e+00 0.00000000000000e+00 0.00000000000000e+00 0.00000000000000e+00 0.00000000000000e+00 0.00000000000000e+00 0.00000000000000e+00 0.00000000000000e+00 0.00000000000000e+00 0.00000000000000e+00 0.00000000000000e+00 0.00000000000000e+00 0.00000000000000e+00 2.77536235725610e-02 4.20059468998683e-02 6.35772677776215e-02 9.62260709301278e-02 1.45638991009088e-01 2.20379330605132e-01 3.32941886321809e-01 4.99657924605892e-01 0.00000000000000e+00 -7.61997084106543e-03 0.00000000000000e+00 0.00000000000000e+00 -2.01346707974786e-02 0.00000000000000e+00 0.00000000000000e+00 -5.31127284897487e-02 0.00000000000000e+00 0.00000000000000e+00 -1.36623944749755e-01 0.00000000000000e+00 0.00000000000000e+00 -3.14078875143648e-01 0.00000000000000e+00 0.00000000000000e+00 0.00000000000000e+00 3.13008642089778e-02 0.00000000000000e+00 0.00000000000000e+00 0.00000000000000e+00 0.00000000000000e+00 1.20249860538014e-01 0.00000000000000e+00 0.00000000000000e+00 0.00000000000000e+00 0.00000000000000e+00 3.12554099394638e-01 0.00000000000000e+00 0.00000000000000e+00
 4.46566348656247e-01 6.20197770644477e-01 8.37877909253650e-01 1.10007387875755e+00 1.40497726535951e+00 1.75017049007335e+00 2.13460777130647e+00 2.56008040881568e+00 0.00000000000000e+00 0.00000000000000e+00 0.00000000000000e+00 0.00000000000000e+00 0.00000000000000e+00 0.00000000000000e+00 0.00000000000000e+00 0.00000000000000e+00 0.00000000000000e+00 0.00000000000000e+00 0.00000000000000e+00 0.00000000000000e+00 0.00000000000000e+00 0.00000000000000e+00 0.00000000000000e+00 0.00000000000000e+00 0.00000000000000e+00 0.00000000000000e+00 0.00000000000000e+00 0.00000000000000e+00 0.00000000000000e+00 0.00000000000000e+00 0.00000000000000e+00 0.00000000000000e+00 0.00000000000000e+00 0.00000000000000e+00 0.00000000000000e+00 0.00000000000000e+00 0.00000000000000e+00 0.00000000000000e+00 0.00000000000000e+00 0.00000000000000e+00 0.00000000000000e+00 4.26568095283790e-02 6.45623649331693e-02 9.77170665689737e-02 1.47897464803047e-01 2.23841601130453e-01 3.38692026432071e-01 5.11564062425876e-01 7.67348599931039e-01 0.00000000000000e+00 -1.17116619168442e-02 0.00000000000000e+00 0.00000000000000e+00 -3.09446301111754e-02 0.00000000000000e+00 0.00000000000000e+00 -8.15716471355327e-02 0.00000000000000e+00 0.00000000000000e+00 -2.09193711022381e-01 0.00000000000000e+00 0.00000000000000e+00 -4.78855484235296e-01 0.00000000000000e+00 0.00000000000000e+00 0.00000000000000e+00 4.78853870151083e-02 0.00000000000000e+00 0.00000000000000e+00 0.00000000000000e+00 0.00000000000000e+00 1.81954455074244e-01 0.00000000000000e+00 0.00000000000000e+00 0.00000000000000e+00 0.00000000000000e+00 4.69741699045145e-01 0.00000000000000e+00 0.00000000000000e+00
 5.56284620789209e-01 7.92095680670360e-01 1.10007387875755e+00 1.48618335180426e+00 1.95125264230980e+00 2.49207408189186e+00 3.10435949729601e+00 3.78625393665466e+00 0.00000000000000e+00 0.00000000000000e+00 0.00000000000000e+00 0.00000000000000e+00 0.00000000000000e+00 0.00000000000000e+00 0.00000000000000e+00 0.00000000000000e+00 0.00000000000000e+00 0.00000000000000e+00 0.00000000000000e+00 0.00000000000000e+00 0.00000000000000e+00 0.00000000000000e+00 0.00000000000000e+00 0.00000000000000e+00 0.00000000000000e+00 0.00000000000000e+00 0.00000000000000e+00 0.00000000000000e+00 0.00000000000000e+00 0.00000000000000e+00 0.00000000000000e+00 0.00000000000000e+00 0.00000000000000e+00 0.00000000000000e+00 0.00000000000000e+00 0.00000000000000e+00 0.00000000000000e+00 0.00000000000000e+00 0.00000000000000e+00 0.00000000000000e+00 0.00000000000000e+00 6.55621431521862e-02 9.92301210433363e-02 1.50187186192270e-01 2.27309816294198e-01 3.44016045530764e-01 5.20436863117285e-01 7.85693167203128e-01 1.17749584434569e+00 0.00000000000000e+00 -1.79967707951639e-02 0.00000000000000e+00 0.00000000000000e+00 -4.75356690898435e-02 0.00000000000000e+00 0.00000000000000e+00 -1.25078298877847e-01 0.00000000000000e+00 0.00000000000000e+00 -3.18943964789938e-01 0.00000000000000e+00 0.00000000000000e+00 -7.25000802572638e-01 0.00000000000000e+00 0.00000000000000e+00 0.00000000000000e+00 7.27059508410677e-02 0.00000000000000e+00 0.00000000000000e+00 0.00000000000000e+00 0.00000000000000e+00 2.71317519709640e-01 0.00000000000000e+00 0.00000000000000e+00 0.00000000000000e+00 0.00000000000000e+00 6.93764072561410e-01 0.00000000000000e+00 0.00000000000000e+00
 6.78476457767915e-01 9.86708126746163e-01 1.40497726535951e+00 1.95125264230980e+00 2.63611312672938e+00 3.46102834331556e+00 4.42030870018954e+00 5.50634806329527e+00 0.00000000000000e+00 0.00000000000000e+00 0.00000000000000e+00 0.00000000000000e+00 0.00000000000000e+00 0.00000000000000e+00 0.00000000000000e+00 0.00000000000000e+00 0.00000000000000e+00 0.00000000000000e+00 0.00000000000000e+00 0.00000000000000e+00 0.00000000000000e+00 0.00000000000000e+00 0.00000000000000e+00 0.00000000000000e+00 0.00000000000000e+00 0.00000000000000e+00 0.00000000000000e+00 0.00000000000000e+00 0.00000000000000e+00 0.00000000000000e+00 0.00000000000000e+00 0.00000000000000e+00 0.00000000000000e+00 0.00000000000000e+00 0.00000000000000e+00 0.00000000000000e+00 0.00000000000000e+00 0.00000000000000e+00 0.00000000000000e+00 0.00000000000000e+00 0.00000000000000e+00 1.00747739331405e-01 1.52482029651270e-01 2.30777741108007e-01 3.49259275714495e-01 5.28482544939859e-01 7.99138337927403e-01 1.20525465662363e+00 1.80345857877268e+00 0.00000000000000e+00 -2.75870839729193e-02 0.00000000000000e+00 0.00000000000000e+00 -7.27662726311152e-02 0.00000000000000e+00 0.00000000000000e+00 -1.90618842011992e-01 0.00000000000000e+00 0.00000000000000e+00 -4.81305748002388e-01 0.00000000000000e+00 0.00000000000000e+00 -1.08298125332876e+00 0.00000000000000e+00 0.00000000000000e+00 0.00000000000000e+00 1.08051409822164e-01 0.00000000000000e+00 0.00000000000000e+00 0.00000000000000e+00 0.00000000000000e+00 3.93000927537754e-01 0.00000000000000e+00 0.00000000000000e+00 0.00000000000000e+00 0.00000000000000e+00 9.94131455890142e-01 0.00000000000000e+00 0.00000000000000e+00
 8.13711216984485e-01 1.20344551991350e+00 1.75017049007335e+00 2.49207408189186e+00 3.46102834331556e+00 4.67579751077053e+00 6.13898832652127e+00 7.84050889455833e+00 0.00000000000000e+00 0.00000000000000e+00 0.00000000000000e+00 0.00000000000000e+00 0.00000000000000e+00 0.00000000000000e+00 0.00000000000000e+00 0.00000000000000e+00 0.00000000000000e+00 0.00000000000000e+00 0.00000000000000e+00 0.00000000000000e+00 0.00000000000000e+00 0.00000000000000e+00 0.00000000000000e+00 0.00000000000000e+00 0.00000000000000e+00 0.00000000000000e+00 0.00000000000000e+00 0.00000000000000e+00 0.00000000000000e+00 0.00000000000000e+00 0.00000000000000e+00 0.00000000000000e+00 0.00000000000000e+00 0.00000000000000e+00 0.00000000000000e+00 0.00000000000000e+00 0.00000000000000e+00 0.00000000000000e+00 0.00000000000000e+00 0.00000000000000e+00 0.00000000000000e+00 1.54554875807846e-01 2.33902191634486e-01 3.53957348853174e-01 5.35541196647672e-01 8.09940609782766e-01 1.22350787493224e+00 1.84203361137814e+00 2.74960802547221e+00 0.00000000000000e+00 -4.17035727174990e-02 0.00000000000000e+00 0.00000000000000e+00 -1.09625230930110e-01 0.00000000000000e+00 0.00000000000000e+00 -2.84875153835353e-01 0.00000000000000e+00 0.00000000000000e+00 -7.09442611764887e-01 0.00000000000000e+00 0.00000000000000e+00 -1.57737338009148e+00 0.00000000000000e+00 0.00000000000000e+00 0.00000000000000e+00 1.52684003466694e-01 0.00000000000000e+00 0.00000000000000e+00 0.00000000000000e+00 0.00000000000000e+00 5.39907793378206e-01 0.00000000000000e+00 0.00000000000000e+00 0.00000000000000e+00 0.00000000000000e+00 1.35609048965339e+00 0.00000000000000e+00 0.00000000000000e+00
 9.63637252462395e-01 1.44331775608684e+00 2.13460777130647e+00 3.10435949729601e+00 4.42030870018954e+00 6.13898832652127e+00 8.29368138265502e+00 1.08890115696254e+01 0.00000000000000e+00 0.00000000000000e+00 0.00000000000000e+00 0.00000000000000e+00 0.00000000000000e+00 0.00000000000000e+00 0.00000000000000e+00 0.00000000000000e+00 0.00000000000000e+00 0.00000000000000e+00 0.00000000000000e+00 0.00000000000000e+00 0.00000000000000e+00 0.00000000000000e+00 0.00000000000000e+00 0.00000000000000e+00 0.00000000000000e+00 0.00000000000000e+00 0.00000000000000e+00 0.00000000000000e+00 0.00000000000000e+00 0.00000000000000e+00 0.00000000000000e+00 0.00000000000000e+00 0.00000000000000e+00 0.00000000000000e+00 0.00000000000000e+00 0.00000000000000e+00 0.00000000000000e+00 0.00000000000000e+00 0.00000000000000e+00 0.00000000000000e+00 0.00000000000000e+00 2.35316944516104e-01 3.56067459265294e-01 5.38667632475079e-01 8.14582794717818e-01 1.23081243902380e+00 1.85633342982943e+00 2.78802382108490e+00 4.14939664994506e+00 0.00000000000000e+00 -6.04401486667144e-02 0.00000000000000e+00 0.00000000000000e+00 -1.58099595066724e-01 0.00000000000000e+00 0.00000000000000e+00 -4.06856580685558e-01 0.00000000000000e+00 0.00000000000000e+00 -9.99117289592158e-01 0.00000000000000e+00 0.00000000000000e+00 -2.20060597990493e+00 0.00000000000000e+00 0.00000000000000e+00 0.00000000000000e+00 1.97228809415534e-01 0.00000000000000e+00 0.00000000000000e+00 0.00000000000000e+00 0.00000000000000e+00 6.82633521361244e-01 0.00000000000000e+00 0.00000000000000e+00 0.00000000000000e+00 0.00000000000000e+00 1.72018369850422e+00 0.00000000000000e+00 0.00000000000000e+00
 1.13091890906412e+00 1.70924859812057e+00 2.56008040881568e+00 3.78625393665466e+00 5.50634806329527e+00 7.84050889455833e+00 1.08890115696254e+01 1.47108917181623e+01 0.00000000000000e+00 0.00000000000000e+00 0.00000000000000e+00 0.00000000000000e+00 0.00000000000000e+00 0.00000000000000e+00 0.00000000000000e+00 0.00000000000000e+00 0.00000000000000e+00 0.00000000000000e+00 0.00000000000000e+00 0.00000000000000e+00 0.00000000000000e+00 0.00000000000000e+00 0.00000000000000e+00 0.00000000000000e+00 0.00000000000000e+00 0.00000000000000e+00 0.00000000000000e+00 0.00000000000000e+00 0.00000000000000e+00 0.00000000000000e+00 0.00000000000000e+00 0.00000000000000e+00 0.00000000000000e+00 0.00000000000000e+00 0.00000000000000e+00 0.00000000000000e+00 0.00000000000000e+00 0.00000000000000e+00 0.00000000000000e+00 0.00000000000000e+00 0.00000000000000e+00 3.51343856463890e-01 5.31519050137230e-01 8.03799375634832e-01 1.21475569541462e+00 1.83353741524862e+00 2.76081306607007e+00 4.13702666921543e+00 6.14203493666274e+00 0.00000000000000e+00 -8.09758978403511e-02 0.00000000000000e+00 0.00000000000000e+00 -2.10908622616820e-01 0.00000000000000e+00 0.00000000000000e+00 -5.38615121567660e-01 0.00000000000000e+00 0.00000000000000e+00 -1.31064108133206e+00 0.00000000000000e+00 0.00000000000000e+00 -2.88082877206937e+00 0.00000000000000e+00 0.00000000000000e+00 0.00000000000000e+00 2.25378434447750e-01 0.00000000000000e+00 0.00000000000000e+00 0.00000000000000e+00 0.00000000000000e+00 7.73666538097847e-01 0.00000000000000e+00 0.00000000000000e+00 0.00000000000000e+00 0.00000000000000e+00 1.98456634346977e+00 0.00000000000000e+00 0.00000000000000e+00
 0.00000000000000e+00 0.00000000000000e+00 0.00000000000000e+00 0.00000000000000e+00 0.00000000000000e+00 0.00000000000000e+00 0.00000000000000e+00 0.00000000000000e+00 3.00381208443677e-01 0.00000000000000e+00 0.00000000000000e+00 3.93888357273036e-01 0.00000000000000e+00 0.00000000000000e+00 4.69749076905856e-01 0.00000000000000e+00 0.00000000000000e+00 5.14308865434969e-01 0.00000000000000e+00 0.00000000000000e+00 5.23968034176218e-01 0.00000000000000e+00 0.00000000000000e+00 5.04313518770805e-01 0.00000000000000e+00 0.00000000000000e+00 0.00000000000000e+00 0.00000000000000e+00 0.00000000000000e+00 0.00000000000000e+00 0.00000000000000e+00 0.00000000000000e+00 0.00000000000000e+00 0.00000000000000e+00 0.00000000000000e+00 0.00000000000000e+00 0.00000000000000e+00 0.00000000000000e+00 0.00000000000000e+00 0.00000000000000e+00 0.00000000000000e+00 0.00000000000000e+00 0.00000000000000e+00 0.00000000000000e+00 0.00000000000000e+00 0.00000000000000e+00 0.00000000000000e+00 0.00000000000000e+00 0.00000000000000e+00 1.82527508034969e-03 0.00000000000000e+00 0.00000000000000e+00 4.82271328353183e-03 0.00000000000000e+00 0.00000000000000e+00 1.27103392531178e-02 0.00000000000000e+00 0.00000000000000e+00 3.25623483824819e-02 0.00000000000000e+00 0.00000000000000e+00 7.44217970548215e-02 0.00000000000000e+00 0.00000000000000e+00 0.00000000000000e+00 -1.29081860015739e-02 0.00000000000000e+00 0.00000000000000e+00 0.00000000000000e+00 0.00000000000000e+00 -4.88532814600198e-02 0.00000000000000e+00 0.00000000000000e+00 0.00000000000000e+00 0.00000000000000e+00 -1.25790952493617e-01 0.00000000000000e+00 0.00000000000000e+00 0.00000000000000e+00
 0.00000000000000e+00 0.00000000000000e+00 0.00000000000000e+00 0.00000000000000e+00 0.00000000000000e+00 0.00000000000000e+00 0.00000000000000e+00 0.00000000000000e+00 0.00000000000000e+00 3.00381208443677e-01 0.00000000000000e+00 0.00000000000000e+00 3.93888357273036e-01 0.00000000000000e+00 0.00000000000000e+00 4.69749076905856e-01 0.00000000000000e+00 0.00000000000000e+00 5.14308865434969e-01 0.00000000000000e+00 0.00000000000000e+00 5.23968034176218e-01 0.00000000000000e+00 0.00000000000000e+00 5.04313518770805e-01 0.00000000000000e+00 0.00000000000000e+00 0.00000000000000e+00 0.00000000000000e+00 0.00000000000000e+00 0.00000000000000e+00 0.00000000000000e+00 0.00000000000000e+00 0.00000000000000e+00 0.00000000000000e+00 0.00000000000000e+00 0.00000000000000e+00 0.00000000000000e+00 0.00000000000000e+00 0.00000000000000e+00 0.00000000000000e+00 6.64808784228583e-03 1.00620731957380e-02 1.52291962414429e-02 2.30491134159105e-02 3.48725238474988e-02 5.26124873435150e-02 7.83173267136459e-02 1.12239645054387e-01 0.00000000000000e+00 -3.65034117747227e-03 0.00000000000000e+00 0.00000000000000e+00 -9.63863177964213e-03 0.00000000000000e+00 0.00000000000000e+00 -2.50920272544993e-02 0.00000000000000e+00 0.00000000000000e+00 -5.86313002511029e-02 0.00000000000000e+00 0.00000000000000e+00 -9.98402737291405e-02 0.00000000000000e+00 0.00000000000000e+00 0.00000000000000e+00 2.11826587409623e-02 0.00000000000000e+00 0.00000000000000e+00 0.00000000000000e+00 0.00000000000000e+00 6.07129880292140e-02 0.00000000000000e+00 0.00000000000000e+00 0.00000000000000e+00 0.00000000000000e+00 7.46368285141306e-02 0.00000000000000e+00 0.00000000000000e+00
 0.00000000000000e+00 0.00000000000000e+00 0.00000000000000e+00 0.00000000000000e+00 0.00000000000000e+00 0.00000000000000e+00 0.00000000000000e+00 0.00000000000000e+00 0.00000000000000e+00 0.00000000000000e+00 3.00381208443677e-01 0.00000000000000e+00 0.00000000000000e+00 3.93888357273036e-01 0.00000000000000e+00 0.00000000000000e+00 4.69749076905856e-01 0.00000000000000e+00 0.00000000000000e+00 5.14308865434969e-01 0.00000000000000e+00 0.00000000000000e+00 5.23968034176218e-01 0.00000000000000e+00 0.00000000000000e+00 5.04313518770805e-01 0.00000000000000e+00 0.00000000000000e+00 0.00000000000000e+00 0.00000000000000e+00 0.00000000000000e+00 0.00000000000000e+00 0.00000000000000e+00 0.00000000000000e+00 0.00000000000000e+00 0.00000000000000e+00 0.00000000000000e+00 0.00000000000000e+00 0.00000000000000e+00 0.00000000000000e+00 0.00000000000000e+00 0.00000000000000e+00 0.00000000000000e+00 0.00000000000000e+00 0.00000000000000e+00 0.00000000000000e+00 0.00000000000000e+00 0.00000000000000e+00 0.00000000000000e+00 0.00000000000000e+00 0.00000000000000e+00 1.82527508034969e-03 0.00000000000000e+00 0.00000000000000e+00 4.82271328353183e-03 0.00000000000000e+00 0.00000000000000e+00 1.27103392531178e-02 0.00000000000000e+00 0.00000000000000e+00 3.25623483824819e-02 0.00000000000000e+00 0.00000000000000e+00 7.44217970548215e-02 0.00000000000000e+00 0.00000000000000e+00 0.00000000000000e+00 -1.29081860015739e-02 0.00000000000000e+00 0.00000000000000e+00 0.00000000000000e+00 0.00000000000000e+00 -4.88532814600198e-02 0.00000000000000e+00 0.00000000000000e+00 0.00000000000000e+00 0.00000000000000e+00 -1.25790952493617e-01 0.00000000000000e+00
 0.00000000000000e+00 0.00000000000000e+00 0.00000000000000e+00 0.00000000000000e+00 0.00000000000000e+00 0.00000000000000e+00 0.00000000000000e+00 0.00000000000000e+00 3.93888357273036e-01 0.00000000000000e+00 0.00000000000000e+00 5.69827712179720e-01 0.00000000000000e+00 0.00000000000000e+00 7.47212192939843e-01 0.00000000000000e+00 0.00000000000000e+00 8.91121129642799e-01 0.00000000000000e+00 0.00000000000000e+00 9.75651724896454e-01 0.00000000000000e+00 0.00000000000000e+00 9.93975314623991e-01 0.00000000000000e+00 0.00000000000000e+00 0.00000000000000e+00 0.00000000000000e+00 0.00000000000000e+00 0.00000000000000e+00 0.00000000000000e+00 0.00000000000000e+00 0.00000000000000e+00 0.00000000000000e+00 0.00000000000000e+00 0.00000000000000e+00 0.00000000000000e+00 0.00000000000000e+00 0.00000000000000e+00 0.00000000000000e+00 0.00000000000000e+00 0.00000000000000e+00 0.00000000000000e+00 0.00000000000000e+00 0.00000000000000e+00 0.00000000000000e+00 0.00000000000000e+00 0.00000000000000e+00 0.00000000000000e+00 4.06248867929308e-03 0.00000000000000e+00 0.00000000000000e+00 1.07287280805545e-02 0.00000000000000e+00 0.00000000000000e+00 2.82029482364228e-02 0.00000000000000e+00 0.00000000000000e+00 7.16951199019999e-02 0.00000000000000e+00 0.00000000000000e+00 1.62349740682018e-01 0.00000000000000e+00 0.00000000000000e+00 0.00000000000000e+00 -2.82477316745478e-02 0.00000000000000e+00 0.00000000000000e+00 0.00000000000000e+00 0.00000000000000e+00 -1.04352926149747e-01 0.00000000000000e+00 0.00000000000000e+00 0.00000000000000e+00 0.00000000000000e+00 -2.65371583872818e-01 0.00000000000000e+00 0.00000000000000e+00 0.00000000000000e+00
 0.00000000000000e+00 0.00000000000000e+00 0.00000000000000e+00 0.00000000000000e+00 0.00000000000000e+00 0.00000000000000e+00 0.00000000000000e+00 0.00000000000000e+00 0.00000000000000e+00 3.93888357273036e-01 0.00000000000000e+00 0.00000000000000e+00 5.69827712179720e-01 0.00000000000000e+00 0.00000000000000e+00 7.47212192939843e-01 0.00000000000000e+00 0.00000000000000e+00 8.91121129642798e-01 0.00000000000000e+00 0.00000000000000e+00 9.75651724896454e-01 0.00000000000000e+00 0.00000000000000e+00 9.93975314623991e-01 0.00000000000000e+00 0.00000000000000e+00 0.00000000000000e+00 0.00000000000000e+00 0.00000000000000e+00 0.00000000000000e+00 0.00000000000000e+00 0.00000000000000e+00 0.00000000000000e+00 0.00000000000000e+00 0.00000000000000e+00 0.00000000000000e+00 0.00000000000000e+00 0.00000000000000e+00 0.00000000000000e+00 0.00000000000000e+00 1.47983886417578e-02 2.23971121924259e-02 3.38961208459289e-02 5.12901507619623e-02 7.75438846610151e-02 1.16740038109555e-01 1.73007393093474e-01 2.46478869646677e-01 0.00000000000000e+00 -8.11035068166709e-03 0.00000000000000e+00 0.00000000000000e+00 -2.13518195645236e-02 0.00000000000000e+00 0.00000000000000e+00 -5.49085530148406e-02 0.00000000000000e+00 0.00000000000000e+00 -1.25022405773072e-01 0.00000000000000e+00 0.00000000000000e+00 -2.07478945031449e-01 0.00000000000000e+00 0.00000000000000e+00 0.00000000000000e+00 4.45366707121281e-02 0.00000000000000e+00 0.00000000000000e+00 0.00000000000000e+00 0.00000000000000e+00 1.20667126977463e-01 0.00000000000000e+00 0.00000000000000e+00 0.00000000000000e+00 0.00000000000000e+00 1.39965283415758e-01 0.00000000000000e+00 0.00000000000000e+00
 0.00000000000000e+00 0.00000000000000e+00 0.00000000000000e+00 0.00000000000000e+00 0.00000000000000e+00 0.00000000000000e+00 0.00000000000000e+00 0.00000000000000e+00 0.00000000000000e+00 0.00000000000000e+00 3.93888357273036e-01 0.00000000000000e+00 0.00000000000000e+00 5.69827712179720e-01 0.00000000000000e+00 0.00000000000000e+00 7.47212192939843e-01 0.00000000000000e+00 0.00000000000000e+00 8.91121129642799e-01 0.00000000000000e+00 0.00000000000000e+00 9.75651724896454e-01 0.00000000000000e+00 0.00000000000000e+00 9.93975314623991e-01 0.00000000000000e+00 0.00000000000000e+00 0.00000000000000e+00 0.00000000000000e+00 0.00000000000000e+00 0.00000000000000e+00 0.00000000000000e+00 0.00000000000000e+00 0.00000000000000e+00 0.00000000000000e+00 0.00000000000000e+00 0.00000000000000e+00 0.00000000000000e+00 0.00000000000000e+00 0.00000000000000e+00 0.00000000000000e+00 0.00000000000000e+00 0.00000000000000e+00 0.00000000000000e+00 0.00000000000000e+00 0.00000000000000e+00 0.00000000000000e+00 0.00000000000000e+00 0.00000000000000e+00 0.00000000000000e+00 4.06248867929308e-03 0.00000000000000e+00 0.00000000000000e+00 1.07287280805545e-02 0.00000000000000e+00 0.00000000000000e+00 2.82029482364228e-02 0.00000000000000e+00 0.00000000000000e+00 7.16951199019999e-02 0.00000000000000e+00 0.00000000000000e+00 1.62349740682018e-01 0.00000000000000e+00 0.00000000000000e+00 0.00000000000000e+00 -2.82477316745478e-02 0.00000000000000e+00 0.00000000000000e+00 0.00000000000000e+00 0.00000000000000e+00 -1.04352926149747e-01 0.00000000000000e+00 0.00000000000000e+00 0.00000000000000e+00 0.00000000000000e+00 -2.65371583872818e-01 0.00000000000000e+00
 0.00000000000000e+00 0.00000000000000e+00 0.00000000000000e+00 0.00000000000000e+00 0.00000000000000e+00 0.00000000000000e+00 0.00000000000000e+00 0.00000000000000e+00 4.69749076905856e-01 0.00000000000000e+00 0.00000000000000e+00 7.47212192939843e-01 0.00000000000000e+00 0.00000000000000e+00 1.08097181994278e+00 0.00000000000000e+00 0.00000000000000e+00 1.41747287262658e+00 0.00000000000000e+00 0.00000000000000e+00 1.69047031007792e+00 0.00000000000000e+00 0.00000000000000e+00 1.85082613244159e+00 0.00000000000000e+00 0.00000000000000e+00 0.00000000000000e+00 0.00000000000000e+00 0.00000000000000e+00 0.00000000000000e+00 0.00000000000000e+00 0.00000000000000e+00 0.00000000000000e+00 0.00000000000000e+00 0.00000000000000e+00 0.00000000000000e+00 0.00000000000000e+00 0.00000000000000e+00 0.00000000000000e+00 0.00000000000000e+00 0.00000000000000e+00 0.00000000000000e+00 0.00000000000000e+00 0.00000000000000e+00 0.00000000000000e+00 0.00000000000000e+00 0.00000000000000e+00 0.00000000000000e+00 0.00000000000000e+00 8.99938343453715e-03 0.00000000000000e+00 0.00000000000000e+00 2.37105637625577e-02 0.00000000000000e+00 0.00000000000000e+00 6.19002061078012e-02 0.00000000000000e+00 0.00000000000000e+00 1.55170347542482e-01 0.00000000000000e+00 0.00000000000000e+00 3.46604088739603e-01 0.00000000000000e+00 0.00000000000000e+00 0.00000000000000e+00 -5.95635633319928e-02 0.00000000000000e+00 0.00000000000000e+00 0.00000000000000e+00 0.00000000000000e+00 -2.12592831016408e-01 0.00000000000000e+00 0.00000000000000e+00 0.00000000000000e+00 0.00000000000000e+00 -5.33699100934275e-01 0.00000000000000e+00 0.00000000000000e+00 0.00000000000000e+00
 0.00000000000000e+00 0.00000000000000e+00 0.00000000000000e+00 0.00000000000000e+00 0.00000000000000e+00 0.00000000000000e+00 0.00000000000000e+00 0.00000000000000e+00 0.00000000000000e+00 4.69749076905856e-01 0.00000000000000e+00 0.00000000000000e+00 7.47212192939843e-01 0.00000000000000e+00 0.00000000000000e+00 1.08097181994278e+00 0.00000000000000e+00 0.00000000000000e+00 1.41747287262658e+00 0.00000000000000e+00 0.00000000000000e+00 1.69047031007792e+00 0.00000000000000e+00 0.00000000000000e+00 1.85082613244159e+00 0.00000000000000e+00 0.00000000000000e+00 0.00000000000000e+00 0.00000000000000e+00 0.00000000000000e+00 0.00000000000000e+00 0.00000000000000e+00 0.00000000000000e+00 0.00000000000000e+00 0.00000000000000e+00 0.00000000000000e+00 0.00000000000000e+00 0.00000000000000e+00 0.00000000000000e+00 0.00000000000000e+00 0.00000000000000e+00 3.28169172553622e-02 4.96532161057588e-02 7.51026626401424e-02 1.13506046893041e-01 1.71161492605588e-01 2.56336712199135e-01 3.76722328418222e-01 5.31559844343976e-01 0.00000000000000e+00 -1.76026763731492e-02 0.00000000000000e+00 0.00000000000000e+00 -4.58516277856385e-02 0.00000000000000e+00 0.00000000000000e+00 -1.14885644118810e-01 0.00000000000000e+00 0.00000000000000e+00 -2.51149869623477e-01 0.00000000000000e+00 0.00000000000000e+00 -4.01631838940362e-01 0.00000000000000e+00 0.00000000000000e+00 0.00000000000000e+00 8.46641576183611e-02 0.00000000000000e+00 0.00000000000000e+00 0.00000000000000e+00 0.00000000000000e+00 2.12366635041232e-01 0.00000000000000e+00 0.00000000000000e+00 0.00000000000000e+00 0.00000000000000e+00 2.22256423775169e-01 0.00000000000000e+00 0.00000000000000e+00
 0.00000000000000e+00 0.00000000000000e+00 0.00000000000000e+00 0.00000000000000e+00 0.00000000000000e+00 0.00000000000000e+00 0.00000000000000e+00 0.00000000000000e+00 0.00000000000000e+00 0.00000000000000e+00 4.69749076905856e-01 0.00000000000000e+00 0.00000000000000e+00 7.47212192939843e-01 0.00000000000000e+00 0.00000000000000e+00 1.08097181994278e+00 0.00000000000000e+00 0.00000000000000e+00 1.41747287262658e+00 0.00000000000000e+00 0.00000000000000e+00 1.69047031007792e+00 0.00000000000000e+00 0.00000000000000e+00 1.85082613244159e+00 0.00000000000000e+00 0.00000000000000e+00 0.00000000000000e+00 0.00000000000000e+00 0.00000000000000e+00 0.00000000000000e+00 0.00000000000000e+00 0.00000000000000e+00 0.00000000000000e+00 0.00000000000000e+00 0.00000000000000e+00 0.00000000000000e+00 0.00000000000000e+00 0.00000000000000e+00 0.00000000000000e+00 0.00000000000000e+00 0.00000000000000e+00 0.00000000000000e+00 0.00000000000000e+00 0.00000000000000e+00 0.00000000000000e+00 0.00000000000000e+00 0.00000000000000e+00 0.00000000000000e+00 0.00000000000000e+00 8.99938343453715e-03 0.00000000000000e+00 0.00000000000000e+00 2.37105637625577e-02 0.00000000000000e+00 0.00000000000000e+00 6.19002061078012e-02 0.00000000000000e+00 0.00000000000000e+00 1.55170347542482e-01 0.00000000000000e+00 0.00000000000000e+00 3.46604088739603e-01 0.00000000000000e+00 0.00000000000000e+00 0.00000000000000e+00 -5.95635633319928e-02 0.00000000000000e+00 0.00000000000000e+00 0.00000000000000e+00 0.00000000000000e+00 -2.12592831016408e-01 0.00000000000000e+00 0.00000000000000e+00 0.00000000000000e+00 0.00000000000000e+00 -5.33699100934275e-01 0.00000000000000e+00
 0.00000000000000e+00 0.00000000000000e+00 0.00000000000000e+00 0.00000000000000e+00 0.00000000000000e+00 0.00000000000000e+00 0.00000000000000e+00 0.00000000000000e+00 5.14308865434969e-01 0.00000000000000e+00 0.00000000000000e+00 8.91121129642799e-01 0.00000000000000e+00 0.00000000000000e+00 1.41747287262658e+00 0.00000000000000e+00 0.00000000000000e+00 2.05061995149485e+00 0.00000000000000e+00 0.00000000000000e+00 2.68896755649435e+00 0.00000000000000e+00 0.00000000000000e+00 3.20684783941823e+00 0.00000000000000e+00 0.00000000000000e+00 0.00000000000000e+00 0.00000000000000e+00 0.00000000000000e+00 0.00000000000000e+00 0.00000000000000e+00 0.00000000000000e+00 0.00000000000000e+00 0.00000000000000e+00 0.00000000000000e+00 0.00000000000000e+00 0.00000000000000e+00 0.00000000000000e+00 0.00000000000000e+00 0.00000000000000e+00 0.00000000000000e+00 0.00000000000000e+00 0.00000000000000e+00 0.00000000000000e+00 0.00000000000000e+00 0.00000000000000e+00 0.00000000000000e+00 0.00000000000000e+00 0.00000000000000e+00 1.93433375516695e-02 0.00000000000000e+00 0.00000000000000e+00 5.06776792304254e-02 0.00000000000000e+00 0.00000000000000e+00 1.30731275500358e-01 0.00000000000000e+00 0.00000000000000e+00 3.21746366000828e-01 0.00000000000000e+00 0.00000000000000e+00 7.08529713087789e-01 0.00000000000000e+00 0.00000000000000e+00 0.00000000000000e+00 -1.14388060228251e-01 0.00000000000000e+00 0.00000000000000e+00 0.00000000000000e+00 0.00000000000000e+00 -3.95039741979850e-01 0.00000000000000e+00 0.00000000000000e+00 0.00000000000000e+00 0.00000000000000e+00 -9.88583702869674e-01 0.00000000000000e+00 0.00000000000000e+00 0.00000000000000e+00
 0.00000000000000e+00 0.00000000000000e+00 0.00000000000000e+00 0.00000000000000e+00 0.00000000000000e+00 0.00000000000000e+00 0.00000000000000e+00 0.00000000000000e+00 0.00000000000000e+00 5.14308865434969e-01 0.00000000000000e+00 0.00000000000000e+00 8.91121129642798e-01 0.00000000000000e+00 0.00000000000000e+00 1.41747287262658e+00 0.00000000000000e+00 0.00000000000000e+00 2.05061995149485e+00 0.00000000000000e+00 0.00000000000000e+00 2.68896755649435e+00 0.00000000000000e+00 0.00000000000000e+00 3.20684783941823e+00 0.00000000000000e+00 0.00000000000000e+00 0.00000000000000e+00 0.00000000000000e+00 0.00000000000000e+00 0.00000000000000e+00 0.00000000000000e+00 0.00000000000000e+00 0.00000000000000e+00 0.00000000000000e+00 0.00000000000000e+00 0.00000000000000e+00 0.00000000000000e+00 0.00000000000000e+00 0.00000000000000e+00 0.00000000000000e+00 7.07655290695479e-02 1.06969722976450e-01 1.61523902354920e-01 2.43381900687883e-01 3.65062888882148e-01 5.42061065848595e-01 7.87555946394940e-01 1.09859897530709e+00 0.00000000000000e+00 -3.43296092251439e-02 0.00000000000000e+00 0.00000000000000e+00 -8.77873102085053e-02 0.00000000000000e+00 0.00000000000000e+00 -2.12388281154533e-01 0.00000000000000e+00 0.00000000000000e+00 -4.43090372267895e-01 0.00000000000000e+00 0.00000000000000e+00 -6.78007668697745e-01 0.00000000000000e+00 0.00000000000000e+00 0.00000000000000e+00 1.30013317676071e-01 0.00000000000000e+00 0.00000000000000e+00 0.00000000000000e+00 0.00000000000000e+00 2.98225914977074e-01 0.00000000000000e+00 0.00000000000000e+00 0.00000000000000e+00 0.00000000000000e+00 2.48767266001173e-01 0.00000000000000e+00 0.00000000000000e+00
 0.00000000000000e+00 0.00000000000000e+00 0.00000000000000e+00 0.00000000000000e+00 0.00000000000000e+00 0.00000000000000e+00 0.00000000000000e+00 0.00000000000000e+00 0.00000000000000e+00 0.00000000000000e+00 5.14308865434969e-01 0.00000000000000e+00 0.00000000000000e+00 8.91121129642799e-01 0.00000000000000e+00 0.00000000000000e+00 1.41747287262658e+00 0.00000000000000e+00 0.00000000000000e+00 2.05061995149485e+00 0.00000000000000e+00 0.00000000000000e+00 2.68896755649435e+00 0.00000000000000e+00 0.00000000000000e+00 3.20684783941823e+00 0.00000000000000e+00 0.00000000000000e+00 0.00000000000000e+00 0.00000000000000e+00 0.00000000000000e+00 0.00000000000000e+00 0.00000000000000e+00 0.00000000000000e+00 0.00000000000000e+00 0.00000000000000e+00 0.00000000000000e+00 0.00000000000000e+00 0.00000000000000e+00 0.00000000000000e+00 0.00000000000000e+00 0.00000000000000e+00 0.00000000000000e+00 0.00000000000000e+00 0.00000000000000e+00 0.00000000000000e+00 0.00000000000000e+00 0.00000000000000e+00 0.00000000000000e+00 0.00000000000000e+00 0.00000000000000e+00 1.93433375516695e-02 0.00000000000000e+00 0.00000000000000e+00 5.06776792304254e-02 0.00000000000000e+00 0.00000000000000e+00 1.30731275500358e-01 0.00000000000000e+00 0.00000000000000e+00 3.21746366000828e-01 0.00000000000000e+00 0.00000000000000e+00 7.08529713087789e-01 0.00000000000000e+00 0.00000000000000e+00 0.00000000000000e+00 -1.14388060228251e-01 0.00000000000000e+00 0.00000000000000e+00 0.00000000000000e+00 0.00000000000000e+00 -3.95039741979850e-01 0.00000000000000e+00 0.00000000000000e+00 0.00000000000000e+00 0.00000000000000e+00 -9.88583702869674e-01 0.00000000000000e+00
 0.00000000000000e+00 0.00000000000000e+00 0.00000000000000e+00 0.00000000000000e+00 0.00000000000000e+00 0.00000000000000e+00 0.00000000000000e+00 0.00000000000000e+00 5.23968034176218e-01 0.00000000000000e+00 0.00000000000000e+00 9.75651724896454e-01 0.00000000000000e+00 0.00000000000000e+00 1.69047031007792e+00 0.00000000000000e+00 0.00000000000000e+00 2.68896755649435e+00 0.00000000000000e+00 0.00000000000000e+00 3.89005717622811e+00 0.00000000000000e+00 0.00000000000000e+00 5.10101227297637e+00 0.00000000000000e+00 0.00000000000000e+00 0.00000000000000e+00 0.00000000000000e+00 0.00000000000000e+00 0.00000000000000e+00 0.00000000000000e+00 0.00000000000000e+00 0.00000000000000e+00 0.00000000000000e+00 0.00000000000000e+00 0.00000000000000e+00 0.00000000000000e+00 0.00000000000000e+00 0.00000000000000e+00 0.00000000000000e+00 0.00000000000000e+00 0.00000000000000e+00 0.00000000000000e+00 0.00000000000000e+00 0.00000000000000e+00 0.00000000000000e+00 0.00000000000000e+00 0.00000000000000e+00 0.00000000000000e+00 3.80706182193747e-02 0.00000000000000e+00 0.00000000000000e+00 9.91116329965661e-02 0.00000000000000e+00 0.00000000000000e+00 2.52776897542758e-01 0.00000000000000e+00 0.00000000000000e+00 6.13350503465910e-01 0.00000000000000e+00 0.00000000000000e+00 1.34252492038049e+00 0.00000000000000e+00 0.00000000000000e+00 0.00000000000000e+00 -1.86528543526742e-01 0.00000000000000e+00 0.00000000000000e+00 0.00000000000000e+00 0.00000000000000e+00 -6.34740011927988e-01 0.00000000000000e+00 0.00000000000000e+00 0.00000000000000e+00 0.00000000000000e+00 -1.61809729499240e+00 0.00000000000000e+00 0.00000000000000e+00 0.00000000000000e+00
 0.00000000000000e+00 0.00000000000000e+00 0.00000000000000e+00 0.00000000000000e+00 0.00000000000000e+00 0.00000000000000e+00 0.00000000000000e+00 0.00000000000000e+00 0.00000000000000e+00 5.23968034176218e-01 0.00000000000000e+00 0.00000000000000e+00 9.75651724896454e-01 0.00000000000000e+00 0.00000000000000e+00 1.69047031007792e+00 0.00000000000000e+00 0.00000000000000e+00 2.68896755649435e+00 0.00000000000000e+00 0.00000000000000e+00 3.89005717622811e+00 0.00000000000000e+00 0.00000000000000e+00 5.10101227297637e+00 0.00000000000000e+00 0.00000000000000e+00 0.00000000000000e+00 0.00000000000000e+00 0.00000000000000e+00 0.00000000000000e+00 0.00000000000000e+00 0.00000000000000e+00 0.00000000000000e+00 0.00000000000000e+00 0.00000000000000e+00 0.00000000000000e+00 0.00000000000000e+00 0.00000000000000e+00 0.00000000000000e+00 0.00000000000000e+00 1.39848780431929e-01 2.11137244992338e-01 3.18149522354685e-01 4.77708686677096e-01 7.12568464006797e-01 1.04969033026748e+00 1.51109853173224e+00 2.09232841180157e+00 0.00000000000000e+00 -5.27562460299885e-02 0.00000000000000e+00 0.00000000000000e+00 -1.32519691221733e-01 0.00000000000000e+00 0.00000000000000e+00 -3.10796434426048e-01 0.00000000000000e+00 0.00000000000000e+00 -6.21769668991416e-01 0.00000000000000e+00 0.00000000000000e+00 -9.00173570154521e-01 0.00000000000000e+00 0.00000000000000e+00 0.00000000000000e+00 1.41357036446323e-01 0.00000000000000e+00 0.00000000000000e+00 0.00000000000000e+00 0.00000000000000e+00 2.84761899964784e-01 0.00000000000000e+00 0.00000000000000e+00 0.00000000000000e+00 0.00000000000000e+00 7.15292856556871e-02 0.00000000000000e+00 0.00000000000000e+00
 0.00000000000000e+00 0.00000000000000e+00 0.00000000000000e+00 0.00000000000000e+00 0.00000000000000e+00 0.00000000000000e+00 0.00000000000000e+00 0.00000000000000e+00 0.00000000000000e+00 0.00000000000000e+00 5.23968034176218e-01 0.00000000000000e+00 0.00000000000000e+00 9.75651724896454e-01 0.00000000000000e+00 0.00000000000000e+00 1.69047031007792e+00 0.00000000000000e+00 0.00000000000000e+00 2.68896755649435e+00 0.00000000000000e+00 0.00000000000000e+00 3.89005717622811e+00 0.00000000000000e+00 0.00000000000000e+00 5.10101227297637e+00 0.00000000000000e+00 0.00000000000000e+00 0.00000000000000e+00 0.00000000000000e+00 0.00000000000000e+00 0.00000000000000e+00 0.00000000000000e+00 0.00000000000000e+00 0.00000000000000e+00 0.00000000000000e+00 0.00000000000000e+00 0.00000000000000e+00 0.00000000000000e+00 0.00000000000000e+00 0.00000000000000e+00 0.00000000000000e+00 0.00000000000000e+00 0.00000000000000e+00 0.00000000000000e+00 0.00000000000000e+00 0.00000000000000e+00 0.00000000000000e+00 0.00000000000000e+00 0.00000000000000e+00 0.00000000000000e+00 3.80706182193747e-02 0.00000000000000e+00 0.00000000000000e+00 9.91116329965661e-02 0.00000000000000e+00 0.00000000000000e+00 2.52776897542758e-01 0.00000000000000e+00 0.00000000000000e+00 6.13350503465910e-01 0.00000000000000e+00 0.00000000000000e+00 1.34252492038049e+00 0.00000000000000e+00 0.00000000000000e+00 0.00000000000000e+00 -1.86528543526742e-01 0.00000000000000e+00 0.00000000000000e+00 0.00000000000000e+00 0.00000000000000e+00 -6.34740011927988e-01 0.00000000000000e+00 0.00000000000000e+00 0.00000000000000e+00 0.00000000000000e+00 -1.61809729499240e+00 0.00000000000000e+00
 0.00000000000000e+00 0.00000000000000e+00 0.00000000000000e+00 0.00000000000000e+00 0.00000000000000e+00 0.00000000000000e+00 0.00000000000000e+00 0.00000000000000e+00 5.04313518770805e-01 0.00000000000000e+00 0.00000000000000e+00 9.93975314623991e-01 0.00000000000000e+00 0.00000000000000e+00 1.85082613244159e+00 0.00000000000000e+00 0.00000000000000e+00 3.20684783941823e+00 0.00000000000000e+00 0.00000000000000e+00 5.10101227297637e+00 0.00000000000000e+00 0.00000000000000e+00 7.37949751405305e+00 0.00000000000000e+00 0.00000000000000e+00 0.00000000000000e+00 0.00000000000000e+00 0.00000000000000e+00 0.00000000000000e+00 0.00000000000000e+00 0.00000000000000e+00 0.00000000000000e+00 0.00000000000000e+00 0.00000000000000e+00 0.00000000000000e+00 0.00000000000000e+00 0.00000000000000e+00 0.00000000000000e+00 0.00000000000000e+00 0.00000000000000e+00 0.00000000000000e+00 0.00000000000000e+00 0.00000000000000e+00 0.00000000000000e+00 0.00000000000000e+00 0.00000000000000e+00 0.00000000000000e+00 0.00000000000000e+00 6.48271511179818e-02 0.00000000000000e+00 0.00000000000000e+00 1.68228967786852e-01 0.00000000000000e+00 0.00000000000000e+00 4.27030624176845e-01 0.00000000000000e+00 0.00000000000000e+00 1.03338458860982e+00 0.00000000000000e+00 0.00000000000000e+00 2.28181766846892e+00 0.00000000000000e+00 0.00000000000000e+00 0.00000000000000e+00 -2.46925308248794e-01 0.00000000000000e+00 0.00000000000000e+00 0.00000000000000e+00 0.00000000000000e+00 -8.48233206955778e-01 0.00000000000000e+00 0.00000000000000e+00 0.00000000000000e+00 0.00000000000000e+00 -2.25975091259348e+00 0.00000000000000e+00 0.00000000000000e+00 0.00000000000000e+00
