A:
 9.99999999999992e-01 9.69779845747376e-01 8.85578309126846e-01 7.64155432187068e-01 6.26355770178935e-01 4.90789225967088e-01 3.70101675696856e-01 2.70358165024179e-01 0.00000000000000e+00 0.00000000000000e+00 0.00000000000000e+00 0.00000000000000e+00 0.00000000000000e+00 0.00000000000000e+00 0.00000000000000e+00 0.00000000000000e+00 0.00000000000000e+00 0.00000000000000e+00 0.00000000000000e+00 0.00000000000000e+00 0.00000000000000e+00 0.00000000000000e+00 0.00000000000000e+00 0.00000000000000e+00 0.00000000000000e+00 0.00000000000000e+00 0.00000000000000e+00 0.00000000000000e+00 0.00000000000000e+00 0.00000000000000e+00 0.00000000000000e+00 0.00000000000000e+00 0.00000000000000e+00 0.00000000000000e+00 0.00000000000000e+00 0.00000000000000e+00 0.00000000000000e+00 0.00000000000000e+00 0.00000000000000e+00 0.00000000000000e+00 0.00000000000000e+00 1.81186349891548e-13 3.97544111370747e-12 6.91039211485740e-10 7.56338550135448e-08 2.99223615199236e-06 4.77184269088826e-05 3.65825004492767e-04 1.58058372659889e-03 0.00000000000000e+00 -1.15734296389894e-09 0.00000000000000e+00 0.00000000000000e+00 -9.53924126906578e-07 0.00000000000000e+00 0.00000000000000e+00 -1.00071794923244e-04 0.00000000000000e+00 0.00000000000000e+00 -1.91006739238381e-03 0.00000000000000e+00 0.00000000000000e+00 -1.07285063569663e-02 0.00000000000000e+00 0.00000000000000e+00 0.00000000000000e+00 4.14752518059722e-04 0.00000000000000e+00 0.00000000000000e+00 0.00000000000000e+00 0.00000000000000e+00 7.60611319255441e-03 0.00000000000000e+00 0.00000000000000e+00 0.00000000000000e+00 0.00000000000000e+00 3.14382712802217e-02 0.00000000000000e+00 0.00000000000000e+00
 9.69779845747376e-01 9.99999999999993e-01 9.69779845747378e-01 8.85578309126848e-01 7.64155432187063e-01 6.26355770178938e-01 4.90789225967087e-01 3.70101675696859e-01 0.00000000000000e+00 0.00000000000000e+00 0.00000000000000e+00 0.00000000000000e+00 0.00000000000000e+00 0.00000000000000e+00 0.00000000000000e+00 0.00000000000000e+00 0.00000000000000e+00 0.00000000000000e+00 0.00000000000000e+00 0.00000000000000e+00 0.00000000000000e+00 0.00000000000000e+00 0.00000000000000e+00 0.00000000000000e+00 0.00000000000000e+00 0.00000000000000e+00 0.00000000000000e+00 0.00000000000000e+00 0.00000000000000e+00 0.00000000000000e+00 0.00000000000000e+00 0.00000000000000e+00 0.00000000000000e+00 0.00000000000000e+00 0.00000000000000e+00 0.00000000000000e+00 0.00000000000000e+00 0.00000000000000e+00 0.00000000000000e+00 0.00000000000000e+00 0.00000000000000e+00 1.62531590870889e-10 5.47543638851757e-10 6.18469093866378e-09 2.22545048084418e-07 6.14220775436044e-06 8.44839721728257e-05 6.03704405071987e-04 2.51687045608214e-03 0.00000000000000e+00 -1.52103860997088e-08 0.00000000000000e+00 0.00000000000000e+00 -2.50752362340635e-06 0.00000000000000e+00 0.00000000000000e+00 -1.82361571331847e-04 0.00000000000000e+00 0.00000000000000e+00 -3.10283910793505e-03 0.00000000000000e+00 0.00000000000000e+00 -1.67192475488255e-02 0.00000000000000e+00 0.00000000000000e+00 0.00000000000000e+00 7.29807357668678e-04 0.00000000000000e+00 0.00000000000000e+00 0.00000000000000e+00 0.00000000000000e+00 1.20155674607671e-02 0.00000000000000e+00 0.00000000000000e+00 0.00000000000000e+00 0.00000000000000e+00 4.80814829169162e-02 0.00000000000000e+00 0.00000000000000e+00
 8.85578309126846e-01 9.69779845747378e-01 9.99999999999990e-01 9.69779845747378e-01 8.85578309126846e-01 7.64155432187066e-01 6.26355770178937e-01 4.90789225967090e-01 0.00000000000000e+00 0.00000000000000e+00 0.00000000000000e+00 0.00000000000000e+00 0.00000000000000e+00 0.00000000000000e+00 0.00000000000000e+00 0.00000000000000e+00 0.00000000000000e+00 0.00000000000000e+00 0.00000000000000e+00 0.00000000000000e+00 0.00000000000000e+00 0.00000000000000e+00 0.00000000000000e+00 0.00000000000000e+00 0.00000000000000e+00 0.00000000000000e+00 0.00000000000000e+00 0.00000000000000e+00 0.00000000000000e+00 0.00000000000000e+00 0.00000000000000e+00 0.00000000000000e+00 0.00000000000000e+00 0.00000000000000e+00 0.00000000000000e+00 0.00000000000000e+00 0.00000000000000e+00 0.00000000000000e+00 0.00000000000000e+00 0.00000000000000e+00 0.00000000000000e+00 3.30753664615626e-08 6.96595033753029e-08 2.12958708914681e-07 1.41589956175918e-06 1.69711012475292e-05 1.69536552371432e-04 1.05541903887718e-03 4.11866966076546e-03 0.00000000000000e+00 -5.02895520179750e-07 0.00000000000000e+00 0.00000000000000e+00 -1.10843530141323e-05 0.00000000000000e+00 0.00000000000000e+00 -3.82553581876037e-04 0.00000000000000e+00 0.00000000000000e+00 -5.24781185648219e-03 0.00000000000000e+00 0.00000000000000e+00 -2.62890809089055e-02 0.00000000000000e+00 0.00000000000000e+00 0.00000000000000e+00 1.41449594307499e-03 0.00000000000000e+00 0.00000000000000e+00 0.00000000000000e+00 0.00000000000000e+00 1.92848969518638e-02 0.00000000000000e+00 0.00000000000000e+00 0.00000000000000e+00 0.00000000000000e+00 7.31319580819304e-02 0.00000000000000e+00 0.00000000000000e+00
 7.64155432187068e-01 8.85578309126848e-01 9.69779845747378e-01 9.99999999999993e-01 9.69779845747376e-01 8.85578309126845e-01 7.64155432187061e-01 6.26355770178936e-01 0.00000000000000e+00 0.00000000000000e+00 0.00000000000000e+00 0.00000000000000e+00 0.00000000000000e+00 0.00000000000000e+00 0.00000000000000e+00 0.00000000000000e+00 0.00000000000000e+00 0.00000000000000e+00 0.00000000000000e+00 0.00000000000000e+00 0.00000000000000e+00 0.00000000000000e+00 0.00000000000000e+00 0.00000000000000e+00 0.00000000000000e+00 0.00000000000000e+00 0.00000000000000e+00 0.00000000000000e+00 0.00000000000000e+00 0.00000000000000e+00 0.00000000000000e+00 0.00000000000000e+00 0.00000000000000e+00 0.00000000000000e+00 0.00000000000000e+00 0.00000000000000e+00 0.00000000000000e+00 0.00000000000000e+00 0.00000000000000e+00 0.00000000000000e+00 0.00000000000000e+00 1.78021974504498e-06 3.15240837514287e-06 6.43444651164760e-06 1.76080658327010e-05 7.62791739353317e-05 4.26048005309772e-04 2.04143616392244e-03 7.05941237548234e-03 0.00000000000000e+00 -1.13402815607982e-05 0.00000000000000e+00 0.00000000000000e+00 -7.75679105901743e-05 0.00000000000000e+00 0.00000000000000e+00 -9.88262141567819e-04 0.00000000000000e+00 0.00000000000000e+00 -9.42341647016562e-03 0.00000000000000e+00 0.00000000000000e+00 -4.18149490901866e-02 0.00000000000000e+00 0.00000000000000e+00 0.00000000000000e+00 3.08559255538849e-03 0.00000000000000e+00 0.00000000000000e+00 0.00000000000000e+00 0.00000000000000e+00 3.14366256525058e-02 0.00000000000000e+00 0.00000000000000e+00 0.00000000000000e+00 0.00000000000000e+00 1.09822808000307e-01 0.00000000000000e+00 0.00000000000000e+00
 6.26355770178935e-01 7.64155432187063e-01 8.85578309126846e-01 9.69779845747376e-01 9.99999999999991e-01 9.69779845747375e-01 8.85578309126850e-01 7.64155432187059e-01 0.00000000000000e+00 0.00000000000000e+00 0.00000000000000e+00 0.00000000000000e+00 0.00000000000000e+00 0.00000000000000e+00 0.00000000000000e+00 0.00000000000000e+00 0.00000000000000e+00 0.00000000000000e+00 0.00000000000000e+00 0.00000000000000e+00 0.00000000000000e+00 0.00000000000000e+00 0.00000000000000e+00 0.00000000000000e+00 0.00000000000000e+00 0.00000000000000e+00 0.00000000000000e+00 0.00000000000000e+00 0.00000000000000e+00 0.00000000000000e+00 0.00000000000000e+00 0.00000000000000e+00 0.00000000000000e+00 0.00000000000000e+00 0.00000000000000e+00 0.00000000000000e+00 0.00000000000000e+00 0.00000000000000e+00 0.00000000000000e+00 0.00000000000000e+00 0.00000000000000e+00 3.33017116163669e-05 5.45059296809168e-05 9.50393164415442e-05 1.86705363234711e-04 4.51663876519281e-04 1.38429820579903e-03 4.54375847417810e-03 1.29382792352092e-02 0.00000000000000e+00 -1.22424250966160e-04 0.00000000000000e+00 0.00000000000000e+00 -5.00285800120287e-04 0.00000000000000e+00 0.00000000000000e+00 -2.96757439197013e-03 0.00000000000000e+00 0.00000000000000e+00 -1.79602530878681e-02 0.00000000000000e+00 0.00000000000000e+00 -6.69814332834400e-02 0.00000000000000e+00 0.00000000000000e+00 0.00000000000000e+00 7.08576827901729e-03 0.00000000000000e+00 0.00000000000000e+00 0.00000000000000e+00 0.00000000000000e+00 5.10175384533771e-02 0.00000000000000e+00 0.00000000000000e+00 0.00000000000000e+00 0.00000000000000e+00 1.60236828024853e-01 0.00000000000000e+00 0.00000000000000e+00
 4.90789225967088e-01 6.26355770178938e-01 7.64155432187066e-01 8.85578309126845e-01 9.69779845747375e-01 9.99999999999988e-01 9.69779845747378e-01 8.85578309126845e-01 0.00000000000000e+00 0.00000000000000e+00 0.00000000000000e+00 0.00000000000000e+00 0.00000000000000e+00 0.00000000000000e+00 0.00000000000000e+00 0.00000000000000e+00 0.00000000000000e+00 0.00000000000000e+00 0.00000000000000e+00 0.00000000000000e+00 0.00000000000000e+00 0.00000000000000e+00 0.00000000000000e+00 0.00000000000000e+00 0.00000000000000e+00 0.00000000000000e+00 0.00000000000000e+00 0.00000000000000e+00 0.00000000000000e+00 0.00000000000000e+00 0.00000000000000e+00 0.00000000000000e+00 0.00000000000000e+00 0.00000000000000e+00 0.00000000000000e+00 0.00000000000000e+00 0.00000000000000e+00 0.00000000000000e+00 0.00000000000000e+00 0.00000000000000e+00 0.00000000000000e+00 2.75543943465275e-04 4.33738185698469e-04 7.03496399012080e-04 1.20345160419472e-03 2.25477125423641e-03 4.78703825488083e-03 1.11249483773729e-02 2.51692269170724e-02 0.00000000000000e+00 -6.67889868950620e-04 0.00000000000000e+00 0.00000000000000e+00 -2.16301193666294e-03 0.00000000000000e+00 0.00000000000000e+00 -8.37849983556387e-03 0.00000000000000e+00 0.00000000000000e+00 -3.43340300805597e-02 0.00000000000000e+00 0.00000000000000e+00 -1.05564347494716e-01 0.00000000000000e+00 0.00000000000000e+00 0.00000000000000e+00 1.47468379743890e-02 0.00000000000000e+00 0.00000000000000e+00 0.00000000000000e+00 0.00000000000000e+00 7.83406023826178e-02 0.00000000000000e+00 0.00000000000000e+00 0.00000000000000e+00 0.00000000000000e+00 2.20761923364548e-01 0.00000000000000e+00 0.00000000000000e+00
 3.70101675696856e-01 4.90789225967087e-01 6.26355770178937e-01 7.64155432187061e-01 8.85578309126850e-01 9.69779845747378e-01 1.00000000000000e+00 9.69779845747378e-01 0.00000000000000e+00 0.00000000000000e+00 0.00000000000000e+00 0.00000000000000e+00 0.00000000000000e+00 0.00000000000000e+00 0.00000000000000e+00 0.00000000000000e+00 0.00000000000000e+00 0.00000000000000e+00 0.00000000000000e+00 0.00000000000000e+00 0.00000000000000e+00 0.00000000000000e+00 0.00000000000000e+00 0.00000000000000e+00 0.00000000000000e+00 0.00000000000000e+00 0.00000000000000e+00 0.00000000000000e+00 0.00000000000000e+00 0.00000000000000e+00 0.00000000000000e+00 0.00000000000000e+00 0.00000000000000e+00 0.00000000000000e+00 0.00000000000000e+00 0.00000000000000e+00 0.00000000000000e+00 0.00000000000000e+00 0.00000000000000e+00 0.00000000000000e+00 0.00000000000000e+00 1.22328983387405e-03 1.88742642779877e-03 2.95374867022284e-03 4.73684811613281e-03 7.90987879422845e-03 1.39915867448423e-02 2.60930283762064e-02 4.87718020414701e-02 0.00000000000000e+00 -2.08294097423367e-03 0.00000000000000e+00 0.00000000000000e+00 -6.03054168115500e-03 0.00000000000000e+00 0.00000000000000e+00 -1.88300100370614e-02 0.00000000000000e+00 0.00000000000000e+00 -5.98260017365645e-02 0.00000000000000e+00 0.00000000000000e+00 -1.56488688323330e-01 0.00000000000000e+00 0.00000000000000e+00 0.00000000000000e+00 2.47578111770673e-02 0.00000000000000e+00 0.00000000000000e+00 0.00000000000000e+00 0.00000000000000e+00 1.06801276407069e-01 0.00000000000000e+00 0.00000000000000e+00 0.00000000000000e+00 0.00000000000000e+00 2.76905926922341e-01 0.00000000000000e+00 0.00000000000000e+00
 2.70358165024179e-01 3.70101675696859e-01 4.90789225967090e-01 6.26355770178936e-01 7.64155432187059e-01 8.85578309126845e-01 9.69779845747378e-01 9.99999999999993e-01 0.00000000000000e+00 0.00000000000000e+00 0.00000000000000e+00 0.00000000000000e+00 0.00000000000000e+00 0.00000000000000e+00 0.00000000000000e+00 0.00000000000000e+00 0.00000000000000e+00 0.00000000000000e+00 0.00000000000000e+00 0.00000000000000e+00 0.00000000000000e+00 0.00000000000000e+00 0.00000000000000e+00 0.00000000000000e+00 0.00000000000000e+00 0.00000000000000e+00 0.00000000000000e+00 0.00000000000000e+00 0.00000000000000e+00 0.00000000000000e+00 0.00000000000000e+00 0.00000000000000e+00 0.00000000000000e+00 0.00000000000000e+00 0.00000000000000e+00 0.00000000000000e+00 0.00000000000000e+00 0.00000000000000e+00 0.00000000000000e+00 0.00000000000000e+00 0.00000000000000e+00 3.38575889495223e-03 5.17009974845172e-03 7.94559072076267e-03 1.23436358866303e-02 1.95118056100826e-02 3.15995148102031e-02 5.23363150200710e-02 8.65413118775244e-02 0.00000000000000e+00 -4.18238342171462e-03 0.00000000000000e+00 0.00000000000000e+00 -1.14512307968295e-02 0.00000000000000e+00 0.00000000000000e+00 -3.21128674477641e-02 0.00000000000000e+00 0.00000000000000e+00 -8.84353085448021e-02 0.00000000000000e+00 0.00000000000000e+00 -2.08012100972689e-01 0.00000000000000e+00 0.00000000000000e+00 0.00000000000000e+00 3.23585602117725e-02 0.00000000000000e+00 0.00000000000000e+00 0.00000000000000e+00 0.00000000000000e+00 1.23748305954554e-01 0.00000000000000e+00 0.00000000000000e+00 0.00000000000000e+00 0.00000000000000e+00 3.06462114087045e-01 0.00000000000000e+00 0.00000000000000e+00
 0.00000000000000e+00 0.00000000000000e+00 0.00000000000000e+00 0.00000000000000e+00 0.00000000000000e+00 0.00000000000000e+00 0.00000000000000e+00 0.00000000000000e+00 9.99999999999989e-01 0.00000000000000e+00 0.00000000000000e+00 9.38207013246693e-01 0.00000000000000e+00 0.00000000000000e+00 7.77272207955549e-01 0.00000000000000e+00 0.00000000000000e+00 5.73714397744680e-01 0.00000000000000e+00 0.00000000000000e+00 3.82247266976561e-01 0.00000000000000e+00 0.00000000000000e+00 2.33415053291163e-01 0.00000000000000e+00 0.00000000000000e+00 0.00000000000000e+00 0.00000000000000e+00 0.00000000000000e+00 0.00000000000000e+00 0.00000000000000e+00 0.00000000000000e+00 0.00000000000000e+00 0.00000000000000e+00 0.00000000000000e+00 0.00000000000000e+00 0.00000000000000e+00 0.00000000000000e+00 0.00000000000000e+00 0.00000000000000e+00 0.00000000000000e+00 0.00000000000000e+00 0.00000000000000e+00 0.00000000000000e+00 0.00000000000000e+00 0.00000000000000e+00 0.00000000000000e+00 0.00000000000000e+00 0.00000000000000e+00 7.06291403571540e-08 0.00000000000000e+00 0.00000000000000e+00 1.91164944013634e-06 0.00000000000000e+00 0.00000000000000e+00 6.43877511187082e-05 0.00000000000000e+00 0.00000000000000e+00 8.43409735223425e-04 0.00000000000000e+00 0.00000000000000e+00 4.13057394382240e-03 0.00000000000000e+00 0.00000000000000e+00 0.00000000000000e+00 -4.07676343978860e-04 0.00000000000000e+00 0.00000000000000e+00 0.00000000000000e+00 0.00000000000000e+00 -5.28717748339696e-03 0.00000000000000e+00 0.00000000000000e+00 0.00000000000000e+00 0.00000000000000e+00 -1.96746743034412e-02 0.00000000000000e+00 0.00000000000000e+00 0.00000000000000e+00
 0.00000000000000e+00 0.00000000000000e+00 0.00000000000000e+00 0.00000000000000e+00 0.00000000000000e+00 0.00000000000000e+00 0.00000000000000e+00 0.00000000000000e+00 0.00000000000000e+00 9.99999999999989e-01 0.00000000000000e+00 0.00000000000000e+00 9.38207013246693e-01 0.00000000000000e+00 0.00000000000000e+00 7.77272207955549e-01 0.00000000000000e+00 0.00000000000000e+00 5.73714397744680e-01 0.00000000000000e+00 0.00000000000000e+00 3.82247266976561e-01 0.00000000000000e+00 0.00000000000000e+00 2.33415053291163e-01 0.00000000000000e+00 0.00000000000000e+00 0.00000000000000e+00 0.00000000000000e+00 0.00000000000000e+00 0.00000000000000e+00 0.00000000000000e+00 0.00000000000000e+00 0.00000000000000e+00 0.00000000000000e+00 0.00000000000000e+00 0.00000000000000e+00 0.00000000000000e+00 0.00000000000000e+00 0.00000000000000e+00 0.00000000000000e+00 6.78655587425265e-08 1.53566430281903e-07 5.40021761509496e-07 3.89973642938764e-06 3.88946367528489e-05 2.89939222851841e-04 1.33663789904843e-03 3.89303963327854e-03 0.00000000000000e+00 -1.35446339123968e-06 0.00000000000000e+00 0.00000000000000e+00 -3.03665292079432e-05 0.00000000000000e+00 0.00000000000000e+00 -7.10368982938060e-04 0.00000000000000e+00 0.00000000000000e+00 -6.11771514869985e-03 0.00000000000000e+00 0.00000000000000e+00 -1.90756725101044e-02 0.00000000000000e+00 0.00000000000000e+00 0.00000000000000e+00 2.41658644154190e-03 0.00000000000000e+00 0.00000000000000e+00 0.00000000000000e+00 0.00000000000000e+00 1.86502227984785e-02 0.00000000000000e+00 0.00000000000000e+00 0.00000000000000e+00 0.00000000000000e+00 3.76059388915645e-02 0.00000000000000e+00 0.00000000000000e+00
 0.00000000000000e+00 0.00000000000000e+00 0.00000000000000e+00 0.00000000000000e+00 0.00000000000000e+00 0.00000000000000e+00 0.00000000000000e+00 0.00000000000000e+00 0.00000000000000e+00 0.00000000000000e+00 9.99999999999989e-01 0.00000000000000e+00 0.00000000000000e+00 9.38207013246693e-01 0.00000000000000e+00 0.00000000000000e+00 7.77272207955549e-01 0.00000000000000e+00 0.00000000000000e+00 5.73714397744680e-01 0.00000000000000e+00 0.00000000000000e+00 3.82247266976561e-01 0.00000000000000e+00 0.00000000000000e+00 2.33415053291163e-01 0.00000000000000e+00 0.00000000000000e+00 0.00000000000000e+00 0.00000000000000e+00 0.00000000000000e+00 0.00000000000000e+00 0.00000000000000e+00 0.00000000000000e+00 0.00000000000000e+00 0.00000000000000e+00 0.00000000000000e+00 0.00000000000000e+00 0.00000000000000e+00 0.00000000000000e+00 0.00000000000000e+00 0.00000000000000e+00 0.00000000000000e+00 0.00000000000000e+00 0.00000000000000e+00 0.00000000000000e+00 0.00000000000000e+00 0.00000000000000e+00 0.00000000000000e+00 0.00000000000000e+00 0.00000000000000e+00 7.06291403571540e-08 0.00000000000000e+00 0.00000000000000e+00 1.91164944013634e-06 0.00000000000000e+00 0.00000000000000e+00 6.43877511187082e-05 0.00000000000000e+00 0.00000000000000e+00 8.43409735223425e-04 0.00000000000000e+00 0.00000000000000e+00 4.13057394382240e-03 0.00000000000000e+00 0.00000000000000e+00 0.00000000000000e+00 -4.07676343978860e-04 0.00000000000000e+00 0.00000000000000e+00 0.00000000000000e+00 0.00000000000000e+00 -5.28717748339696e-03 0.00000000000000e+00 0.00000000000000e+00 0.00000000000000e+00 0.00000000000000e+00 -1.96746743034412e-02 0.00000000000000e+00
 0.00000000000000e+00 0.00000000000000e+00 0.00000000000000e+00 0.00000000000000e+00 0.00000000000000e+00 0.00000000000000e+00 0.00000000000000e+00 0.00000000000000e+00 9.38207013246693e-01 0.00000000000000e+00 0.00000000000000e+00 9.99999999999990e-01 0.00000000000000e+00 0.00000000000000e+00 9.38207013246691e-01 0.00000000000000e+00 0.00000000000000e+00 7.77272207955549e-01 0.00000000000000e+00 0.00000000000000e+00 5.73714397744678e-01 0.00000000000000e+00 0.00000000000000e+00 3.82247266976561e-01 0.00000000000000e+00 0.00000000000000e+00 0.00000000000000e+00 0.00000000000000e+00 0.00000000000000e+00 0.00000000000000e+00 0.00000000000000e+00 0.00000000000000e+00 0.00000000000000e+00 0.00000000000000e+00 0.00000000000000e+00 0.00000000000000e+00 0.00000000000000e+00 0.00000000000000e+00 0.00000000000000e+00 0.00000000000000e+00 0.00000000000000e+00 0.00000000000000e+00 0.00000000000000e+00 0.00000000000000e+00 0.00000000000000e+00 0.00000000000000e+00 0.00000000000000e+00 0.00000000000000e+00 0.00000000000000e+00 3.59092202679112e-06 0.00000000000000e+00 0.00000000000000e+00 2.41942621699550e-05 0.00000000000000e+00 0.00000000000000e+00 2.70580492036200e-04 0.00000000000000e+00 0.00000000000000e+00 2.29160916817721e-03 0.00000000000000e+00 0.00000000000000e+00 9.61187737067580e-03 0.00000000000000e+00 0.00000000000000e+00 0.00000000000000e+00 -1.39835763461262e-03 0.00000000000000e+00 0.00000000000000e+00 0.00000000000000e+00 0.00000000000000e+00 -1.26752373556287e-02 0.00000000000000e+00 0.00000000000000e+00 0.00000000000000e+00 0.00000000000000e+00 -4.24090191068380e-02 0.00000000000000e+00 0.00000000000000e+00 0.00000000000000e+00
 0.00000000000000e+00 0.00000000000000e+00 0.00000000000000e+00 0.00000000000000e+00 0.00000000000000e+00 0.00000000000000e+00 0.00000000000000e+00 0.00000000000000e+00 0.00000000000000e+00 9.38207013246693e-01 0.00000000000000e+00 0.00000000000000e+00 9.99999999999990e-01 0.00000000000000e+00 0.00000000000000e+00 9.38207013246691e-01 0.00000000000000e+00 0.00000000000000e+00 7.77272207955549e-01 0.00000000000000e+00 0.00000000000000e+00 5.73714397744678e-01 0.00000000000000e+00 0.00000000000000e+00 3.82247266976561e-01 0.00000000000000e+00 0.00000000000000e+00 0.00000000000000e+00 0.00000000000000e+00 0.00000000000000e+00 0.00000000000000e+00 0.00000000000000e+00 0.00000000000000e+00 0.00000000000000e+00 0.00000000000000e+00 0.00000000000000e+00 0.00000000000000e+00 0.00000000000000e+00 0.00000000000000e+00 0.00000000000000e+00 0.00000000000000e+00 7.61232552404593e-06 1.35598782209527e-05 2.78121983912904e-05 7.39525238296514e-05 2.72396514546490e-04 1.12590944554261e-03 3.87706085151470e-03 9.77982268016893e-03 0.00000000000000e+00 -4.99509373285395e-05 0.00000000000000e+00 0.00000000000000e+00 -3.11575170004513e-04 0.00000000000000e+00 0.00000000000000e+00 -2.72588682754193e-03 0.00000000000000e+00 0.00000000000000e+00 -1.57980951145647e-02 0.00000000000000e+00 0.00000000000000e+00 -4.26637712278939e-02 0.00000000000000e+00 0.00000000000000e+00 0.00000000000000e+00 7.46924257721542e-03 0.00000000000000e+00 0.00000000000000e+00 0.00000000000000e+00 0.00000000000000e+00 4.17427680730183e-02 0.00000000000000e+00 0.00000000000000e+00 0.00000000000000e+00 0.00000000000000e+00 7.59182421777399e-02 0.00000000000000e+00 0.00000000000000e+00
 0.00000000000000e+00 0.00000000000000e+00 0.00000000000000e+00 0.00000000000000e+00 0.00000000000000e+00 0.00000000000000e+00 0.00000000000000e+00 0.00000000000000e+00 0.00000000000000e+00 0.00000000000000e+00 9.38207013246693e-01 0.00000000000000e+00 0.00000000000000e+00 9.99999999999990e-01 0.00000000000000e+00 0.00000000000000e+00 9.38207013246691e-01 0.00000000000000e+00 0.00000000000000e+00 7.77272207955550e-01 0.00000000000000e+00 0.00000000000000e+00 5.73714397744678e-01 0.00000000000000e+00 0.00000000000000e+00 3.82247266976561e-01 0.00000000000000e+00 0.00000000000000e+00 0.00000000000000e+00 0.00000000000000e+00 0.00000000000000e+00 0.00000000000000e+00 0.00000000000000e+00 0.00000000000000e+00 0.00000000000000e+00 0.00000000000000e+00 0.00000000000000e+00 0.00000000000000e+00 0.00000000000000e+00 0.00000000000000e+00 0.00000000000000e+00 0.00000000000000e+00 0.00000000000000e+00 0.00000000000000e+00 0.00000000000000e+00 0.00000000000000e+00 0.00000000000000e+00 0.00000000000000e+00 0.00000000000000e+00 0.00000000000000e+00 0.00000000000000e+00 3.59092202679112e-06 0.00000000000000e+00 0.00000000000000e+00 2.41942621699550e-05 0.00000000000000e+00 0.00000000000000e+00 2.70580492036200e-04 0.00000000000000e+00 0.00000000000000e+00 2.29160916817721e-03 0.00000000000000e+00 0.00000000000000e+00 9.61187737067579e-03 0.00000000000000e+00 0.00000000000000e+00 0.00000000000000e+00 -1.39835763461262e-03 0.00000000000000e+00 0.00000000000000e+00 0.00000000000000e+00 0.00000000000000e+00 -1.26752373556286e-02 0.00000000000000e+00 0.00000000000000e+00 0.00000000000000e+00 0.00000000000000e+00 -4.24090191068380e-02 0.00000000000000e+00
 0.00000000000000e+00 0.00000000000000e+00 0.00000000000000e+00 0.00000000000000e+00 0.00000000000000e+00 0.00000000000000e+00 0.00000000000000e+00 0.00000000000000e+00 7.77272207955549e-01 0.00000000000000e+00 0.00000000000000e+00 9.38207013246691e-01 0.00000000000000e+00 0.00000000000000e+00 9.99999999999997e-01 0.00000000000000e+00 0.00000000000000e+00 9.38207013246694e-01 0.00000000000000e+00 0.00000000000000e+00 7.77272207955552e-01 0.00000000000000e+00 0.00000000000000e+00 5.73714397744680e-01 0.00000000000000e+00 0.00000000000000e+00 0.00000000000000e+00 0.00000000000000e+00 0.00000000000000e+00 0.00000000000000e+00 0.00000000000000e+00 0.00000000000000e+00 0.00000000000000e+00 0.00000000000000e+00 0.00000000000000e+00 0.00000000000000e+00 0.00000000000000e+00 0.00000000000000e+00 0.00000000000000e+00 0.00000000000000e+00 0.00000000000000e+00 0.00000000000000e+00 0.00000000000000e+00 0.00000000000000e+00 0.00000000000000e+00 0.00000000000000e+00 0.00000000000000e+00 0.00000000000000e+00 0.00000000000000e+00 6.93610442927808e-05 0.00000000000000e+00 0.00000000000000e+00 2.65329941448544e-04 0.00000000000000e+00 0.00000000000000e+00 1.32992893027180e-03 0.00000000000000e+00 0.00000000000000e+00 6.68322186862108e-03 0.00000000000000e+00 0.00000000000000e+00 2.24896645761984e-02 0.00000000000000e+00 0.00000000000000e+00 0.00000000000000e+00 -4.95055095779452e-03 0.00000000000000e+00 0.00000000000000e+00 0.00000000000000e+00 0.00000000000000e+00 -2.98142557364198e-02 0.00000000000000e+00 0.00000000000000e+00 0.00000000000000e+00 0.00000000000000e+00 -8.71050252470584e-02 0.00000000000000e+00 0.00000000000000e+00 0.00000000000000e+00
 0.00000000000000e+00 0.00000000000000e+00 0.00000000000000e+00 0.00000000000000e+00 0.00000000000000e+00 0.00000000000000e+00 0.00000000000000e+00 0.00000000000000e+00 0.00000000000000e+00 7.77272207955549e-01 0.00000000000000e+00 0.00000000000000e+00 9.38207013246691e-01 0.00000000000000e+00 0.00000000000000e+00 9.99999999999997e-01 0.00000000000000e+00 0.00000000000000e+00 9.38207013246694e-01 0.00000000000000e+00 0.00000000000000e+00 7.77272207955552e-01 0.00000000000000e+00 0.00000000000000e+00 5.73714397744680e-01 0.00000000000000e+00 0.00000000000000e+00 0.00000000000000e+00 0.00000000000000e+00 0.00000000000000e+00 0.00000000000000e+00 0.00000000000000e+00 0.00000000000000e+00 0.00000000000000e+00 0.00000000000000e+00 0.00000000000000e+00 0.00000000000000e+00 0.00000000000000e+00 0.00000000000000e+00 0.00000000000000e+00 0.00000000000000e+00 2.01087367873335e-04 3.26010097681355e-04 5.57087460433454e-04 1.04235330602711e-03 2.22800373252836e-03 5.34384590328393e-03 1.26846807728250e-02 2.59231977394652e-02 0.00000000000000e+00 -6.85318503017709e-04 0.00000000000000e+00 0.00000000000000e+00 -2.51312413453490e-03 0.00000000000000e+00 0.00000000000000e+00 -1.09390919842072e-02 0.00000000000000e+00 0.00000000000000e+00 -4.08783106679004e-02 0.00000000000000e+00 0.00000000000000e+00 -9.16029543972537e-02 0.00000000000000e+00 0.00000000000000e+00 0.00000000000000e+00 2.15456730882401e-02 0.00000000000000e+00 0.00000000000000e+00 0.00000000000000e+00 0.00000000000000e+00 8.54935585582126e-02 0.00000000000000e+00 0.00000000000000e+00 0.00000000000000e+00 0.00000000000000e+00 1.37383996248951e-01 0.00000000000000e+00 0.00000000000000e+00
 0.00000000000000e+00 0.00000000000000e+00 0.00000000000000e+00 0.00000000000000e+00 0.00000000000000e+00 0.00000000000000e+00 0.00000000000000e+00 0.00000000000000e+00 0.00000000000000e+00 0.00000000000000e+00 7.77272207955549e-01 0.00000000000000e+00 0.00000000000000e+00 9.38207013246691e-01 0.00000000000000e+00 0.00000000000000e+00 9.99999999999997e-01 0.00000000000000e+00 0.00000000000000e+00 9.38207013246694e-01 0.00000000000000e+00 0.00000000000000e+00 7.77272207955552e-01 0.00000000000000e+00 0.00000000000000e+00 5.73714397744680e-01 0.00000000000000e+00 0.00000000000000e+00 0.00000000000000e+00 0.00000000000000e+00 0.00000000000000e+00 0.00000000000000e+00 0.00000000000000e+00 0.00000000000000e+00 0.00000000000000e+00 0.00000000000000e+00 0.00000000000000e+00 0.00000000000000e+00 0.00000000000000e+00 0.00000000000000e+00 0.00000000000000e+00 0.00000000000000e+00 0.00000000000000e+00 0.00000000000000e+00 0.00000000000000e+00 0.00000000000000e+00 0.00000000000000e+00 0.00000000000000e+00 0.00000000000000e+00 0.00000000000000e+00 0.00000000000000e+00 6.93610442927808e-05 0.00000000000000e+00 0.00000000000000e+00 2.65329941448544e-04 0.00000000000000e+00 0.00000000000000e+00 1.32992893027180e-03 0.00000000000000e+00 0.00000000000000e+00 6.68322186862108e-03 0.00000000000000e+00 0.00000000000000e+00 2.24896645761984e-02 0.00000000000000e+00 0.00000000000000e+00 0.00000000000000e+00 -4.95055095779452e-03 0.00000000000000e+00 0.00000000000000e+00 0.00000000000000e+00 0.00000000000000e+00 -2.98142557364198e-02 0.00000000000000e+00 0.00000000000000e+00 0.00000000000000e+00 0.00000000000000e+00 -8.71050252470584e-02 0.00000000000000e+00
 0.00000000000000e+00 0.00000000000000e+00 0.00000000000000e+00 0.00000000000000e+00 0.00000000000000e+00 0.00000000000000e+00 0.00000000000000e+00 0.00000000000000e+00 5.73714397744680e-01 0.00000000000000e+00 0.00000000000000e+00 7.77272207955549e-01 0.00000000000000e+00 0.00000000000000e+00 9.38207013246694e-01 0.00000000000000e+00 0.00000000000000e+00 9.99999999999991e-01 0.00000000000000e+00 0.00000000000000e+00 9.38207013246693e-01 0.00000000000000e+00 0.00000000000000e+00 7.77272207955551e-01 0.00000000000000e+00 0.00000000000000e+00 0.00000000000000e+00 0.00000000000000e+00 0.00000000000000e+00 0.00000000000000e+00 0.00000000000000e+00 0.00000000000000e+00 0.00000000000000e+00 0.00000000000000e+00 0.00000000000000e+00 0.00000000000000e+00 0.00000000000000e+00 0.00000000000000e+00 0.00000000000000e+00 0.00000000000000e+00 0.00000000000000e+00 0.00000000000000e+00 0.00000000000000e+00 0.00000000000000e+00 0.00000000000000e+00 0.00000000000000e+00 0.00000000000000e+00 0.00000000000000e+00 0.00000000000000e+00 5.38488048496151e-04 0.00000000000000e+00 0.00000000000000e+00 1.63661803845833e-03 0.00000000000000e+00 0.00000000000000e+00 5.50329907892129e-03 0.00000000000000e+00 0.00000000000000e+00 1.86693526219660e-02 0.00000000000000e+00 0.00000000000000e+00 5.03772132416467e-02 0.00000000000000e+00 0.00000000000000e+00 0.00000000000000e+00 -1.42008586208100e-02 0.00000000000000e+00 0.00000000000000e+00 0.00000000000000e+00 0.00000000000000e+00 -6.24483117327115e-02 0.00000000000000e+00 0.00000000000000e+00 0.00000000000000e+00 0.00000000000000e+00 -1.61486185361788e-01 0.00000000000000e+00 0.00000000000000e+00 0.00000000000000e+00
 0.00000000000000e+00 0.00000000000000e+00 0.00000000000000e+00 0.00000000000000e+00 0.00000000000000e+00 0.00000000000000e+00 0.00000000000000e+00 0.00000000000000e+00 0.00000000000000e+00 5.73714397744680e-01 0.00000000000000e+00 0.00000000000000e+00 7.77272207955549e-01 0.00000000000000e+00 0.00000000000000e+00 9.38207013246694e-01 0.00000000000000e+00 0.00000000000000e+00 9.99999999999991e-01 0.00000000000000e+00 0.00000000000000e+00 9.38207013246693e-01 0.00000000000000e+00 0.00000000000000e+00 7.77272207955551e-01 0.00000000000000e+00 0.00000000000000e+00 0.00000000000000e+00 0.00000000000000e+00 0.00000000000000e+00 0.00000000000000e+00 0.00000000000000e+00 0.00000000000000e+00 0.00000000000000e+00 0.00000000000000e+00 0.00000000000000e+00 0.00000000000000e+00 0.00000000000000e+00 0.00000000000000e+00 0.00000000000000e+00 0.00000000000000e+00 1.79131298937124e-03 2.78645983370685e-03 4.42025505717257e-03 7.23985765839021e-03 1.24158245778427e-02 2.22761563662287e-02 4.00950436375849e-02 6.71013803604323e-02 0.00000000000000e+00 -3.72415785888022e-03 0.00000000000000e+00 0.00000000000000e+00 -1.09677922959584e-02 0.00000000000000e+00 0.00000000000000e+00 -3.36474471473573e-02 0.00000000000000e+00 0.00000000000000e+00 -9.18676243054517e-02 0.00000000000000e+00 0.00000000000000e+00 -1.74015180434522e-01 0.00000000000000e+00 0.00000000000000e+00 0.00000000000000e+00 4.60238343518930e-02 0.00000000000000e+00 0.00000000000000e+00 0.00000000000000e+00 0.00000000000000e+00 1.41875985414169e-01 0.00000000000000e+00 0.00000000000000e+00 0.00000000000000e+00 0.00000000000000e+00 2.03690116783275e-01 0.00000000000000e+00 0.00000000000000e+00
 0.00000000000000e+00 0.00000000000000e+00 0.00000000000000e+00 0.00000000000000e+00 0.00000000000000e+00 0.00000000000000e+00 0.00000000000000e+00 0.00000000000000e+00 0.00000000000000e+00 0.00000000000000e+00 5.73714397744680e-01 0.00000000000000e+00 0.00000000000000e+00 7.77272207955550e-01 0.00000000000000e+00 0.00000000000000e+00 9.38207013246694e-01 0.00000000000000e+00 0.00000000000000e+00 9.99999999999991e-01 0.00000000000000e+00 0.00000000000000e+00 9.38207013246693e-01 0.00000000000000e+00 0.00000000000000e+00 7.77272207955551e-01 0.00000000000000e+00 0.00000000000000e+00 0.00000000000000e+00 0.00000000000000e+00 0.00000000000000e+00 0.00000000000000e+00 0.00000000000000e+00 0.00000000000000e+00 0.00000000000000e+00 0.00000000000000e+00 0.00000000000000e+00 0.00000000000000e+00 0.00000000000000e+00 0.00000000000000e+00 0.00000000000000e+00 0.00000000000000e+00 0.00000000000000e+00 0.00000000000000e+00 0.00000000000000e+00 0.00000000000000e+00 0.00000000000000e+00 0.00000000000000e+00 0.00000000000000e+00 0.00000000000000e+00 0.00000000000000e+00 5.38488048496151e-04 0.00000000000000e+00 0.00000000000000e+00 1.63661803845833e-03 0.00000000000000e+00 0.00000000000000e+00 5.50329907892129e-03 0.00000000000000e+00 0.00000000000000e+00 1.86693526219660e-02 0.00000000000000e+00 0.00000000000000e+00 5.03772132416467e-02 0.00000000000000e+00 0.00000000000000e+00 0.00000000000000e+00 -1.42008586208100e-02 0.00000000000000e+00 0.00000000000000e+00 0.00000000000000e+00 0.00000000000000e+00 -6.24483117327115e-02 0.00000000000000e+00 0.00000000000000e+00 0.00000000000000e+00 0.00000000000000e+00 -1.61486185361788e-01 0.00000000000000e+00
 0.00000000000000e+00 0.00000000000000e+00 0.00000000000000e+00 0.00000000000000e+00 0.00000000000000e+00 0.00000000000000e+00 0.00000000000000e+00 0.00000000000000e+00 3.82247266976561e-01 0.00000000000000e+00 0.00000000000000e+00 5.73714397744678e-01 0.00000000000000e+00 0.00000000000000e+00 7.77272207955552e-01 0.00000000000000e+00 0.00000000000000e+00 9.38207013246693e-01 0.00000000000000e+00 0.00000000000000e+00 9.99999999999994e-01 0.00000000000000e+00 0.00000000000000e+00 9.38207013246697e-01 0.00000000000000e+00 0.00000000000000e+00 0.00000000000000e+00 0.00000000000000e+00 0.00000000000000e+00 0.00000000000000e+00 0.00000000000000e+00 0.00000000000000e+00 0.00000000000000e+00 0.00000000000000e+00 0.00000000000000e+00 0.00000000000000e+00 0.00000000000000e+00 0.00000000000000e+00 0.00000000000000e+00 0.00000000000000e+00 0.00000000000000e+00 0.00000000000000e+00 0.00000000000000e+00 0.00000000000000e+00 0.00000000000000e+00 0.00000000000000e+00 0.00000000000000e+00 0.00000000000000e+00 0.00000000000000e+00 2.01745936544194e-03 0.00000000000000e+00 0.00000000000000e+00 5.55852744718999e-03 0.00000000000000e+00 0.00000000000000e+00 1.56576104116927e-02 0.00000000000000e+00 0.00000000000000e+00 4.28404817414685e-02 0.00000000000000e+00 0.00000000000000e+00 9.93520432625413e-02 0.00000000000000e+00 0.00000000000000e+00 0.00000000000000e+00 -2.84140448232192e-02 0.00000000000000e+00 0.00000000000000e+00 0.00000000000000e+00 0.00000000000000e+00 -1.04791952204750e-01 0.00000000000000e+00 0.00000000000000e+00 0.00000000000000e+00 0.00000000000000e+00 -2.53021574168543e-01 0.00000000000000e+00 0.00000000000000e+00 0.00000000000000e+00
 0.00000000000000e+00 0.00000000000000e+00 0.00000000000000e+00 0.00000000000000e+00 0.00000000000000e+00 0.00000000000000e+00 0.00000000000000e+00 0.00000000000000e+00 0.00000000000000e+00 3.82247266976561e-01 0.00000000000000e+00 0.00000000000000e+00 5.73714397744678e-01 0.00000000000000e+00 0.00000000000000e+00 7.77272207955552e-01 0.00000000000000e+00 0.00000000000000e+00 9.38207013246693e-01 0.00000000000000e+00 0.00000000000000e+00 9.99999999999994e-01 0.00000000000000e+00 0.00000000000000e+00 9.38207013246697e-01 0.00000000000000e+00 0.00000000000000e+00 0.00000000000000e+00 0.00000000000000e+00 0.00000000000000e+00 0.00000000000000e+00 0.00000000000000e+00 0.00000000000000e+00 0.00000000000000e+00 0.00000000000000e+00 0.00000000000000e+00 0.00000000000000e+00 0.00000000000000e+00 0.00000000000000e+00 0.00000000000000e+00 0.00000000000000e+00 7.13939243058247e-03 1.09008466343020e-02 1.67428124287430e-02 2.59484559721074e-02 4.06783372759186e-02 6.42428964295408e-02 1.00094109546861e-01 1.47744199191065e-01 0.00000000000000e+00 -9.58902841828860e-03 0.00000000000000e+00 0.00000000000000e+00 -2.56900613342684e-02 0.00000000000000e+00 0.00000000000000e+00 -6.73146923807045e-02 0.00000000000000e+00 0.00000000000000e+00 -1.55275830088008e-01 0.00000000000000e+00 0.00000000000000e+00 -2.64515628102085e-01 0.00000000000000e+00 0.00000000000000e+00 0.00000000000000e+00 6.43824644739390e-02 0.00000000000000e+00 0.00000000000000e+00 0.00000000000000e+00 0.00000000000000e+00 1.71205802652851e-01 0.00000000000000e+00 0.00000000000000e+00 0.00000000000000e+00 0.00000000000000e+00 2.23482564984958e-01 0.00000000000000e+00 0.00000000000000e+00
 0.00000000000000e+00 0.00000000000000e+00 0.00000000000000e+00 0.00000000000000e+00 0.00000000000000e+00 0.00000000000000e+00 0.00000000000000e+00 0.00000000000000e+00 0.00000000000000e+00 0.00000000000000e+00 3.82247266976561e-01 0.00000000000000e+00 0.00000000000000e+00 5.73714397744678e-01 0.00000000000000e+00 0.00000000000000e+00 7.77272207955552e-01 0.00000000000000e+00 0.00000000000000e+00 9.38207013246693e-01 0.00000000000000e+00 0.00000000000000e+00 9.99999999999994e-01 0.00000000000000e+00 0.00000000000000e+00 9.38207013246697e-01 0.00000000000000e+00 0.00000000000000e+00 0.00000000000000e+00 0.00000000000000e+00 0.00000000000000e+00 0.00000000000000e+00 0.00000000000000e+00 0.00000000000000e+00 0.00000000000000e+00 0.00000000000000e+00 0.00000000000000e+00 0.00000000000000e+00 0.00000000000000e+00 0.00000000000000e+00 0.00000000000000e+00 0.00000000000000e+00 0.00000000000000e+00 0.00000000000000e+00 0.00000000000000e+00 0.00000000000000e+00 0.00000000000000e+00 0.00000000000000e+00 0.00000000000000e+00 0.00000000000000e+00 0.00000000000000e+00 2.01745936544194e-03 0.00000000000000e+00 0.00000000000000e+00 5.55852744718999e-03 0.00000000000000e+00 0.00000000000000e+00 1.56576104116927e-02 0.00000000000000e+00 0.00000000000000e+00 4.28404817414685e-02 0.00000000000000e+00 0.00000000000000e+00 9.93520432625413e-02 0.00000000000000e+00 0.00000000000000e+00 0.00000000000000e+00 -2.84140448232192e-02 0.00000000000000e+00 0.00000000000000e+00 0.00000000000000e+00 0.00000000000000e+00 -1.04791952204750e-01 0.00000000000000e+00 0.00000000000000e+00 0.00000000000000e+00 0.00000000000000e+00 -2.53021574168543e-01 0.00000000000000e+00
 0.00000000000000e+00 0.00000000000000e+00 0.00000000000000e+00 0.00000000000000e+00 0.00000000000000e+00 0.00000000000000e+00 0.00000000000000e+00 0.00000000000000e+00 2.33415053291163e-01 0.00000000000000e+00 0.00000000000000e+00 3.82247266976561e-01 0.00000000000000e+00 0.00000000000000e+00 5.73714397744680e-01 0.00000000000000e+00 0.00000000000000e+00 7.77272207955551e-01 0.00000000000000e+00 0.00000000000000e+00 9.38207013246697e-01 0.00000000000000e+00 0.00000000000000e+00 9.99999999999996e-01 0.00000000000000e+00 0.00000000000000e+00 0.00000000000000e+00 0.00000000000000e+00 0.00000000000000e+00 0.00000000000000e+00 0.00000000000000e+00 0.00000000000000e+00 0.00000000000000e+00 0.00000000000000e+00 0.00000000000000e+00 0.00000000000000e+00 0.00000000000000e+00 0.00000000000000e+00 0.00000000000000e+00 0.00000000000000e+00 0.00000000000000e+00 0.00000000000000e+00 0.00000000000000e+00 0.00000000000000e+00 0.00000000000000e+00 0.00000000000000e+00 0.00000000000000e+00 0.00000000000000e+00 0.00000000000000e+00 4.33504397707855e-03 0.00000000000000e+00 0.00000000000000e+00 1.14603573959641e-02 0.00000000000000e+00 0.00000000000000e+00 2.99749599371384e-02 0.00000000000000e+00 0.00000000000000e+00 7.44957825824617e-02 0.00000000000000e+00 0.00000000000000e+00 1.60817329860207e-01 0.00000000000000e+00 0.00000000000000e+00 0.00000000000000e+00 -3.89594979876653e-02 0.00000000000000e+00 0.00000000000000e+00 0.00000000000000e+00 0.00000000000000e+00 -1.33533782132441e-01 0.00000000000000e+00 0.00000000000000e+00 0.00000000000000e+00 0.00000000000000e+00 -3.19390733728055e-01 0.00000000000000e+00 0.00000000000000e+00 0.00000000000000e+00
