A:
 2.66316109007922e-01 3.49654038824015e-01 4.46566348656248e-01 5.56284620789207e-01 6.78476457767916e-01 8.13711216984487e-01 9.63637252462397e-01 1.13091890906413e+00 0.00000000000000e+00 0.00000000000000e+00 0.00000000000000e+00 0.00000000000000e+00 0.00000000000000e+00 0.00000000000000e+00 0.00000000000000e+00 0.00000000000000e+00 0.00000000000000e+00 0.00000000000000e+00 0.00000000000000e+00 0.00000000000000e+00 0.00000000000000e+00 0.00000000000000e+00 0.00000000000000e+00 0.00000000000000e+00 0.00000000000000e+00 0.00000000000000e+00 0.00000000000000e+00 0.00000000000000e+00 0.00000000000000e+00 0.00000000000000e+00 0.00000000000000e+00 0.00000000000000e+00 0.00000000000000e+00 0.00000000000000e+00 0.00000000000000e+00 0.00000000000000e+00 0.00000000000000e+00 0.00000000000000e+00 0.00000000000000e+00 0.00000000000000e+00 0.00000000000000e+00 1.80572227346923e-02 2.73301516084893e-02 4.13650092581564e-02 6.26071755346360e-02 9.47568415513510e-02 1.43389234430814e-01 2.16653818692544e-01 3.25227148658876e-01 0.00000000000000e+00 -4.95775043811204e-03 0.00000000000000e+00 0.00000000000000e+00 -1.31002907108962e-02 0.00000000000000e+00 0.00000000000000e+00 -3.45668829733615e-02 0.00000000000000e+00 0.00000000000000e+00 -8.90609913396569e-02 0.00000000000000e+00 0.00000000000000e+00 -2.05249321084701e-01 0.00000000000000e+00 0.00000000000000e+00 0.00000000000000e+00 2.04062220728604e-02 0.00000000000000e+00 0.00000000000000e+00 0.00000000000000e+00 0.00000000000000e+00 7.88889651252126e-02 0.00000000000000e+00 0.00000000000000e+00 0.00000000000000e+00 0.00000000000000e+00 2.05929245845179e-01 0.00000000000000e+00 0.00000000000000e+00
 3.49654038824015e-01 4.72377375216181e-01 6.20197770644479e-01 7.92095680670357e-01 9.86708126746164e-01 1.20344551991350e+00 1.44331775608684e+00 1.70924859812057e+00 0.00000000000000e+00 0.00000000000000e+00 0.00000000000000e+00 0.00000000000000e+00 0.00000000000000e+00 0.00000000000000e+00 0.00000000000000e+00 0.00000000000000e+00 0.00000000000000e+00 0.00000000000000e+00 0.00000000000000e+00 0.00000000000000e+00 0.00000000000000e+00 0.00000000000000e+00 0.00000000000000e+00 0.00000000000000e+00 0.00000000000000e+00 0.00000000000000e+00 0.00000000000000e+00 0.00000000000000e+00 0.00000000000000e+00 0.00000000000000e+00 0.00000000000000e+00 0.00000000000000e+00 0.00000000000000e+00 0.00000000000000e+00 0.00000000000000e+00 0.00000000000000e+00 0.00000000000000e+00 0.00000000000000e+00 0.00000000000000e+00 0.00000000000000e+00 0.00000000000000e+00 2.77536235725623e-02 4.20059468998700e-02 6.35772677776240e-02 9.62260709301311e-02 1.45638991009093e-01 2.20379330605142e-01 3.32941886321825e-01 4.99657924605912e-01 0.00000000000000e+00 -7.61997084106534e-03 0.00000000000000e+00 0.00000000000000e+00 -2.01346707974784e-02 0.00000000000000e+00 0.00000000000000e+00 -5.31127284897484e-02 0.00000000000000e+00 0.00000000000000e+00 -1.36623944749753e-01 0.00000000000000e+00 0.00000000000000e+00 -3.14078875143642e-01 0.00000000000000e+00 0.00000000000000e+00 0.00000000000000e+00 3.13008642089780e-02 0.00000000000000e+00 0.00000000000000e+00 0.00000000000000e+00 0.00000000000000e+00 1.20249860538016e-01 0.00000000000000e+00 0.00000000000000e+00 0.00000000000000e+00 0.00000000000000e+00 3.12554099394642e-01 0.00000000000000e+00 0.00000000000000e+00
 4.46566348656248e-01 6.20197770644479e-01 8.37877909253652e-01 1.10007387875755e+00 1.40497726535951e+00 1.75017049007335e+00 2.13460777130645e+00 2.56008040881569e+00 0.00000000000000e+00 0.00000000000000e+00 0.00000000000000e+00 0.00000000000000e+00 0.00000000000000e+00 0.00000000000000e+00 0.00000000000000e+00 0.00000000000000e+00 0.00000000000000e+00 0.00000000000000e+00 0.00000000000000e+00 0.00000000000000e+00 0.00000000000000e+00 0.00000000000000e+00 0.00000000000000e+00 0.00000000000000e+00 0.00000000000000e+00 0.00000000000000e+00 0.00000000000000e+00 0.00000000000000e+00 0.00000000000000e+00 0.00000000000000e+00 0.00000000000000e+00 0.00000000000000e+00 0.00000000000000e+00 0.00000000000000e+00 0.00000000000000e+00 0.00000000000000e+00 0.00000000000000e+00 0.00000000000000e+00 0.00000000000000e+00 0.00000000000000e+00 0.00000000000000e+00 4.26568095283803e-02 6.45623649331711e-02 9.77170665689761e-02 1.47897464803049e-01 2.23841601130461e-01 3.38692026432080e-01 5.11564062425889e-01 7.67348599931054e-01 0.00000000000000e+00 -1.17116619168441e-02 0.00000000000000e+00 0.00000000000000e+00 -3.09446301111751e-02 0.00000000000000e+00 0.00000000000000e+00 -8.15716471355327e-02 0.00000000000000e+00 0.00000000000000e+00 -2.09193711022382e-01 0.00000000000000e+00 0.00000000000000e+00 -4.78855484235295e-01 0.00000000000000e+00 0.00000000000000e+00 0.00000000000000e+00 4.78853870151086e-02 0.00000000000000e+00 0.00000000000000e+00 0.00000000000000e+00 0.00000000000000e+00 1.81954455074246e-01 0.00000000000000e+00 0.00000000000000e+00 0.00000000000000e+00 0.00000000000000e+00 4.69741699045149e-01 0.00000000000000e+00 0.00000000000000e+00
 5.56284620789207e-01 7.92095680670357e-01 1.10007387875755e+00 1.48618335180425e+00 1.95125264230980e+00 2.49207408189186e+00 3.10435949729600e+00 3.78625393665467e+00 0.00000000000000e+00 0.00000000000000e+00 0.00000000000000e+00 0.00000000000000e+00 0.00000000000000e+00 0.00000000000000e+00 0.00000000000000e+00 0.00000000000000e+00 0.00000000000000e+00 0.00000000000000e+00 0.00000000000000e+00 0.00000000000000e+00 0.00000000000000e+00 0.00000000000000e+00 0.00000000000000e+00 0.00000000000000e+00 0.00000000000000e+00 0.00000000000000e+00 0.00000000000000e+00 0.00000000000000e+00 0.00000000000000e+00 0.00000000000000e+00 0.00000000000000e+00 0.00000000000000e+00 0.00000000000000e+00 0.00000000000000e+00 0.00000000000000e+00 0.00000000000000e+00 0.00000000000000e+00 0.00000000000000e+00 0.00000000000000e+00 0.00000000000000e+00 0.00000000000000e+00 6.55621431521874e-02 9.92301210433379e-02 1.50187186192273e-01 2.27309816294202e-01 3.44016045530772e-01 5.20436863117296e-01 7.85693167203143e-01 1.17749584434570e+00 0.00000000000000e+00 -1.79967707951639e-02 0.00000000000000e+00 0.00000000000000e+00 -4.75356690898433e-02 0.00000000000000e+00 0.00000000000000e+00 -1.25078298877848e-01 0.00000000000000e+00 0.00000000000000e+00 -3.18943964789938e-01 0.00000000000000e+00 0.00000000000000e+00 -7.25000802572643e-01 0.00000000000000e+00 0.00000000000000e+00 0.00000000000000e+00 7.27059508410680e-02 0.00000000000000e+00 0.00000000000000e+00 0.00000000000000e+00 0.00000000000000e+00 2.71317519709641e-01 0.00000000000000e+00 0.00000000000000e+00 0.00000000000000e+00 0.00000000000000e+00 6.93764072561409e-01 0.00000000000000e+00 0.00000000000000e+00
 6.78476457767916e-01 9.86708126746164e-01 1.40497726535951e+00 1.95125264230980e+00 2.63611312672938e+00 3.46102834331557e+00 4.42030870018954e+00 5.50634806329530e+00 0.00000000000000e+00 0.00000000000000e+00 0.00000000000000e+00 0.00000000000000e+00 0.00000000000000e+00 0.00000000000000e+00 0.00000000000000e+00 0.00000000000000e+00 0.00000000000000e+00 0.00000000000000e+00 0.00000000000000e+00 0.00000000000000e+00 0.00000000000000e+00 0.00000000000000e+00 0.00000000000000e+00 0.00000000000000e+00 0.00000000000000e+00 0.00000000000000e+00 0.00000000000000e+00 0.00000000000000e+00 0.00000000000000e+00 0.00000000000000e+00 0.00000000000000e+00 0.00000000000000e+00 0.00000000000000e+00 0.00000000000000e+00 0.00000000000000e+00 0.00000000000000e+00 0.00000000000000e+00 0.00000000000000e+00 0.00000000000000e+00 0.00000000000000e+00 0.00000000000000e+00 1.00747739331407e-01 1.52482029651274e-01 2.30777741108012e-01 3.49259275714503e-01 5.28482544939865e-01 7.99138337927413e-01 1.20525465662365e+00 1.80345857877272e+00 0.00000000000000e+00 -2.75870839729193e-02 0.00000000000000e+00 0.00000000000000e+00 -7.27662726311152e-02 0.00000000000000e+00 0.00000000000000e+00 -1.90618842011992e-01 0.00000000000000e+00 0.00000000000000e+00 -4.81305748002387e-01 0.00000000000000e+00 0.00000000000000e+00 -1.08298125332877e+00 0.00000000000000e+00 0.00000000000000e+00 0.00000000000000e+00 1.08051409822163e-01 0.00000000000000e+00 0.00000000000000e+00 0.00000000000000e+00 0.00000000000000e+00 3.93000927537755e-01 0.00000000000000e+00 0.00000000000000e+00 0.00000000000000e+00 0.00000000000000e+00 9.94131455890143e-01 0.00000000000000e+00 0.00000000000000e+00
 8.13711216984487e-01 1.20344551991350e+00 1.75017049007335e+00 2.49207408189186e+00 3.46102834331557e+00 4.67579751077055e+00 6.13898832652130e+00 7.84050889455838e+00 0.00000000000000e+00 0.00000000000000e+00 0.00000000000000e+00 0.00000000000000e+00 0.00000000000000e+00 0.00000000000000e+00 0.00000000000000e+00 0.00000000000000e+00 0.00000000000000e+00 0.00000000000000e+00 0.00000000000000e+00 0.00000000000000e+00 0.00000000000000e+00 0.00000000000000e+00 0.00000000000000e+00 0.00000000000000e+00 0.00000000000000e+00 0.00000000000000e+00 0.00000000000000e+00 0.00000000000000e+00 0.00000000000000e+00 0.00000000000000e+00 0.00000000000000e+00 0.00000000000000e+00 0.00000000000000e+00 0.00000000000000e+00 0.00000000000000e+00 0.00000000000000e+00 0.00000000000000e+00 0.00000000000000e+00 0.00000000000000e+00 0.00000000000000e+00 0.00000000000000e+00 1.54554875807848e-01 2.33902191634491e-01 3.53957348853176e-01 5.35541196647677e-01 8.09940609782772e-01 1.22350787493226e+00 1.84203361137817e+00 2.74960802547223e+00 0.00000000000000e+00 -4.17035727174993e-02 0.00000000000000e+00 0.00000000000000e+00 -1.09625230930111e-01 0.00000000000000e+00 0.00000000000000e+00 -2.84875153835355e-01 0.00000000000000e+00 0.00000000000000e+00 -7.09442611764892e-01 0.00000000000000e+00 0.00000000000000e+00 -1.57737338009148e+00 0.00000000000000e+00 0.00000000000000e+00 0.00000000000000e+00 1.52684003466695e-01 0.00000000000000e+00 0.00000000000000e+00 0.00000000000000e+00 0.00000000000000e+00 5.39907793378210e-01 0.00000000000000e+00 0.00000000000000e+00 0.00000000000000e+00 0.00000000000000e+00 1.35609048965340e+00 0.00000000000000e+00 0.00000000000000e+00
 9.63637252462397e-01 1.44331775608684e+00 2.13460777130645e+00 3.10435949729600e+00 4.42030870018954e+00 6.13898832652130e+00 8.29368138265502e+00 1.08890115696254e+01 0.00000000000000e+00 0.00000000000000e+00 0.00000000000000e+00 0.00000000000000e+00 0.00000000000000e+00 0.00000000000000e+00 0.00000000000000e+00 0.00000000000000e+00 0.00000000000000e+00 0.00000000000000e+00 0.00000000000000e+00 0.00000000000000e+00 0.00000000000000e+00 0.00000000000000e+00 0.00000000000000e+00 0.00000000000000e+00 0.00000000000000e+00 0.00000000000000e+00 0.00000000000000e+00 0.00000000000000e+00 0.00000000000000e+00 0.00000000000000e+00 0.00000000000000e+00 0.00000000000000e+00 0.00000000000000e+00 0.00000000000000e+00 0.00000000000000e+00 0.00000000000000e+00 0.00000000000000e+00 0.00000000000000e+00 0.00000000000000e+00 0.00000000000000e+00 0.00000000000000e+00 2.35316944516107e-01 3.56067459265299e-01 5.38667632475082e-01 8.14582794717828e-01 1.23081243902382e+00 1.85633342982945e+00 2.78802382108493e+00 4.14939664994512e+00 0.00000000000000e+00 -6.04401486667141e-02 0.00000000000000e+00 0.00000000000000e+00 -1.58099595066723e-01 0.00000000000000e+00 0.00000000000000e+00 -4.06856580685560e-01 0.00000000000000e+00 0.00000000000000e+00 -9.99117289592160e-01 0.00000000000000e+00 0.00000000000000e+00 -2.20060597990495e+00 0.00000000000000e+00 0.00000000000000e+00 0.00000000000000e+00 1.97228809415535e-01 0.00000000000000e+00 0.00000000000000e+00 0.00000000000000e+00 0.00000000000000e+00 6.82633521361246e-01 0.00000000000000e+00 0.00000000000000e+00 0.00000000000000e+00 0.00000000000000e+00 1.72018369850423e+00 0.00000000000000e+00 0.00000000000000e+00
 1.13091890906413e+00 1.70924859812057e+00 2.56008040881569e+00 3.78625393665467e+00 5.50634806329530e+00 7.84050889455838e+00 1.08890115696254e+01 1.47108917181624e+01 0.00000000000000e+00 0.00000000000000e+00 0.00000000000000e+00 0.00000000000000e+00 0.00000000000000e+00 0.00000000000000e+00 0.00000000000000e+00 0.00000000000000e+00 0.00000000000000e+00 0.00000000000000e+00 0.00000000000000e+00 0.00000000000000e+00 0.00000000000000e+00 0.00000000000000e+00 0.00000000000000e+00 0.00000000000000e+00 0.00000000000000e+00 0.00000000000000e+00 0.00000000000000e+00 0.00000000000000e+00 0.00000000000000e+00 0.00000000000000e+00 0.00000000000000e+00 0.00000000000000e+00 0.00000000000000e+00 0.00000000000000e+00 0.00000000000000e+00 0.00000000000000e+00 0.00000000000000e+00 0.00000000000000e+00 0.00000000000000e+00 0.00000000000000e+00 0.00000000000000e+00 3.51343856463893e-01 5.31519050137229e-01 8.03799375634836e-01 1.21475569541463e+00 1.83353741524864e+00 2.76081306607008e+00 4.13702666921544e+00 6.14203493666277e+00 0.00000000000000e+00 -8.09758978403514e-02 0.00000000000000e+00 0.00000000000000e+00 -2.10908622616821e-01 0.00000000000000e+00 0.00000000000000e+00 -5.38615121567661e-01 0.00000000000000e+00 0.00000000000000e+00 -1.31064108133205e+00 0.00000000000000e+00 0.00000000000000e+00 -2.88082877206936e+00 0.00000000000000e+00 0.00000000000000e+00 0.00000000000000e+00 2.25378434447749e-01 0.00000000000000e+00 0.00000000000000e+00 0.00000000000000e+00 0.00000000000000e+00 7.73666538097848e-01 0.00000000000000e+00 0.00000000000000e+00 0.00000000000000e+00 0.00000000000000e+00 1.98456634346978e+00 0.00000000000000e+00 0.00000000000000e+00
 0.00000000000000e+00 0.00000000000000e+00 0.00000000000000e+00 0.00000000000000e+00 0.00000000000000e+00 0.00000000000000e+00 0.00000000000000e+00 0.00000000000000e+00 3.00381208443676e-01 0.00000000000000e+00 0.00000000000000e+00 3.93888357273036e-01 0.00000000000000e+00 0.00000000000000e+00 4.69749076905857e-01 0.00000000000000e+00 0.00000000000000e+00 5.14308865434967e-01 0.00000000000000e+00 0.00000000000000e+00 5.23968034176218e-01 0.00000000000000e+00 0.00000000000000e+00 5.04313518770805e-01 0.00000000000000e+00 0.00000000000000e+00 0.00000000000000e+00 0.00000000000000e+00 0.00000000000000e+00 0.00000000000000e+00 0.00000000000000e+00 0.00000000000000e+00 0.00000000000000e+00 0.00000000000000e+00 0.00000000000000e+00 0.00000000000000e+00 0.00000000000000e+00 0.00000000000000e+00 0.00000000000000e+00 0.00000000000000e+00 0.00000000000000e+00 0.00000000000000e+00 0.00000000000000e+00 0.00000000000000e+00 0.00000000000000e+00 0.00000000000000e+00 0.00000000000000e+00 0.00000000000000e+00 0.00000000000000e+00 1.82527508034974e-03 0.00000000000000e+00 0.00000000000000e+00 4.82271328353194e-03 0.00000000000000e+00 0.00000000000000e+00 1.27103392531181e-02 0.00000000000000e+00 0.00000000000000e+00 3.25623483824829e-02 0.00000000000000e+00 0.00000000000000e+00 7.44217970548239e-02 0.00000000000000e+00 0.00000000000000e+00 0.00000000000000e+00 -1.29081860015739e-02 0.00000000000000e+00 0.00000000000000e+00 0.00000000000000e+00 0.00000000000000e+00 -4.88532814600198e-02 0.00000000000000e+00 0.00000000000000e+00 0.00000000000000e+00 0.00000000000000e+00 -1.25790952493616e-01 0.00000000000000e+00 0.00000000000000e+00 0.00000000000000e+00
 0.00000000000000e+00 0.00000000000000e+00 0.00000000000000e+00 0.00000000000000e+00 0.00000000000000e+00 0.00000000000000e+00 0.00000000000000e+00 0.00000000000000e+00 0.00000000000000e+00 3.00381208443676e-01 0.00000000000000e+00 0.00000000000000e+00 3.93888357273036e-01 0.00000000000000e+00 0.00000000000000e+00 4.69749076905857e-01 0.00000000000000e+00 0.00000000000000e+00 5.14308865434967e-01 0.00000000000000e+00 0.00000000000000e+00 5.23968034176218e-01 0.00000000000000e+00 0.00000000000000e+00 5.04313518770805e-01 0.00000000000000e+00 0.00000000000000e+00 0.00000000000000e+00 0.00000000000000e+00 0.00000000000000e+00 0.00000000000000e+00 0.00000000000000e+00 0.00000000000000e+00 0.00000000000000e+00 0.00000000000000e+00 0.00000000000000e+00 0.00000000000000e+00 0.00000000000000e+00 0.00000000000000e+00 0.00000000000000e+00 0.00000000000000e+00 6.64808784228601e-03 1.00620731957380e-02 1.52291962414429e-02 2.30491134159106e-02 3.48725238474983e-02 5.26124873435157e-02 7.83173267136463e-02 1.12239645054391e-01 0.00000000000000e+00 -3.65034117747216e-03 0.00000000000000e+00 0.00000000000000e+00 -9.63863177964198e-03 0.00000000000000e+00 0.00000000000000e+00 -2.50920272544992e-02 0.00000000000000e+00 0.00000000000000e+00 -5.86313002511019e-02 0.00000000000000e+00 0.00000000000000e+00 -9.98402737291384e-02 0.00000000000000e+00 0.00000000000000e+00 0.00000000000000e+00 2.11826587409620e-02 0.00000000000000e+00 0.00000000000000e+00 0.00000000000000e+00 0.00000000000000e+00 6.07129880292132e-02 0.00000000000000e+00 0.00000000000000e+00 0.00000000000000e+00 0.00000000000000e+00 7.46368285141301e-02 0.00000000000000e+00 0.00000000000000e+00
 0.00000000000000e+00 0.00000000000000e+00 0.00000000000000e+00 0.00000000000000e+00 0.00000000000000e+00 0.00000000000000e+00 0.00000000000000e+00 0.00000000000000e+00 0.00000000000000e+00 0.00000000000000e+00 3.00381208443676e-01 0.00000000000000e+00 0.00000000000000e+00 3.93888357273036e-01 0.00000000000000e+00 0.00000000000000e+00 4.69749076905857e-01 0.00000000000000e+00 0.00000000000000e+00 5.14308865434967e-01 0.00000000000000e+00 0.00000000000000e+00 5.23968034176218e-01 0.00000000000000e+00 0.00000000000000e+00 5.04313518770805e-01 0.00000000000000e+00 0.00000000000000e+00 0.00000000000000e+00 0.00000000000000e+00 0.00000000000000e+00 0.00000000000000e+00 0.00000000000000e+00 0.00000000000000e+00 0.00000000000000e+00 0.00000000000000e+00 0.00000000000000e+00 0.00000000000000e+00 0.00000000000000e+00 0.00000000000000e+00 0.00000000000000e+00 0.00000000000000e+00 0.00000000000000e+00 0.00000000000000e+00 0.00000000000000e+00 0.00000000000000e+00 0.00000000000000e+00 0.00000000000000e+00 0.00000000000000e+00 0.00000000000000e+00 0.00000000000000e+00 1.82527508034974e-03 0.00000000000000e+00 0.00000000000000e+00 4.82271328353194e-03 0.00000000000000e+00 0.00000000000000e+00 1.27103392531181e-02 0.00000000000000e+00 0.00000000000000e+00 3.25623483824829e-02 0.00000000000000e+00 0.00000000000000e+00 7.44217970548238e-02 0.00000000000000e+00 0.00000000000000e+00 0.00000000000000e+00 -1.29081860015739e-02 0.00000000000000e+00 0.00000000000000e+00 0.00000000000000e+00 0.00000000000000e+00 -4.88532814600198e-02 0.00000000000000e+00 0.00000000000000e+00 0.00000000000000e+00 0.00000000000000e+00 -1.25790952493616e-01 0.00000000000000e+00
 0.00000000000000e+00 0.00000000000000e+00 0.00000000000000e+00 0.00000000000000e+00 0.00000000000000e+00 0.00000000000000e+00 0.00000000000000e+00 0.00000000000000e+00 3.93888357273036e-01 0.00000000000000e+00 0.00000000000000e+00 5.69827712179719e-01 0.00000000000000e+00 0.00000000000000e+00 7.47212192939846e-01 0.00000000000000e+00 0.00000000000000e+00 8.91121129642801e-01 0.00000000000000e+00 0.00000000000000e+00 9.75651724896455e-01 0.00000000000000e+00 0.00000000000000e+00 9.93975314623991e-01 0.00000000000000e+00 0.00000000000000e+00 0.00000000000000e+00 0.00000000000000e+00 0.00000000000000e+00 0.00000000000000e+00 0.00000000000000e+00 0.00000000000000e+00 0.00000000000000e+00 0.00000000000000e+00 0.00000000000000e+00 0.00000000000000e+00 0.00000000000000e+00 0.00000000000000e+00 0.00000000000000e+00 0.00000000000000e+00 0.00000000000000e+00 0.00000000000000e+00 0.00000000000000e+00 0.00000000000000e+00 0.00000000000000e+00 0.00000000000000e+00 0.00000000000000e+00 0.00000000000000e+00 0.00000000000000e+00 4.06248867929318e-03 0.00000000000000e+00 0.00000000000000e+00 1.07287280805548e-02 0.00000000000000e+00 0.00000000000000e+00 2.82029482364233e-02 0.00000000000000e+00 0.00000000000000e+00 7.16951199020010e-02 0.00000000000000e+00 0.00000000000000e+00 1.62349740682022e-01 0.00000000000000e+00 0.00000000000000e+00 0.00000000000000e+00 -2.82477316745475e-02 0.00000000000000e+00 0.00000000000000e+00 0.00000000000000e+00 0.00000000000000e+00 -1.04352926149746e-01 0.00000000000000e+00 0.00000000000000e+00 0.00000000000000e+00 0.00000000000000e+00 -2.65371583872816e-01 0.00000000000000e+00 0.00000000000000e+00 0.00000000000000e+00
 0.00000000000000e+00 0.00000000000000e+00 0.00000000000000e+00 0.00000000000000e+00 0.00000000000000e+00 0.00000000000000e+00 0.00000000000000e+00 0.00000000000000e+00 0.00000000000000e+00 3.93888357273036e-01 0.00000000000000e+00 0.00000000000000e+00 5.69827712179719e-01 0.00000000000000e+00 0.00000000000000e+00 7.47212192939846e-01 0.00000000000000e+00 0.00000000000000e+00 8.91121129642801e-01 0.00000000000000e+00 0.00000000000000e+00 9.75651724896455e-01 0.00000000000000e+00 0.00000000000000e+00 9.93975314623991e-01 0.00000000000000e+00 0.00000000000000e+00 0.00000000000000e+00 0.00000000000000e+00 0.00000000000000e+00 0.00000000000000e+00 0.00000000000000e+00 0.00000000000000e+00 0.00000000000000e+00 0.00000000000000e+00 0.00000000000000e+00 0.00000000000000e+00 0.00000000000000e+00 0.00000000000000e+00 0.00000000000000e+00 0.00000000000000e+00 1.47983886417578e-02 2.23971121924259e-02 3.38961208459285e-02 5.12901507619620e-02 7.75438846610154e-02 1.16740038109557e-01 1.73007393093476e-01 2.46478869646677e-01 0.00000000000000e+00 -8.11035068166697e-03 0.00000000000000e+00 0.00000000000000e+00 -2.13518195645232e-02 0.00000000000000e+00 0.00000000000000e+00 -5.49085530148396e-02 0.00000000000000e+00 0.00000000000000e+00 -1.25022405773070e-01 0.00000000000000e+00 0.00000000000000e+00 -2.07478945031445e-01 0.00000000000000e+00 0.00000000000000e+00 0.00000000000000e+00 4.45366707121278e-02 0.00000000000000e+00 0.00000000000000e+00 0.00000000000000e+00 0.00000000000000e+00 1.20667126977463e-01 0.00000000000000e+00 0.00000000000000e+00 0.00000000000000e+00 0.00000000000000e+00 1.39965283415758e-01 0.00000000000000e+00 0.00000000000000e+00
 0.00000000000000e+00 0.00000000000000e+00 0.00000000000000e+00 0.00000000000000e+00 0.00000000000000e+00 0.00000000000000e+00 0.00000000000000e+00 0.00000000000000e+00 0.00000000000000e+00 0.00000000000000e+00 3.93888357273036e-01 0.00000000000000e+00 0.00000000000000e+00 5.69827712179719e-01 0.00000000000000e+00 0.00000000000000e+00 7.47212192939846e-01 0.00000000000000e+00 0.00000000000000e+00 8.91121129642801e-01 0.00000000000000e+00 0.00000000000000e+00 9.75651724896455e-01 0.00000000000000e+00 0.00000000000000e+00 9.93975314623991e-01 0.00000000000000e+00 0.00000000000000e+00 0.00000000000000e+00 0.00000000000000e+00 0.00000000000000e+00 0.00000000000000e+00 0.00000000000000e+00 0.00000000000000e+00 0.00000000000000e+00 0.00000000000000e+00 0.00000000000000e+00 0.00000000000000e+00 0.00000000000000e+00 0.00000000000000e+00 0.00000000000000e+00 0.00000000000000e+00 0.00000000000000e+00 0.00000000000000e+00 0.00000000000000e+00 0.00000000000000e+00 0.00000000000000e+00 0.00000000000000e+00 0.00000000000000e+00 0.00000000000000e+00 0.00000000000000e+00 4.06248867929318e-03 0.00000000000000e+00 0.00000000000000e+00 1.07287280805548e-02 0.00000000000000e+00 0.00000000000000e+00 2.82029482364233e-02 0.00000000000000e+00 0.00000000000000e+00 7.16951199020010e-02 0.00000000000000e+00 0.00000000000000e+00 1.62349740682021e-01 0.00000000000000e+00 0.00000000000000e+00 0.00000000000000e+00 -2.82477316745475e-02 0.00000000000000e+00 0.00000000000000e+00 0.00000000000000e+00 0.00000000000000e+00 -1.04352926149746e-01 0.00000000000000e+00 0.00000000000000e+00 0.00000000000000e+00 0.00000000000000e+00 -2.65371583872816e-01 0.00000000000000e+00
 0.00000000000000e+00 0.00000000000000e+00 0.00000000000000e+00 0.00000000000000e+00 0.00000000000000e+00 0.00000000000000e+00 0.00000000000000e+00 0.00000000000000e+00 4.69749076905857e-01 0.00000000000000e+00 0.00000000000000e+00 7.47212192939846e-01 0.00000000000000e+00 0.00000000000000e+00 1.08097181994278e+00 0.00000000000000e+00 0.00000000000000e+00 1.41747287262658e+00 0.00000000000000e+00 0.00000000000000e+00 1.69047031007792e+00 0.00000000000000e+00 0.00000000000000e+00 1.85082613244159e+00 0.00000000000000e+00 0.00000000000000e+00 0.00000000000000e+00 0.00000000000000e+00 0.00000000000000e+00 0.00000000000000e+00 0.00000000000000e+00 0.00000000000000e+00 0.00000000000000e+00 0.00000000000000e+00 0.00000000000000e+00 0.00000000000000e+00 0.00000000000000e+00 0.00000000000000e+00 0.00000000000000e+00 0.00000000000000e+00 0.00000000000000e+00 0.00000000000000e+00 0.00000000000000e+00 0.00000000000000e+00 0.00000000000000e+00 0.00000000000000e+00 0.00000000000000e+00 0.00000000000000e+00 0.00000000000000e+00 8.99938343453728e-03 0.00000000000000e+00 0.00000000000000e+00 2.37105637625581e-02 0.00000000000000e+00 0.00000000000000e+00 6.19002061078026e-02 0.00000000000000e+00 0.00000000000000e+00 1.55170347542484e-01 0.00000000000000e+00 0.00000000000000e+00 3.46604088739610e-01 0.00000000000000e+00 0.00000000000000e+00 0.00000000000000e+00 -5.95635633319925e-02 0.00000000000000e+00 0.00000000000000e+00 0.00000000000000e+00 0.00000000000000e+00 -2.12592831016407e-01 0.00000000000000e+00 0.00000000000000e+00 0.00000000000000e+00 0.00000000000000e+00 -5.33699100934276e-01 0.00000000000000e+00 0.00000000000000e+00 0.00000000000000e+00
 0.00000000000000e+00 0.00000000000000e+00 0.00000000000000e+00 0.00000000000000e+00 0.00000000000000e+00 0.00000000000000e+00 0.00000000000000e+00 0.00000000000000e+00 0.00000000000000e+00 4.69749076905857e-01 0.00000000000000e+00 0.00000000000000e+00 7.47212192939846e-01 0.00000000000000e+00 0.00000000000000e+00 1.08097181994278e+00 0.00000000000000e+00 0.00000000000000e+00 1.41747287262658e+00 0.00000000000000e+00 0.00000000000000e+00 1.69047031007792e+00 0.00000000000000e+00 0.00000000000000e+00 1.85082613244159e+00 0.00000000000000e+00 0.00000000000000e+00 0.00000000000000e+00 0.00000000000000e+00 0.00000000000000e+00 0.00000000000000e+00 0.00000000000000e+00 0.00000000000000e+00 0.00000000000000e+00 0.00000000000000e+00 0.00000000000000e+00 0.00000000000000e+00 0.00000000000000e+00 0.00000000000000e+00 0.00000000000000e+00 0.00000000000000e+00 3.28169172553625e-02 4.96532161057587e-02 7.51026626401436e-02 1.13506046893042e-01 1.71161492605590e-01 2.56336712199136e-01 3.76722328418225e-01 5.31559844343976e-01 0.00000000000000e+00 -1.76026763731489e-02 0.00000000000000e+00 0.00000000000000e+00 -4.58516277856378e-02 0.00000000000000e+00 0.00000000000000e+00 -1.14885644118806e-01 0.00000000000000e+00 0.00000000000000e+00 -2.51149869623474e-01 0.00000000000000e+00 0.00000000000000e+00 -4.01631838940354e-01 0.00000000000000e+00 0.00000000000000e+00 0.00000000000000e+00 8.46641576183605e-02 0.00000000000000e+00 0.00000000000000e+00 0.00000000000000e+00 0.00000000000000e+00 2.12366635041230e-01 0.00000000000000e+00 0.00000000000000e+00 0.00000000000000e+00 0.00000000000000e+00 2.22256423775169e-01 0.00000000000000e+00 0.00000000000000e+00
 0.00000000000000e+00 0.00000000000000e+00 0.00000000000000e+00 0.00000000000000e+00 0.00000000000000e+00 0.00000000000000e+00 0.00000000000000e+00 0.00000000000000e+00 0.00000000000000e+00 0.00000000000000e+00 4.69749076905857e-01 0.00000000000000e+00 0.00000000000000e+00 7.47212192939846e-01 0.00000000000000e+00 0.00000000000000e+00 1.08097181994278e+00 0.00000000000000e+00 0.00000000000000e+00 1.41747287262658e+00 0.00000000000000e+00 0.00000000000000e+00 1.69047031007792e+00 0.00000000000000e+00 0.00000000000000e+00 1.85082613244159e+00 0.00000000000000e+00 0.00000000000000e+00 0.00000000000000e+00 0.00000000000000e+00 0.00000000000000e+00 0.00000000000000e+00 0.00000000000000e+00 0.00000000000000e+00 0.00000000000000e+00 0.00000000000000e+00 0.00000000000000e+00 0.00000000000000e+00 0.00000000000000e+00 0.00000000000000e+00 0.00000000000000e+00 0.00000000000000e+00 0.00000000000000e+00 0.00000000000000e+00 0.00000000000000e+00 0.00000000000000e+00 0.00000000000000e+00 0.00000000000000e+00 0.00000000000000e+00 0.00000000000000e+00 0.00000000000000e+00 8.99938343453728e-03 0.00000000000000e+00 0.00000000000000e+00 2.37105637625581e-02 0.00000000000000e+00 0.00000000000000e+00 6.19002061078026e-02 0.00000000000000e+00 0.00000000000000e+00 1.55170347542484e-01 0.00000000000000e+00 0.00000000000000e+00 3.46604088739610e-01 0.00000000000000e+00 0.00000000000000e+00 0.00000000000000e+00 -5.95635633319925e-02 0.00000000000000e+00 0.00000000000000e+00 0.00000000000000e+00 0.00000000000000e+00 -2.12592831016407e-01 0.00000000000000e+00 0.00000000000000e+00 0.00000000000000e+00 0.00000000000000e+00 -5.33699100934276e-01 0.00000000000000e+00
 0.00000000000000e+00 0.00000000000000e+00 0.00000000000000e+00 0.00000000000000e+00 0.00000000000000e+00 0.00000000000000e+00 0.00000000000000e+00 0.00000000000000e+00 5.14308865434967e-01 0.00000000000000e+00 0.00000000000000e+00 8.91121129642801e-01 0.00000000000000e+00 0.00000000000000e+00 1.41747287262658e+00 0.00000000000000e+00 0.00000000000000e+00 2.05061995149486e+00 0.00000000000000e+00 0.00000000000000e+00 2.68896755649436e+00 0.00000000000000e+00 0.00000000000000e+00 3.20684783941822e+00 0.00000000000000e+00 0.00000000000000e+00 0.00000000000000e+00 0.00000000000000e+00 0.00000000000000e+00 0.00000000000000e+00 0.00000000000000e+00 0.00000000000000e+00 0.00000000000000e+00 0.00000000000000e+00 0.00000000000000e+00 0.00000000000000e+00 0.00000000000000e+00 0.00000000000000e+00 0.00000000000000e+00 0.00000000000000e+00 0.00000000000000e+00 0.00000000000000e+00 0.00000000000000e+00 0.00000000000000e+00 0.00000000000000e+00 0.00000000000000e+00 0.00000000000000e+00 0.00000000000000e+00 0.00000000000000e+00 1.93433375516697e-02 0.00000000000000e+00 0.00000000000000e+00 5.06776792304260e-02 0.00000000000000e+00 0.00000000000000e+00 1.30731275500360e-01 0.00000000000000e+00 0.00000000000000e+00 3.21746366000833e-01 0.00000000000000e+00 0.00000000000000e+00 7.08529713087799e-01 0.00000000000000e+00 0.00000000000000e+00 0.00000000000000e+00 -1.14388060228251e-01 0.00000000000000e+00 0.00000000000000e+00 0.00000000000000e+00 0.00000000000000e+00 -3.95039741979850e-01 0.00000000000000e+00 0.00000000000000e+00 0.00000000000000e+00 0.00000000000000e+00 -9.88583702869675e-01 0.00000000000000e+00 0.00000000000000e+00 0.00000000000000e+00
 0.00000000000000e+00 0.00000000000000e+00 0.00000000000000e+00 0.00000000000000e+00 0.00000000000000e+00 0.00000000000000e+00 0.00000000000000e+00 0.00000000000000e+00 0.00000000000000e+00 5.14308865434967e-01 0.00000000000000e+00 0.00000000000000e+00 8.91121129642801e-01 0.00000000000000e+00 0.00000000000000e+00 1.41747287262658e+00 0.00000000000000e+00 0.00000000000000e+00 2.05061995149486e+00 0.00000000000000e+00 0.00000000000000e+00 2.68896755649436e+00 0.00000000000000e+00 0.00000000000000e+00 3.20684783941822e+00 0.00000000000000e+00 0.00000000000000e+00 0.00000000000000e+00 0.00000000000000e+00 0.00000000000000e+00 0.00000000000000e+00 0.00000000000000e+00 0.00000000000000e+00 0.00000000000000e+00 0.00000000000000e+00 0.00000000000000e+00 0.00000000000000e+00 0.00000000000000e+00 0.00000000000000e+00 0.00000000000000e+00 0.00000000000000e+00 7.07655290695480e-02 1.06969722976451e-01 1.61523902354920e-01 2.43381900687884e-01 3.65062888882152e-01 5.42061065848601e-01 7.87555946394945e-01 1.09859897530711e+00 0.00000000000000e+00 -3.43296092251437e-02 0.00000000000000e+00 0.00000000000000e+00 -8.77873102085047e-02 0.00000000000000e+00 0.00000000000000e+00 -2.12388281154531e-01 0.00000000000000e+00 0.00000000000000e+00 -4.43090372267892e-01 0.00000000000000e+00 0.00000000000000e+00 -6.78007668697746e-01 0.00000000000000e+00 0.00000000000000e+00 0.00000000000000e+00 1.30013317676071e-01 0.00000000000000e+00 0.00000000000000e+00 0.00000000000000e+00 0.00000000000000e+00 2.98225914977072e-01 0.00000000000000e+00 0.00000000000000e+00 0.00000000000000e+00 0.00000000000000e+00 2.48767266001169e-01 0.00000000000000e+00 0.00000000000000e+00
 0.00000000000000e+00 0.00000000000000e+00 0.00000000000000e+00 0.00000000000000e+00 0.00000000000000e+00 0.00000000000000e+00 0.00000000000000e+00 0.00000000000000e+00 0.00000000000000e+00 0.00000000000000e+00 5.14308865434967e-01 0.00000000000000e+00 0.00000000000000e+00 8.91121129642801e-01 0.00000000000000e+00 0.00000000000000e+00 1.41747287262658e+00 0.00000000000000e+00 0.00000000000000e+00 2.05061995149486e+00 0.00000000000000e+00 0.00000000000000e+00 2.68896755649436e+00 0.00000000000000e+00 0.00000000000000e+00 3.20684783941822e+00 0.00000000000000e+00 0.00000000000000e+00 0.00000000000000e+00 0.00000000000000e+00 0.00000000000000e+00 0.00000000000000e+00 0.00000000000000e+00 0.00000000000000e+00 0.00000000000000e+00 0.00000000000000e+00 0.00000000000000e+00 0.00000000000000e+00 0.00000000000000e+00 0.00000000000000e+00 0.00000000000000e+00 0.00000000000000e+00 0.00000000000000e+00 0.00000000000000e+00 0.00000000000000e+00 0.00000000000000e+00 0.00000000000000e+00 0.00000000000000e+00 0.00000000000000e+00 0.00000000000000e+00 0.00000000000000e+00 1.93433375516697e-02 0.00000000000000e+00 0.00000000000000e+00 5.06776792304260e-02 0.00000000000000e+00 0.00000000000000e+00 1.30731275500360e-01 0.00000000000000e+00 0.00000000000000e+00 3.21746366000833e-01 0.00000000000000e+00 0.00000000000000e+00 7.08529713087799e-01 0.00000000000000e+00 0.00000000000000e+00 0.00000000000000e+00 -1.14388060228251e-01 0.00000000000000e+00 0.00000000000000e+00 0.00000000000000e+00 0.00000000000000e+00 -3.95039741979850e-01 0.00000000000000e+00 0.00000000000000e+00 0.00000000000000e+00 0.00000000000000e+00 -9.88583702869675e-01 0.00000000000000e+00
 0.00000000000000e+00 0.00000000000000e+00 0.00000000000000e+00 0.00000000000000e+00 0.00000000000000e+00 0.00000000000000e+00 0.00000000000000e+00 0.00000000000000e+00 5.23968034176218e-01 0.00000000000000e+00 0.00000000000000e+00 9.75651724896455e-01 0.00000000000000e+00 0.00000000000000e+00 1.69047031007792e+00 0.00000000000000e+00 0.00000000000000e+00 2.68896755649436e+00 0.00000000000000e+00 0.00000000000000e+00 3.89005717622811e+00 0.00000000000000e+00 0.00000000000000e+00 5.10101227297637e+00 0.00000000000000e+00 0.00000000000000e+00 0.00000000000000e+00 0.00000000000000e+00 0.00000000000000e+00 0.00000000000000e+00 0.00000000000000e+00 0.00000000000000e+00 0.00000000000000e+00 0.00000000000000e+00 0.00000000000000e+00 0.00000000000000e+00 0.00000000000000e+00 0.00000000000000e+00 0.00000000000000e+00 0.00000000000000e+00 0.00000000000000e+00 0.00000000000000e+00 0.00000000000000e+00 0.00000000000000e+00 0.00000000000000e+00 0.00000000000000e+00 0.00000000000000e+00 0.00000000000000e+00 0.00000000000000e+00 3.80706182193753e-02 0.00000000000000e+00 0.00000000000000e+00 9.91116329965675e-02 0.00000000000000e+00 0.00000000000000e+00 2.52776897542762e-01 0.00000000000000e+00 0.00000000000000e+00 6.13350503465922e-01 0.00000000000000e+00 0.00000000000000e+00 1.34252492038051e+00 0.00000000000000e+00 0.00000000000000e+00 0.00000000000000e+00 -1.86528543526743e-01 0.00000000000000e+00 0.00000000000000e+00 0.00000000000000e+00 0.00000000000000e+00 -6.34740011927988e-01 0.00000000000000e+00 0.00000000000000e+00 0.00000000000000e+00 0.00000000000000e+00 -1.61809729499240e+00 0.00000000000000e+00 0.00000000000000e+00 0.00000000000000e+00
 0.00000000000000e+00 0.00000000000000e+00 0.00000000000000e+00 0.00000000000000e+00 0.00000000000000e+00 0.00000000000000e+00 0.00000000000000e+00 0.00000000000000e+00 0.00000000000000e+00 5.23968034176218e-01 0.00000000000000e+00 0.00000000000000e+00 9.75651724896455e-01 0.00000000000000e+00 0.00000000000000e+00 1.69047031007792e+00 0.00000000000000e+00 0.00000000000000e+00 2.68896755649436e+00 0.00000000000000e+00 0.00000000000000e+00 3.89005717622811e+00 0.00000000000000e+00 0.00000000000000e+00 5.10101227297637e+00 0.00000000000000e+00 0.00000000000000e+00 0.00000000000000e+00 0.00000000000000e+00 0.00000000000000e+00 0.00000000000000e+00 0.00000000000000e+00 0.00000000000000e+00 0.00000000000000e+00 0.00000000000000e+00 0.00000000000000e+00 0.00000000000000e+00 0.00000000000000e+00 0.00000000000000e+00 0.00000000000000e+00 0.00000000000000e+00 1.39848780431931e-01 2.11137244992339e-01 3.18149522354687e-01 4.77708686677100e-01 7.12568464006796e-01 1.04969033026748e+00 1.51109853173225e+00 2.09232841180158e+00 0.00000000000000e+00 -5.27562460299881e-02 0.00000000000000e+00 0.00000000000000e+00 -1.32519691221731e-01 0.00000000000000e+00 0.00000000000000e+00 -3.10796434426048e-01 0.00000000000000e+00 0.00000000000000e+00 -6.21769668991409e-01 0.00000000000000e+00 0.00000000000000e+00 -9.00173570154517e-01 0.00000000000000e+00 0.00000000000000e+00 0.00000000000000e+00 1.41357036446321e-01 0.00000000000000e+00 0.00000000000000e+00 0.00000000000000e+00 0.00000000000000e+00 2.84761899964783e-01 0.00000000000000e+00 0.00000000000000e+00 0.00000000000000e+00 0.00000000000000e+00 7.15292856556853e-02 0.00000000000000e+00 0.00000000000000e+00
 0.00000000000000e+00 0.00000000000000e+00 0.00000000000000e+00 0.00000000000000e+00 0.00000000000000e+00 0.00000000000000e+00 0.00000000000000e+00 0.00000000000000e+00 0.00000000000000e+00 0.00000000000000e+00 5.23968034176218e-01 0.00000000000000e+00 0.00000000000000e+00 9.75651724896455e-01 0.00000000000000e+00 0.00000000000000e+00 1.69047031007792e+00 0.00000000000000e+00 0.00000000000000e+00 2.68896755649436e+00 0.00000000000000e+00 0.00000000000000e+00 3.89005717622811e+00 0.00000000000000e+00 0.00000000000000e+00 5.10101227297637e+00 0.00000000000000e+00 0.00000000000000e+00 0.00000000000000e+00 0.00000000000000e+00 0.00000000000000e+00 0.00000000000000e+00 0.00000000000000e+00 0.00000000000000e+00 0.00000000000000e+00 0.00000000000000e+00 0.00000000000000e+00 0.00000000000000e+00 0.00000000000000e+00 0.00000000000000e+00 0.00000000000000e+00 0.00000000000000e+00 0.00000000000000e+00 0.00000000000000e+00 0.00000000000000e+00 0.00000000000000e+00 0.00000000000000e+00 0.00000000000000e+00 0.00000000000000e+00 0.00000000000000e+00 0.00000000000000e+00 3.80706182193753e-02 0.00000000000000e+00 0.00000000000000e+00 9.91116329965675e-02 0.00000000000000e+00 0.00000000000000e+00 2.52776897542762e-01 0.00000000000000e+00 0.00000000000000e+00 6.13350503465922e-01 0.00000000000000e+00 0.00000000000000e+00 1.34252492038051e+00 0.00000000000000e+00 0.00000000000000e+00 0.00000000000000e+00 -1.86528543526742e-01 0.00000000000000e+00 0.00000000000000e+00 0.00000000000000e+00 0.00000000000000e+00 -6.34740011927988e-01 0.00000000000000e+00 0.00000000000000e+00 0.00000000000000e+00 0.00000000000000e+00 -1.61809729499240e+00 0.00000000000000e+00
 0.00000000000000e+00 0.00000000000000e+00 0.00000000000000e+00 0.00000000000000e+00 0.00000000000000e+00 0.00000000000000e+00 0.00000000000000e+00 0.00000000000000e+00 5.04313518770805e-01 0.00000000000000e+00 0.00000000000000e+00 9.93975314623991e-01 0.00000000000000e+00 0.00000000000000e+00 1.85082613244159e+00 0.00000000000000e+00 0.00000000000000e+00 3.20684783941822e+00 0.00000000000000e+00 0.00000000000000e+00 5.10101227297637e+00 0.00000000000000e+00 0.00000000000000e+00 7.37949751405305e+00 0.00000000000000e+00 0.00000000000000e+00 0.00000000000000e+00 0.00000000000000e+00 0.00000000000000e+00 0.00000000000000e+00 0.00000000000000e+00 0.00000000000000e+00 0.00000000000000e+00 0.00000000000000e+00 0.00000000000000e+00 0.00000000000000e+00 0.00000000000000e+00 0.00000000000000e+00 0.00000000000000e+00 0.00000000000000e+00 0.00000000000000e+00 0.00000000000000e+00 0.00000000000000e+00 0.00000000000000e+00 0.00000000000000e+00 0.00000000000000e+00 0.00000000000000e+00 0.00000000000000e+00 0.00000000000000e+00 6.48271511179821e-02 0.00000000000000e+00 0.00000000000000e+00 1.68228967786852e-01 0.00000000000000e+00 0.00000000000000e+00 4.27030624176846e-01 0.00000000000000e+00 0.00000000000000e+00 1.03338458860983e+00 0.00000000000000e+00 0.00000000000000e+00 2.28181766846893e+00 0.00000000000000e+00 0.00000000000000e+00 0.00000000000000e+00 -2.46925308248793e-01 0.00000000000000e+00 0.00000000000000e+00 0.00000000000000e+00 0.00000000000000e+00 -8.48233206955779e-01 0.00000000000000e+00 0.00000000000000e+00 0.00000000000000e+00 0.00000000000000e+00 -2.25975091259347e+00 0.00000000000000e+00 0.00000000000000e+00 0.00000000000000e+00
