pVp:
 -2.93927170356806e+03 -1.49852552570040e+03 8.56834769334663e+01 3.91732288111854e+01 0.00000000000000e+00 0.00000000000000e+00 1.89611952637639e-01 0.00000000000000e+00 0.00000000000000e+00 2.07261963656164e-01 1.72802722103399e-03 1.11354965644746e-02 1.74999178121236e-01 9.73350402800189e-01 0.00000000000000e+00 0.00000000000000e+00 -1.42317897947053e+00 0.00000000000000e+00 0.00000000000000e+00 1.31809777103702e+00
 -1.49852552570040e+03 -8.43825747232058e+02 4.02894650006685e+01 2.32820073859536e+01 0.00000000000000e+00 0.00000000000000e+00 -4.67151094255408e-01 0.00000000000000e+00 0.00000000000000e+00 2.00659340408102e-01 5.49002194391079e-02 1.04141622964301e-01 1.86110821876969e-01 1.34466744290526e+00 0.00000000000000e+00 0.00000000000000e+00 -1.81921417192367e+00 0.00000000000000e+00 0.00000000000000e+00 1.89646338356242e+00
 8.56834769334663e+01 4.02894650006685e+01 -1.25606691741150e+01 -5.29141481109031e+00 0.00000000000000e+00 0.00000000000000e+00 -1.94430841577082e+00 0.00000000000000e+00 0.00000000000000e+00 -5.04371135139781e-01 5.04759605599623e-01 6.08248548188144e-01 -1.21912908191556e+00 -1.99486292810319e-01 0.00000000000000e+00 0.00000000000000e+00 4.56205395923612e+00 0.00000000000000e+00 0.00000000000000e+00 5.48744081884496e+00
 3.91732288111854e+01 2.32820073859536e+01 -5.29141481109031e+00 -3.53411531689241e+00 0.00000000000000e+00 0.00000000000000e+00 -9.32419421623770e-01 0.00000000000000e+00 0.00000000000000e+00 -4.57623022903165e-01 -3.67478031670269e-01 -4.58878511995888e-01 -1.39644077099413e+00 -1.20581143165850e+00 0.00000000000000e+00 0.00000000000000e+00 3.64326525012692e+00 0.00000000000000e+00 0.00000000000000e+00 3.46994301645937e+00
 0.00000000000000e+00 0.00000000000000e+00 0.00000000000000e+00 0.00000000000000e+00 -7.09884422862338e+01 0.00000000000000e+00 0.00000000000000e+00 -1.68407554475404e+01 0.00000000000000e+00 0.00000000000000e+00 0.00000000000000e+00 0.00000000000000e+00 0.00000000000000e+00 0.00000000000000e+00 -2.01534830726596e+00 0.00000000000000e+00 0.00000000000000e+00 -3.98446130222577e+00 0.00000000000000e+00 0.00000000000000e+00
 0.00000000000000e+00 0.00000000000000e+00 0.00000000000000e+00 0.00000000000000e+00 0.00000000000000e+00 -7.09884422862337e+01 0.00000000000000e+00 0.00000000000000e+00 -1.68407554475404e+01 0.00000000000000e+00 0.00000000000000e+00 0.00000000000000e+00 0.00000000000000e+00 0.00000000000000e+00 0.00000000000000e+00 -2.01534830726595e+00 0.00000000000000e+00 0.00000000000000e+00 -3.98446130222577e+00 0.00000000000000e+00
 1.89611952637639e-01 -4.67151094255408e-01 -1.94430841577082e+00 -9.32419421623770e-01 0.00000000000000e+00 0.00000000000000e+00 -7.20153311795489e+01 0.00000000000000e+00 0.00000000000000e+00 -1.69557841746991e+01 7.51053376390157e-01 8.40651166880238e-01 -4.74875109228081e+00 -3.34781989783197e+00 0.00000000000000e+00 0.00000000000000e+00 1.13645020158473e+01 0.00000000000000e+00 0.00000000000000e+00 1.00070785886772e+01
 0.00000000000000e+00 0.00000000000000e+00 0.00000000000000e+00 0.00000000000000e+00 -1.68407554475404e+01 0.00000000000000e+00 0.00000000000000e+00 -7.44551725933903e+00 0.00000000000000e+00 0.00000000000000e+00 0.00000000000000e+00 0.00000000000000e+00 0.00000000000000e+00 0.00000000000000e+00 -3.48274571128987e+00 0.00000000000000e+00 0.00000000000000e+00 -3.98282465927543e+00 0.00000000000000e+00 0.00000000000000e+00
 0.00000000000000e+00 0.00000000000000e+00 0.00000000000000e+00 0.00000000000000e+00 0.00000000000000e+00 -1.68407554475404e+01 0.00000000000000e+00 0.00000000000000e+00 -7.44551725933903e+00 0.00000000000000e+00 0.00000000000000e+00 0.00000000000000e+00 0.00000000000000e+00 0.00000000000000e+00 0.00000000000000e+00 -3.48274571128987e+00 0.00000000000000e+00 0.00000000000000e+00 -3.98282465927544e+00 0.00000000000000e+00
 2.07261963656164e-01 2.00659340408102e-01 -5.04371135139781e-01 -4.57623022903165e-01 0.00000000000000e+00 0.00000000000000e+00 -1.69557841746991e+01 0.00000000000000e+00 0.00000000000000e+00 -7.43300406584479e+00 -1.61573825235641e+00 -2.01441402982707e+00 -4.01092875671468e+00 -4.39780010534622e+00 0.00000000000000e+00 0.00000000000000e+00 5.84752665803577e+00 0.00000000000000e+00 0.00000000000000e+00 4.08383066312807e+00
 1.72802722103399e-03 5.49002194391079e-02 5.04759605599623e-01 -3.67478031670269e-01 0.00000000000000e+00 0.00000000000000e+00 7.51053376390157e-01 0.00000000000000e+00 0.00000000000000e+00 -1.61573825235641e+00 -7.79986674466699e+03 -4.38835738722939e+03 1.16862157532618e+02 2.66166068546527e+02 0.00000000000000e+00 0.00000000000000e+00 -9.17024512161862e-02 0.00000000000000e+00 0.00000000000000e+00 -2.14282166966543e-01
 1.11354965644746e-02 1.04141622964301e-01 6.08248548188144e-01 -4.58878511995888e-01 0.00000000000000e+00 0.00000000000000e+00 8.40651166880238e-01 0.00000000000000e+00 0.00000000000000e+00 -2.01441402982707e+00 -4.38835738722939e+03 -2.64561107739851e+03 7.35577930537761e+01 1.35832601117452e+02 0.00000000000000e+00 0.00000000000000e+00 5.32833517533909e-01 0.00000000000000e+00 0.00000000000000e+00 -2.04146751226083e-01
 1.74999178121236e-01 1.86110821876969e-01 -1.21912908191556e+00 -1.39644077099413e+00 0.00000000000000e+00 0.00000000000000e+00 -4.74875109228081e+00 0.00000000000000e+00 0.00000000000000e+00 -4.01092875671468e+00 1.16862157532618e+02 7.35577930537761e+01 -9.13259039170292e+00 -1.40183397053462e+01 0.00000000000000e+00 0.00000000000000e+00 1.12372047494367e+00 0.00000000000000e+00 0.00000000000000e+00 7.52253503585545e-01
 9.73350402800189e-01 1.34466744290526e+00 -1.99486292810319e-01 -1.20581143165850e+00 0.00000000000000e+00 0.00000000000000e+00 -3.34781989783197e+00 0.00000000000000e+00 0.00000000000000e+00 -4.39780010534622e+00 2.66166068546527e+02 1.35832601117452e+02 -1.40183397053462e+01 -3.73506154519769e+01 0.00000000000000e+00 0.00000000000000e+00 2.20770416718610e+00 0.00000000000000e+00 0.00000000000000e+00 6.51309620229697e-01
 0.00000000000000e+00 0.00000000000000e+00 0.00000000000000e+00 0.00000000000000e+00 -2.01534830726596e+00 0.00000000000000e+00 0.00000000000000e+00 -3.48274571128987e+00 0.00000000000000e+00 0.00000000000000e+00 0.00000000000000e+00 0.00000000000000e+00 0.00000000000000e+00 0.00000000000000e+00 -2.17063926856038e+02 0.00000000000000e+00 0.00000000000000e+00 -4.70201270884078e+01 0.00000000000000e+00 0.00000000000000e+00
 0.00000000000000e+00 0.00000000000000e+00 0.00000000000000e+00 0.00000000000000e+00 0.00000000000000e+00 -2.01534830726595e+00 0.00000000000000e+00 0.00000000000000e+00 -3.48274571128987e+00 0.00000000000000e+00 0.00000000000000e+00 0.00000000000000e+00 0.00000000000000e+00 0.00000000000000e+00 0.00000000000000e+00 -2.17063926856038e+02 0.00000000000000e+00 0.00000000000000e+00 -4.70201270884079e+01 0.00000000000000e+00
 -1.42317897947053e+00 -1.81921417192367e+00 4.56205395923612e+00 3.64326525012692e+00 0.00000000000000e+00 0.00000000000000e+00 1.13645020158473e+01 0.00000000000000e+00 0.00000000000000e+00 5.84752665803577e+00 -9.17024512161862e-02 5.32833517533909e-01 1.12372047494367e+00 2.20770416718610e+00 0.00000000000000e+00 0.00000000000000e+00 -2.17973985382009e+02 0.00000000000000e+00 0.00000000000000e+00 -4.72443918540833e+01
 0.00000000000000e+00 0.00000000000000e+00 0.00000000000000e+00 0.00000000000000e+00 -3.98446130222577e+00 0.00000000000000e+00 0.00000000000000e+00 -3.98282465927543e+00 0.00000000000000e+00 0.00000000000000e+00 0.00000000000000e+00 0.00000000000000e+00 0.00000000000000e+00 0.00000000000000e+00 -4.70201270884078e+01 0.00000000000000e+00 0.00000000000000e+00 -1.90760081009369e+01 0.00000000000000e+00 0.00000000000000e+00
 0.00000000000000e+00 0.00000000000000e+00 0.00000000000000e+00 0.00000000000000e+00 0.00000000000000e+00 -3.98446130222577e+00 0.00000000000000e+00 0.00000000000000e+00 -3.98282465927544e+00 0.00000000000000e+00 0.00000000000000e+00 0.00000000000000e+00 0.00000000000000e+00 0.00000000000000e+00 0.00000000000000e+00 -4.70201270884079e+01 0.00000000000000e+00 0.00000000000000e+00 -1.90760081009369e+01 0.00000000000000e+00
 1.31809777103702e+00 1.89646338356242e+00 5.48744081884496e+00 3.46994301645937e+00 0.00000000000000e+00 0.00000000000000e+00 1.00070785886772e+01 0.00000000000000e+00 0.00000000000000e+00 4.08383066312807e+00 -2.14282166966543e-01 -2.04146751226083e-01 7.52253503585545e-01 6.51309620229697e-01 0.00000000000000e+00 0.00000000000000e+00 -4.72443918540833e+01 0.00000000000000e+00 0.00000000000000e+00 -1.92824984021905e+01
