pVp:
 -2.93927170356803e+03 -1.49852552570039e+03 8.56834769334662e+01 3.91732288111855e+01 0.00000000000000e+00 0.00000000000000e+00 1.89611952637642e-01 0.00000000000000e+00 0.00000000000000e+00 2.07261963656166e-01 1.72802721948227e-03 1.11354965608363e-02 1.74999170596022e-01 9.73350398120329e-01 0.00000000000000e+00 0.00000000000000e+00 -1.42317897290108e+00 0.00000000000000e+00 0.00000000000000e+00 1.31809778159133e+00
 -1.49852552570039e+03 -8.43825747232053e+02 4.02894650006688e+01 2.32820073859538e+01 0.00000000000000e+00 0.00000000000000e+00 -4.67151094255409e-01 0.00000000000000e+00 0.00000000000000e+00 2.00659340408102e-01 5.49002192798008e-02 1.04141622899380e-01 1.86110819304517e-01 1.34466744130885e+00 0.00000000000000e+00 0.00000000000000e+00 -1.81921416967696e+00 0.00000000000000e+00 0.00000000000000e+00 1.89646338717195e+00
 8.56834769334662e+01 4.02894650006688e+01 -1.25606691741149e+01 -5.29141481109027e+00 0.00000000000000e+00 0.00000000000000e+00 -1.94430841577081e+00 0.00000000000000e+00 0.00000000000000e+00 -5.04371135139778e-01 5.04759587340612e-01 6.08248540865296e-01 -1.21912908163680e+00 -1.99486292250884e-01 0.00000000000000e+00 0.00000000000000e+00 4.56205395910834e+00 0.00000000000000e+00 0.00000000000000e+00 5.48744081863934e+00
 3.91732288111855e+01 2.32820073859538e+01 -5.29141481109027e+00 -3.53411531689240e+00 0.00000000000000e+00 0.00000000000000e+00 -9.32419421623778e-01 0.00000000000000e+00 0.00000000000000e+00 -4.57623022903148e-01 -3.67478045670883e-01 -4.58878517610918e-01 -1.39644077084730e+00 -1.20581143127114e+00 0.00000000000000e+00 0.00000000000000e+00 3.64326525008737e+00 0.00000000000000e+00 0.00000000000000e+00 3.46994301639555e+00
 0.00000000000000e+00 0.00000000000000e+00 0.00000000000000e+00 0.00000000000000e+00 -7.09884422862335e+01 0.00000000000000e+00 0.00000000000000e+00 -1.68407554475404e+01 0.00000000000000e+00 0.00000000000000e+00 0.00000000000000e+00 0.00000000000000e+00 0.00000000000000e+00 0.00000000000000e+00 -2.01534830726588e+00 0.00000000000000e+00 0.00000000000000e+00 -3.98446130222570e+00 0.00000000000000e+00 0.00000000000000e+00
 0.00000000000000e+00 0.00000000000000e+00 0.00000000000000e+00 0.00000000000000e+00 0.00000000000000e+00 -7.09884422862335e+01 0.00000000000000e+00 0.00000000000000e+00 -1.68407554475404e+01 0.00000000000000e+00 0.00000000000000e+00 0.00000000000000e+00 0.00000000000000e+00 0.00000000000000e+00 0.00000000000000e+00 -2.01534830726588e+00 0.00000000000000e+00 0.00000000000000e+00 -3.98446130222570e+00 0.00000000000000e+00
 1.89611952637642e-01 -4.67151094255409e-01 -1.94430841577081e+00 -9.32419421623778e-01 0.00000000000000e+00 0.00000000000000e+00 -7.20153311795488e+01 0.00000000000000e+00 0.00000000000000e+00 -1.69557841746990e+01 7.51053346890532e-01 8.40651155049169e-01 -4.74875109206740e+00 -3.34781989707550e+00 0.00000000000000e+00 0.00000000000000e+00 1.13645020158479e+01 0.00000000000000e+00 0.00000000000000e+00 1.00070785886774e+01
 0.00000000000000e+00 0.00000000000000e+00 0.00000000000000e+00 0.00000000000000e+00 -1.68407554475404e+01 0.00000000000000e+00 0.00000000000000e+00 -7.44551725934050e+00 0.00000000000000e+00 0.00000000000000e+00 0.00000000000000e+00 0.00000000000000e+00 0.00000000000000e+00 0.00000000000000e+00 -3.48274571128974e+00 0.00000000000000e+00 0.00000000000000e+00 -3.98282465927542e+00 0.00000000000000e+00 0.00000000000000e+00
 0.00000000000000e+00 0.00000000000000e+00 0.00000000000000e+00 0.00000000000000e+00 0.00000000000000e+00 -1.68407554475404e+01 0.00000000000000e+00 0.00000000000000e+00 -7.44551725934050e+00 0.00000000000000e+00 0.00000000000000e+00 0.00000000000000e+00 0.00000000000000e+00 0.00000000000000e+00 0.00000000000000e+00 -3.48274571128974e+00 0.00000000000000e+00 0.00000000000000e+00 -3.98282465927542e+00 0.00000000000000e+00
 2.07261963656166e-01 2.00659340408102e-01 -5.04371135139778e-01 -4.57623022903148e-01 0.00000000000000e+00 0.00000000000000e+00 -1.69557841746990e+01 0.00000000000000e+00 0.00000000000000e+00 -7.43300406584701e+00 -1.61573826714840e+00 -2.01441403575953e+00 -4.01092875660762e+00 -4.39780010496689e+00 0.00000000000000e+00 0.00000000000000e+00 5.84752665803599e+00 0.00000000000000e+00 0.00000000000000e+00 4.08383066312810e+00
 1.72802721948227e-03 5.49002192798008e-02 5.04759587340612e-01 -3.67478045670883e-01 0.00000000000000e+00 0.00000000000000e+00 7.51053346890532e-01 0.00000000000000e+00 0.00000000000000e+00 -1.61573826714840e+00 -7.79986674466697e+03 -4.38835738722939e+03 1.16862157532619e+02 2.66166068546528e+02 0.00000000000000e+00 0.00000000000000e+00 -9.17024512161820e-02 0.00000000000000e+00 0.00000000000000e+00 -2.14282166966539e-01
 1.11354965608363e-02 1.04141622899380e-01 6.08248540865296e-01 -4.58878517610918e-01 0.00000000000000e+00 0.00000000000000e+00 8.40651155049169e-01 0.00000000000000e+00 0.00000000000000e+00 -2.01441403575953e+00 -4.38835738722939e+03 -2.64561107739851e+03 7.35577930537756e+01 1.35832601117452e+02 0.00000000000000e+00 0.00000000000000e+00 5.32833517533905e-01 0.00000000000000e+00 0.00000000000000e+00 -2.04146751226080e-01
 1.74999170596022e-01 1.86110819304517e-01 -1.21912908163680e+00 -1.39644077084730e+00 0.00000000000000e+00 0.00000000000000e+00 -4.74875109206740e+00 0.00000000000000e+00 0.00000000000000e+00 -4.01092875660762e+00 1.16862157532619e+02 7.35577930537756e+01 -9.13259039170295e+00 -1.40183397053461e+01 0.00000000000000e+00 0.00000000000000e+00 1.12372047494367e+00 0.00000000000000e+00 0.00000000000000e+00 7.52253503585537e-01
 9.73350398120329e-01 1.34466744130885e+00 -1.99486292250884e-01 -1.20581143127114e+00 0.00000000000000e+00 0.00000000000000e+00 -3.34781989707550e+00 0.00000000000000e+00 0.00000000000000e+00 -4.39780010496689e+00 2.66166068546528e+02 1.35832601117452e+02 -1.40183397053461e+01 -3.73506154519769e+01 0.00000000000000e+00 0.00000000000000e+00 2.20770416718610e+00 0.00000000000000e+00 0.00000000000000e+00 6.51309620229692e-01
 0.00000000000000e+00 0.00000000000000e+00 0.00000000000000e+00 0.00000000000000e+00 -2.01534830726588e+00 0.00000000000000e+00 0.00000000000000e+00 -3.48274571128974e+00 0.00000000000000e+00 0.00000000000000e+00 0.00000000000000e+00 0.00000000000000e+00 0.00000000000000e+00 0.00000000000000e+00 -2.17063926856036e+02 0.00000000000000e+00 0.00000000000000e+00 -4.70201270884078e+01 0.00000000000000e+00 0.00000000000000e+00
 0.00000000000000e+00 0.00000000000000e+00 0.00000000000000e+00 0.00000000000000e+00 0.00000000000000e+00 -2.01534830726588e+00 0.00000000000000e+00 0.00000000000000e+00 -3.48274571128974e+00 0.00000000000000e+00 0.00000000000000e+00 0.00000000000000e+00 0.00000000000000e+00 0.00000000000000e+00 0.00000000000000e+00 -2.17063926856036e+02 0.00000000000000e+00 0.00000000000000e+00 -4.70201270884078e+01 0.00000000000000e+00
 -1.42317897290108e+00 -1.81921416967696e+00 4.56205395910834e+00 3.64326525008737e+00 0.00000000000000e+00 0.00000000000000e+00 1.13645020158479e+01 0.00000000000000e+00 0.00000000000000e+00 5.84752665803599e+00 -9.17024512161820e-02 5.32833517533905e-01 1.12372047494367e+00 2.20770416718610e+00 0.00000000000000e+00 0.00000000000000e+00 -2.17973985382008e+02 0.00000000000000e+00 0.00000000000000e+00 -4.72443918540832e+01
 0.00000000000000e+00 0.00000000000000e+00 0.00000000000000e+00 0.00000000000000e+00 -3.98446130222570e+00 0.00000000000000e+00 0.00000000000000e+00 -3.98282465927542e+00 0.00000000000000e+00 0.00000000000000e+00 0.00000000000000e+00 0.00000000000000e+00 0.00000000000000e+00 0.00000000000000e+00 -4.70201270884078e+01 0.00000000000000e+00 0.00000000000000e+00 -1.90760081009369e+01 0.00000000000000e+00 0.00000000000000e+00
 0.00000000000000e+00 0.00000000000000e+00 0.00000000000000e+00 0.00000000000000e+00 0.00000000000000e+00 -3.98446130222570e+00 0.00000000000000e+00 0.00000000000000e+00 -3.98282465927542e+00 0.00000000000000e+00 0.00000000000000e+00 0.00000000000000e+00 0.00000000000000e+00 0.00000000000000e+00 0.00000000000000e+00 -4.70201270884078e+01 0.00000000000000e+00 0.00000000000000e+00 -1.90760081009369e+01 0.00000000000000e+00
 1.31809778159133e+00 1.89646338717195e+00 5.48744081863934e+00 3.46994301639555e+00 0.00000000000000e+00 0.00000000000000e+00 1.00070785886774e+01 0.00000000000000e+00 0.00000000000000e+00 4.08383066312810e+00 -2.14282166966539e-01 -2.04146751226080e-01 7.52253503585537e-01 6.51309620229692e-01 0.00000000000000e+00 0.00000000000000e+00 -4.72443918540832e+01 0.00000000000000e+00 0.00000000000000e+00 -1.92824984021904e+01
