pVp:
 -2.93927170356793e+03 -1.49852552570035e+03 8.56834769334668e+01 3.91732288111860e+01 -6.47557368822477e-15 -1.17245419215587e-15 1.89611941284329e-01 -1.56062086540793e-15 0.00000000000000e+00 2.07261962228121e-01 0.00000000000000e+00 0.00000000000000e+00 6.88864158950274e-02 0.00000000000000e+00 -2.67194047173203e-15 1.72802721949789e-03 1.11354965608727e-02 2.42932064343976e-02 9.73302324310293e-01 2.00055258205504e-01 0.00000000000000e+00 0.00000000000000e+00 -9.35903494597988e-01 0.00000000000000e+00 0.00000000000000e+00 -4.92277699893753e-01 0.00000000000000e+00 0.00000000000000e+00 1.51227163435412e+00 0.00000000000000e+00 0.00000000000000e+00 -3.96208918713391e+00 0.00000000000000e+00 0.00000000000000e+00
 -1.49852552570035e+03 -8.43825747232043e+02 4.02894650006689e+01 2.32820073859539e+01 -2.80866681841637e-15 0.00000000000000e+00 -4.67151098138239e-01 -1.00185113376985e-15 0.00000000000000e+00 2.00659339919715e-01 0.00000000000000e+00 0.00000000000000e+00 4.00100304523743e-02 0.00000000000000e+00 -1.96738284045905e-15 5.49002192814047e-02 1.04141622900034e-01 1.64628472455766e-01 1.35483558443848e+00 2.18793540243979e-01 0.00000000000000e+00 0.00000000000000e+00 -1.42047190293263e+00 0.00000000000000e+00 0.00000000000000e+00 -3.78359152411656e-01 0.00000000000000e+00 0.00000000000000e+00 2.10779942545809e+00 0.00000000000000e+00 0.00000000000000e+00 -5.60988372951215e+00 0.00000000000000e+00 0.00000000000000e+00
 8.56834769334668e+01 4.02894650006689e+01 -1.25606691741149e+01 -5.29141481109023e+00 0.00000000000000e+00 0.00000000000000e+00 -1.94430841554958e+00 0.00000000000000e+00 0.00000000000000e+00 -5.04371135111952e-01 0.00000000000000e+00 0.00000000000000e+00 -8.99486410959949e-01 0.00000000000000e+00 0.00000000000000e+00 5.04759587524471e-01 6.08248540939025e-01 6.64791152077582e-01 -1.52175465148733e-01 -1.20490313288684e+00 0.00000000000000e+00 0.00000000000000e+00 4.07988449033483e+00 0.00000000000000e+00 0.00000000000000e+00 5.51488985553408e+00 0.00000000000000e+00 0.00000000000000e+00 5.04655296012504e+00 0.00000000000000e+00 0.00000000000000e+00 -7.35143219788518e+00 0.00000000000000e+00 0.00000000000000e+00
 3.91732288111860e+01 2.32820073859539e+01 -5.29141481109023e+00 -3.53411531689238e+00 0.00000000000000e+00 0.00000000000000e+00 -9.32419421555109e-01 0.00000000000000e+00 0.00000000000000e+00 -4.57623022894510e-01 0.00000000000000e+00 0.00000000000000e+00 -6.17869905309327e-01 0.00000000000000e+00 0.00000000000000e+00 -3.67478045529904e-01 -4.58878517554376e-01 -5.24922582727871e-01 -1.18981103761415e+00 -1.39774224487293e+00 0.00000000000000e+00 0.00000000000000e+00 3.51607539018336e+00 0.00000000000000e+00 0.00000000000000e+00 3.78833043636922e+00 0.00000000000000e+00 0.00000000000000e+00 3.20548891393984e+00 0.00000000000000e+00 0.00000000000000e+00 -2.42434883212761e+00 0.00000000000000e+00 0.00000000000000e+00
 -6.47557368822477e-15 -2.80866681841637e-15 0.00000000000000e+00 0.00000000000000e+00 -7.09884422862328e+01 0.00000000000000e+00 0.00000000000000e+00 -1.68407554475402e+01 0.00000000000000e+00 0.00000000000000e+00 0.00000000000000e+00 0.00000000000000e+00 -1.32026310685722e-15 -2.82483466651611e+00 1.70229975933495e-15 0.00000000000000e+00 0.00000000000000e+00 0.00000000000000e+00 0.00000000000000e+00 0.00000000000000e+00 -1.55488852582853e+00 0.00000000000000e+00 0.00000000000000e+00 -3.23464545404977e+00 0.00000000000000e+00 0.00000000000000e+00 -3.82023295584443e+00 0.00000000000000e+00 0.00000000000000e+00 0.00000000000000e+00 0.00000000000000e+00 0.00000000000000e+00 1.03145064826324e+01 0.00000000000000e+00
 -1.17245419215587e-15 0.00000000000000e+00 0.00000000000000e+00 0.00000000000000e+00 0.00000000000000e+00 -7.09884422862328e+01 0.00000000000000e+00 0.00000000000000e+00 -1.68407554475402e+01 0.00000000000000e+00 2.38802516651696e-15 -2.82483466651611e+00 0.00000000000000e+00 0.00000000000000e+00 0.00000000000000e+00 0.00000000000000e+00 0.00000000000000e+00 0.00000000000000e+00 0.00000000000000e+00 0.00000000000000e+00 0.00000000000000e+00 -1.55488852582853e+00 0.00000000000000e+00 0.00000000000000e+00 -3.23464545404977e+00 0.00000000000000e+00 0.00000000000000e+00 -3.82023295584443e+00 0.00000000000000e+00 0.00000000000000e+00 1.03145064826324e+01 0.00000000000000e+00 0.00000000000000e+00 0.00000000000000e+00
 1.89611941284329e-01 -4.67151098138239e-01 -1.94430841554958e+00 -9.32419421555109e-01 0.00000000000000e+00 0.00000000000000e+00 -7.20153311795479e+01 0.00000000000000e+00 0.00000000000000e+00 -1.69557841746989e+01 0.00000000000000e+00 0.00000000000000e+00 -3.68318325869225e+00 1.81114357952073e-15 0.00000000000000e+00 7.51053347187543e-01 8.40651155168307e-01 8.34120665593366e-01 -3.20027442344302e+00 -4.77393276003069e+00 0.00000000000000e+00 0.00000000000000e+00 8.73997752683688e+00 0.00000000000000e+00 0.00000000000000e+00 1.36383043741645e+01 0.00000000000000e+00 0.00000000000000e+00 8.02610921161845e+00 0.00000000000000e+00 0.00000000000000e+00 -1.42581106914908e+01 0.00000000000000e+00 0.00000000000000e+00
 -1.56062086540793e-15 -1.00185113376985e-15 0.00000000000000e+00 0.00000000000000e+00 -1.68407554475402e+01 0.00000000000000e+00 0.00000000000000e+00 -7.44551725934044e+00 0.00000000000000e+00 0.00000000000000e+00 0.00000000000000e+00 0.00000000000000e+00 0.00000000000000e+00 -1.62555673653316e+00 0.00000000000000e+00 0.00000000000000e+00 0.00000000000000e+00 0.00000000000000e+00 0.00000000000000e+00 0.00000000000000e+00 -3.31687642132580e+00 0.00000000000000e+00 0.00000000000000e+00 -3.91819900077476e+00 0.00000000000000e+00 0.00000000000000e+00 -3.77293574704342e+00 0.00000000000000e+00 0.00000000000000e+00 0.00000000000000e+00 0.00000000000000e+00 0.00000000000000e+00 5.54549605638997e+00 0.00000000000000e+00
 0.00000000000000e+00 0.00000000000000e+00 0.00000000000000e+00 0.00000000000000e+00 0.00000000000000e+00 -1.68407554475402e+01 0.00000000000000e+00 0.00000000000000e+00 -7.44551725934044e+00 0.00000000000000e+00 0.00000000000000e+00 -1.62555673653316e+00 0.00000000000000e+00 0.00000000000000e+00 0.00000000000000e+00 0.00000000000000e+00 0.00000000000000e+00 0.00000000000000e+00 0.00000000000000e+00 0.00000000000000e+00 0.00000000000000e+00 -3.31687642132580e+00 0.00000000000000e+00 0.00000000000000e+00 -3.91819900077476e+00 0.00000000000000e+00 0.00000000000000e+00 -3.77293574704342e+00 0.00000000000000e+00 0.00000000000000e+00 5.54549605638997e+00 0.00000000000000e+00 0.00000000000000e+00 0.00000000000000e+00
 2.07261962228121e-01 2.00659339919715e-01 -5.04371135111952e-01 -4.57623022894510e-01 0.00000000000000e+00 0.00000000000000e+00 -1.69557841746989e+01 0.00000000000000e+00 0.00000000000000e+00 -7.43300406584694e+00 0.00000000000000e+00 0.00000000000000e+00 -1.82604531291722e+00 0.00000000000000e+00 0.00000000000000e+00 -1.61573826699944e+00 -2.01441403569979e+00 -2.29636922754023e+00 -4.36606727294241e+00 -4.04649873160665e+00 0.00000000000000e+00 0.00000000000000e+00 5.12238080066371e+00 0.00000000000000e+00 0.00000000000000e+00 6.07632426861196e+00 0.00000000000000e+00 0.00000000000000e+00 3.18107685321580e+00 0.00000000000000e+00 0.00000000000000e+00 -2.72129679823054e+00 0.00000000000000e+00 0.00000000000000e+00
 0.00000000000000e+00 0.00000000000000e+00 0.00000000000000e+00 0.00000000000000e+00 0.00000000000000e+00 2.38802516651696e-15 0.00000000000000e+00 0.00000000000000e+00 0.00000000000000e+00 0.00000000000000e+00 -4.64433475255439e+01 0.00000000000000e+00 0.00000000000000e+00 0.00000000000000e+00 0.00000000000000e+00 0.00000000000000e+00 0.00000000000000e+00 0.00000000000000e+00 0.00000000000000e+00 0.00000000000000e+00 0.00000000000000e+00 0.00000000000000e+00 0.00000000000000e+00 0.00000000000000e+00 0.00000000000000e+00 0.00000000000000e+00 0.00000000000000e+00 0.00000000000000e+00 0.00000000000000e+00 -5.61144941133632e+00 0.00000000000000e+00 0.00000000000000e+00 0.00000000000000e+00 0.00000000000000e+00
 0.00000000000000e+00 0.00000000000000e+00 0.00000000000000e+00 0.00000000000000e+00 0.00000000000000e+00 -2.82483466651611e+00 0.00000000000000e+00 0.00000000000000e+00 -1.62555673653316e+00 0.00000000000000e+00 0.00000000000000e+00 -4.82957460969323e+01 0.00000000000000e+00 0.00000000000000e+00 0.00000000000000e+00 0.00000000000000e+00 0.00000000000000e+00 0.00000000000000e+00 0.00000000000000e+00 0.00000000000000e+00 0.00000000000000e+00 -8.83072772303404e+00 0.00000000000000e+00 0.00000000000000e+00 -1.05407875659177e+01 0.00000000000000e+00 0.00000000000000e+00 -6.77267091630351e+00 0.00000000000000e+00 0.00000000000000e+00 1.52575745073683e+01 0.00000000000000e+00 0.00000000000000e+00 0.00000000000000e+00
 6.88864158950274e-02 4.00100304523743e-02 -8.99486410959949e-01 -6.17869905309327e-01 -1.32026310685722e-15 0.00000000000000e+00 -3.68318325869225e+00 0.00000000000000e+00 0.00000000000000e+00 -1.82604531291722e+00 0.00000000000000e+00 0.00000000000000e+00 -4.89195638297907e+01 0.00000000000000e+00 -1.33164437347601e-15 -3.22075165794262e+00 -4.20580820835641e+00 -5.03262046585595e+00 -9.62986167732122e+00 -5.74325343882644e+00 0.00000000000000e+00 0.00000000000000e+00 1.84776674235798e+01 0.00000000000000e+00 0.00000000000000e+00 1.58975458111659e+01 0.00000000000000e+00 0.00000000000000e+00 5.38208287151209e+00 0.00000000000000e+00 0.00000000000000e+00 -7.29701848347866e+00 0.00000000000000e+00 0.00000000000000e+00
 0.00000000000000e+00 0.00000000000000e+00 0.00000000000000e+00 0.00000000000000e+00 -2.82483466651611e+00 0.00000000000000e+00 1.81114357952073e-15 -1.62555673653316e+00 0.00000000000000e+00 0.00000000000000e+00 0.00000000000000e+00 0.00000000000000e+00 0.00000000000000e+00 -4.82957460969323e+01 0.00000000000000e+00 -1.00419283961658e-15 0.00000000000000e+00 0.00000000000000e+00 0.00000000000000e+00 0.00000000000000e+00 -8.83072772303404e+00 0.00000000000000e+00 0.00000000000000e+00 -1.05407875659177e+01 0.00000000000000e+00 0.00000000000000e+00 -6.77267091630351e+00 0.00000000000000e+00 0.00000000000000e+00 0.00000000000000e+00 0.00000000000000e+00 0.00000000000000e+00 1.52575745073683e+01 0.00000000000000e+00
 -2.67194047173203e-15 -1.96738284045905e-15 0.00000000000000e+00 0.00000000000000e+00 1.70229975933495e-15 0.00000000000000e+00 0.00000000000000e+00 0.00000000000000e+00 0.00000000000000e+00 0.00000000000000e+00 0.00000000000000e+00 0.00000000000000e+00 -1.33164437347601e-15 0.00000000000000e+00 -4.64433475255438e+01 0.00000000000000e+00 0.00000000000000e+00 0.00000000000000e+00 0.00000000000000e+00 0.00000000000000e+00 0.00000000000000e+00 0.00000000000000e+00 0.00000000000000e+00 0.00000000000000e+00 0.00000000000000e+00 0.00000000000000e+00 0.00000000000000e+00 0.00000000000000e+00 0.00000000000000e+00 0.00000000000000e+00 0.00000000000000e+00 0.00000000000000e+00 0.00000000000000e+00 -5.61144941133631e+00
 1.72802721949789e-03 5.49002192814047e-02 5.04759587524471e-01 -3.67478045529904e-01 0.00000000000000e+00 0.00000000000000e+00 7.51053347187543e-01 0.00000000000000e+00 0.00000000000000e+00 -1.61573826699944e+00 0.00000000000000e+00 0.00000000000000e+00 -3.22075165794262e+00 -1.00419283961658e-15 0.00000000000000e+00 -7.79986674466670e+03 -4.38835738722925e+03 3.35239363311847e+02 2.73988232385824e+02 1.19378074696061e+02 -2.62170732111501e-14 -5.23516627101273e-15 5.05805205627493e-01 -1.06711968183153e-14 -2.44000217922953e-15 -2.98137558855499e-01 -3.40537783574789e-15 0.00000000000000e+00 -1.74867167989043e-01 0.00000000000000e+00 0.00000000000000e+00 3.47253577086943e-02 0.00000000000000e+00 -2.83676928147534e-15
 1.11354965608727e-02 1.04141622900034e-01 6.08248540939025e-01 -4.58878517554376e-01 0.00000000000000e+00 0.00000000000000e+00 8.40651155168307e-01 0.00000000000000e+00 0.00000000000000e+00 -2.01441403569979e+00 0.00000000000000e+00 0.00000000000000e+00 -4.20580820835641e+00 0.00000000000000e+00 0.00000000000000e+00 -4.38835738722925e+03 -2.64561107739844e+03 -1.40921346446547e+02 1.38133545405908e+02 7.48733395140638e+01 -9.77104872747464e-15 -2.08073675689985e-15 1.52827753768229e+00 -6.41652613825786e-15 -1.39748299441916e-15 -8.06142050896295e-02 -2.36431044755346e-15 0.00000000000000e+00 -1.86675700990428e-01 0.00000000000000e+00 0.00000000000000e+00 5.24162590854564e-02 0.00000000000000e+00 -2.49184040530140e-15
 2.42932064343976e-02 1.64628472455766e-01 6.64791152077582e-01 -5.24922582727871e-01 0.00000000000000e+00 0.00000000000000e+00 8.34120665593366e-01 0.00000000000000e+00 0.00000000000000e+00 -2.29636922754023e+00 0.00000000000000e+00 0.00000000000000e+00 -5.03262046585595e+00 0.00000000000000e+00 0.00000000000000e+00 3.35239363311847e+02 -1.40921346446547e+02 -6.34601579644442e+02 -4.85563274573977e+01 8.32728300136336e+00 1.11108144737172e-14 2.31375162334616e-15 2.71945049284965e+00 0.00000000000000e+00 0.00000000000000e+00 2.62111338340851e-01 0.00000000000000e+00 0.00000000000000e+00 -1.69193112927162e-01 0.00000000000000e+00 0.00000000000000e+00 6.78340424441997e-02 0.00000000000000e+00 -1.59894893272827e-15
 9.73302324310293e-01 1.35483558443848e+00 -1.52175465148733e-01 -1.18981103761415e+00 0.00000000000000e+00 0.00000000000000e+00 -3.20027442344302e+00 0.00000000000000e+00 0.00000000000000e+00 -4.36606727294241e+00 0.00000000000000e+00 0.00000000000000e+00 -9.62986167732122e+00 0.00000000000000e+00 0.00000000000000e+00 2.73988232385824e+02 1.38133545405908e+02 -4.85563274573977e+01 -3.96226672558348e+01 -1.45155798299781e+01 3.71382714617337e-15 0.00000000000000e+00 2.27442821214025e+00 1.45514331558762e-15 0.00000000000000e+00 1.61151026713848e+00 0.00000000000000e+00 0.00000000000000e+00 4.02534555747561e-01 0.00000000000000e+00 0.00000000000000e+00 -4.04198979139548e-01 0.00000000000000e+00 0.00000000000000e+00
 2.00055258205504e-01 2.18793540243979e-01 -1.20490313288684e+00 -1.39774224487293e+00 0.00000000000000e+00 0.00000000000000e+00 -4.77393276003069e+00 0.00000000000000e+00 0.00000000000000e+00 -4.04649873160665e+00 0.00000000000000e+00 0.00000000000000e+00 -5.74325343882644e+00 0.00000000000000e+00 0.00000000000000e+00 1.19378074696061e+02 7.48733395140638e+01 8.32728300136336e+00 -1.45155798299781e+01 -9.43471210186510e+00 0.00000000000000e+00 0.00000000000000e+00 8.15819572633120e-01 0.00000000000000e+00 0.00000000000000e+00 1.22446456980525e+00 0.00000000000000e+00 0.00000000000000e+00 5.70454984434514e-01 0.00000000000000e+00 0.00000000000000e+00 -5.66159713226305e-01 0.00000000000000e+00 0.00000000000000e+00
 0.00000000000000e+00 0.00000000000000e+00 0.00000000000000e+00 0.00000000000000e+00 -1.55488852582853e+00 0.00000000000000e+00 0.00000000000000e+00 -3.31687642132580e+00 0.00000000000000e+00 0.00000000000000e+00 0.00000000000000e+00 0.00000000000000e+00 0.00000000000000e+00 -8.83072772303404e+00 0.00000000000000e+00 -2.62170732111501e-14 -9.77104872747464e-15 1.11108144737172e-14 3.71382714617337e-15 0.00000000000000e+00 -4.99328162278733e+02 0.00000000000000e+00 0.00000000000000e+00 -1.56035404513325e+02 0.00000000000000e+00 0.00000000000000e+00 -4.02910327759312e+01 0.00000000000000e+00 0.00000000000000e+00 0.00000000000000e+00 0.00000000000000e+00 -1.59538384639026e-15 1.01536960701228e+00 1.35469233893779e-15
 0.00000000000000e+00 0.00000000000000e+00 0.00000000000000e+00 0.00000000000000e+00 0.00000000000000e+00 -1.55488852582853e+00 0.00000000000000e+00 0.00000000000000e+00 -3.31687642132580e+00 0.00000000000000e+00 0.00000000000000e+00 -8.83072772303404e+00 0.00000000000000e+00 0.00000000000000e+00 0.00000000000000e+00 -5.23516627101273e-15 -2.08073675689985e-15 2.31375162334616e-15 0.00000000000000e+00 0.00000000000000e+00 0.00000000000000e+00 -4.99328162278733e+02 0.00000000000000e+00 0.00000000000000e+00 -1.56035404513325e+02 0.00000000000000e+00 0.00000000000000e+00 -4.02910327759312e+01 0.00000000000000e+00 2.97727857655597e-15 1.01536960701228e+00 0.00000000000000e+00 0.00000000000000e+00 0.00000000000000e+00
 -9.35903494597988e-01 -1.42047190293263e+00 4.07988449033483e+00 3.51607539018336e+00 0.00000000000000e+00 0.00000000000000e+00 8.73997752683688e+00 0.00000000000000e+00 0.00000000000000e+00 5.12238080066371e+00 0.00000000000000e+00 0.00000000000000e+00 1.84776674235798e+01 0.00000000000000e+00 0.00000000000000e+00 5.05805205627493e-01 1.52827753768229e+00 2.71945049284965e+00 2.27442821214025e+00 8.15819572633120e-01 0.00000000000000e+00 0.00000000000000e+00 -5.00256395796826e+02 0.00000000000000e+00 0.00000000000000e+00 -1.56504542647361e+02 0.00000000000000e+00 0.00000000000000e+00 -4.02880163323772e+01 0.00000000000000e+00 0.00000000000000e+00 1.19594079537904e+00 1.59399858619747e-15 0.00000000000000e+00
 0.00000000000000e+00 0.00000000000000e+00 0.00000000000000e+00 0.00000000000000e+00 -3.23464545404977e+00 0.00000000000000e+00 0.00000000000000e+00 -3.91819900077476e+00 0.00000000000000e+00 0.00000000000000e+00 0.00000000000000e+00 0.00000000000000e+00 0.00000000000000e+00 -1.05407875659177e+01 0.00000000000000e+00 -1.06711968183153e-14 -6.41652613825786e-15 0.00000000000000e+00 1.45514331558762e-15 0.00000000000000e+00 -1.56035404513325e+02 0.00000000000000e+00 0.00000000000000e+00 -7.18574650165951e+01 0.00000000000000e+00 0.00000000000000e+00 -2.53964863235362e+01 0.00000000000000e+00 0.00000000000000e+00 0.00000000000000e+00 0.00000000000000e+00 -1.21178676257773e-15 1.86585404731517e+00 1.52199641307463e-15
 0.00000000000000e+00 0.00000000000000e+00 0.00000000000000e+00 0.00000000000000e+00 0.00000000000000e+00 -3.23464545404977e+00 0.00000000000000e+00 0.00000000000000e+00 -3.91819900077476e+00 0.00000000000000e+00 0.00000000000000e+00 -1.05407875659177e+01 0.00000000000000e+00 0.00000000000000e+00 0.00000000000000e+00 -2.44000217922953e-15 -1.39748299441916e-15 0.00000000000000e+00 0.00000000000000e+00 0.00000000000000e+00 0.00000000000000e+00 -1.56035404513325e+02 0.00000000000000e+00 0.00000000000000e+00 -7.18574650165951e+01 0.00000000000000e+00 0.00000000000000e+00 -2.53964863235362e+01 0.00000000000000e+00 2.18360077284602e-15 1.86585404731517e+00 0.00000000000000e+00 0.00000000000000e+00 0.00000000000000e+00
 -4.92277699893753e-01 -3.78359152411656e-01 5.51488985553408e+00 3.78833043636922e+00 0.00000000000000e+00 0.00000000000000e+00 1.36383043741645e+01 0.00000000000000e+00 0.00000000000000e+00 6.07632426861196e+00 0.00000000000000e+00 0.00000000000000e+00 1.58975458111659e+01 0.00000000000000e+00 0.00000000000000e+00 -2.98137558855499e-01 -8.06142050896295e-02 2.62111338340851e-01 1.61151026713848e+00 1.22446456980525e+00 0.00000000000000e+00 0.00000000000000e+00 -1.56504542647361e+02 0.00000000000000e+00 0.00000000000000e+00 -7.25817554336652e+01 0.00000000000000e+00 0.00000000000000e+00 -2.56064685732073e+01 0.00000000000000e+00 0.00000000000000e+00 2.38502964094040e+00 1.62832680872447e-15 0.00000000000000e+00
 0.00000000000000e+00 0.00000000000000e+00 0.00000000000000e+00 0.00000000000000e+00 -3.82023295584443e+00 0.00000000000000e+00 0.00000000000000e+00 -3.77293574704342e+00 0.00000000000000e+00 0.00000000000000e+00 0.00000000000000e+00 0.00000000000000e+00 0.00000000000000e+00 -6.77267091630351e+00 0.00000000000000e+00 -3.40537783574789e-15 -2.36431044755346e-15 0.00000000000000e+00 0.00000000000000e+00 0.00000000000000e+00 -4.02910327759312e+01 0.00000000000000e+00 0.00000000000000e+00 -2.53964863235362e+01 0.00000000000000e+00 0.00000000000000e+00 -1.25668216491973e+01 0.00000000000000e+00 0.00000000000000e+00 0.00000000000000e+00 0.00000000000000e+00 0.00000000000000e+00 1.40435947354277e+00 0.00000000000000e+00
 0.00000000000000e+00 0.00000000000000e+00 0.00000000000000e+00 0.00000000000000e+00 0.00000000000000e+00 -3.82023295584443e+00 0.00000000000000e+00 0.00000000000000e+00 -3.77293574704342e+00 0.00000000000000e+00 0.00000000000000e+00 -6.77267091630351e+00 0.00000000000000e+00 0.00000000000000e+00 0.00000000000000e+00 0.00000000000000e+00 0.00000000000000e+00 0.00000000000000e+00 0.00000000000000e+00 0.00000000000000e+00 0.00000000000000e+00 -4.02910327759312e+01 0.00000000000000e+00 0.00000000000000e+00 -2.53964863235362e+01 0.00000000000000e+00 0.00000000000000e+00 -1.25668216491973e+01 0.00000000000000e+00 1.12098352805843e-15 1.40435947354277e+00 0.00000000000000e+00 0.00000000000000e+00 0.00000000000000e+00
 1.51227163435412e+00 2.10779942545809e+00 5.04655296012504e+00 3.20548891393984e+00 0.00000000000000e+00 0.00000000000000e+00 8.02610921161845e+00 0.00000000000000e+00 0.00000000000000e+00 3.18107685321580e+00 0.00000000000000e+00 0.00000000000000e+00 5.38208287151209e+00 0.00000000000000e+00 0.00000000000000e+00 -1.74867167989043e-01 -1.86675700990428e-01 -1.69193112927162e-01 4.02534555747561e-01 5.70454984434514e-01 0.00000000000000e+00 0.00000000000000e+00 -4.02880163323772e+01 0.00000000000000e+00 0.00000000000000e+00 -2.56064685732073e+01 0.00000000000000e+00 0.00000000000000e+00 -1.26437289401235e+01 0.00000000000000e+00 0.00000000000000e+00 1.62507689895065e+00 0.00000000000000e+00 0.00000000000000e+00
 0.00000000000000e+00 0.00000000000000e+00 0.00000000000000e+00 0.00000000000000e+00 0.00000000000000e+00 0.00000000000000e+00 0.00000000000000e+00 0.00000000000000e+00 0.00000000000000e+00 0.00000000000000e+00 -5.61144941133632e+00 0.00000000000000e+00 0.00000000000000e+00 0.00000000000000e+00 0.00000000000000e+00 0.00000000000000e+00 0.00000000000000e+00 0.00000000000000e+00 0.00000000000000e+00 0.00000000000000e+00 0.00000000000000e+00 2.97727857655597e-15 0.00000000000000e+00 0.00000000000000e+00 2.18360077284602e-15 0.00000000000000e+00 0.00000000000000e+00 1.12098352805843e-15 0.00000000000000e+00 -3.99937659661616e+01 0.00000000000000e+00 0.00000000000000e+00 0.00000000000000e+00 0.00000000000000e+00
 0.00000000000000e+00 0.00000000000000e+00 0.00000000000000e+00 0.00000000000000e+00 0.00000000000000e+00 1.03145064826324e+01 0.00000000000000e+00 0.00000000000000e+00 5.54549605638997e+00 0.00000000000000e+00 0.00000000000000e+00 1.52575745073683e+01 0.00000000000000e+00 0.00000000000000e+00 0.00000000000000e+00 0.00000000000000e+00 0.00000000000000e+00 0.00000000000000e+00 0.00000000000000e+00 0.00000000000000e+00 0.00000000000000e+00 1.01536960701228e+00 0.00000000000000e+00 0.00000000000000e+00 1.86585404731517e+00 0.00000000000000e+00 0.00000000000000e+00 1.40435947354277e+00 0.00000000000000e+00 0.00000000000000e+00 -4.12768177269650e+01 0.00000000000000e+00 0.00000000000000e+00 0.00000000000000e+00
 -3.96208918713391e+00 -5.60988372951215e+00 -7.35143219788518e+00 -2.42434883212761e+00 0.00000000000000e+00 0.00000000000000e+00 -1.42581106914908e+01 0.00000000000000e+00 0.00000000000000e+00 -2.72129679823054e+00 0.00000000000000e+00 0.00000000000000e+00 -7.29701848347866e+00 0.00000000000000e+00 0.00000000000000e+00 3.47253577086943e-02 5.24162590854564e-02 6.78340424441997e-02 -4.04198979139548e-01 -5.66159713226305e-01 -1.59538384639026e-15 0.00000000000000e+00 1.19594079537904e+00 -1.21178676257773e-15 0.00000000000000e+00 2.38502964094040e+00 0.00000000000000e+00 0.00000000000000e+00 1.62507689895065e+00 0.00000000000000e+00 0.00000000000000e+00 -4.15795233487945e+01 0.00000000000000e+00 -1.14621001928469e-15
 0.00000000000000e+00 0.00000000000000e+00 0.00000000000000e+00 0.00000000000000e+00 1.03145064826324e+01 0.00000000000000e+00 0.00000000000000e+00 5.54549605638997e+00 0.00000000000000e+00 0.00000000000000e+00 0.00000000000000e+00 0.00000000000000e+00 0.00000000000000e+00 1.52575745073683e+01 0.00000000000000e+00 0.00000000000000e+00 0.00000000000000e+00 0.00000000000000e+00 0.00000000000000e+00 0.00000000000000e+00 1.01536960701228e+00 0.00000000000000e+00 1.59399858619747e-15 1.86585404731517e+00 0.00000000000000e+00 1.62832680872447e-15 1.40435947354277e+00 0.00000000000000e+00 0.00000000000000e+00 0.00000000000000e+00 0.00000000000000e+00 0.00000000000000e+00 -4.12768177269650e+01 0.00000000000000e+00
 0.00000000000000e+00 0.00000000000000e+00 0.00000000000000e+00 0.00000000000000e+00 0.00000000000000e+00 0.00000000000000e+00 0.00000000000000e+00 0.00000000000000e+00 0.00000000000000e+00 0.00000000000000e+00 0.00000000000000e+00 0.00000000000000e+00 0.00000000000000e+00 0.00000000000000e+00 -5.61144941133631e+00 -2.83676928147534e-15 -2.49184040530140e-15 -1.59894893272827e-15 0.00000000000000e+00 0.00000000000000e+00 1.35469233893779e-15 0.00000000000000e+00 0.00000000000000e+00 1.52199641307463e-15 0.00000000000000e+00 0.00000000000000e+00 0.00000000000000e+00 0.00000000000000e+00 0.00000000000000e+00 0.00000000000000e+00 0.00000000000000e+00 -1.14621001928469e-15 0.00000000000000e+00 -3.99937659661615e+01
