S:
 1.00000000000000e+00 9.33746663323374e-01 1.86830129311074e-01 7.97603846639861e-02 0.00000000000000e+00 0.00000000000000e+00 -7.72414174706233e-21 0.00000000000000e+00 -8.29068330957916e-20 -3.88625780136523e-21 1.80637931848600e-06 2.08273007358624e-05 4.66334271041975e-02 1.67099290418377e-02 -1.63342763129448e-19 -3.58386643116370e-20 -2.15770566188096e-02 -6.60046795517106e-19 -1.51772258420977e-19 -9.40791724123617e-02
 9.33746663323374e-01 1.00000000000000e+00 3.60036810753620e-01 1.74953032670903e-01 0.00000000000000e+00 6.92487785882358e-19 -9.73810948897066e-20 0.00000000000000e+00 0.00000000000000e+00 -1.36098558157518e-20 1.08733587970340e-04 3.28031917923628e-04 8.85532977841087e-02 3.53918885761129e-02 -5.91238215562520e-19 -1.11259587759272e-19 -4.57255022841767e-02 -1.89401869772711e-18 -4.10705239567073e-19 -1.72031653292014e-01
 1.86830129311074e-01 3.60036810753620e-01 1.00000000000000e+00 8.73147889095106e-01 0.00000000000000e+00 1.57815424006750e-18 2.46586600010547e-20 0.00000000000000e+00 0.00000000000000e+00 1.36471991623450e-19 2.63260647974309e-02 4.60228493752072e-02 4.67931430258105e-01 2.90183902920578e-01 -1.48082375430280e-17 -3.01431407873516e-18 -2.20647158292435e-01 -2.64112368065294e-17 -5.54423606662500e-18 -5.80290364667877e-01
 7.97603846639861e-02 1.74953032670903e-01 8.73147889095106e-01 1.00000000000000e+00 0.00000000000000e+00 -1.95929881162830e-18 -6.88815988463073e-20 0.00000000000000e+00 -1.97156928011892e-18 6.16115400037163e-20 3.87935205487505e-02 6.65425018574654e-02 5.93953872789964e-01 3.67215982087571e-01 -2.09499666972221e-17 -4.46075926274310e-18 -1.54989100980842e-01 -4.11224577201075e-17 -8.53478948372798e-18 -4.91707636142163e-01
 0.00000000000000e+00 0.00000000000000e+00 0.00000000000000e+00 0.00000000000000e+00 1.00000000000000e+00 0.00000000000000e+00 0.00000000000000e+00 6.58338645927467e-01 0.00000000000000e+00 0.00000000000000e+00 -2.03977777666017e-19 -5.39761754195993e-19 -2.42858865710622e-17 -1.14879564782228e-17 1.14208660196499e-01 8.22917556627662e-19 1.02895256954711e-17 3.02083151290200e-01 2.30544461062309e-18 3.65831564911908e-17
 0.00000000000000e+00 6.92487785882358e-19 1.57815424006750e-18 -1.95929881162830e-18 0.00000000000000e+00 1.00000000000000e+00 -6.09412700534565e-19 0.00000000000000e+00 6.58338645927467e-01 3.94496330543986e-21 -4.28595027944227e-20 -1.16725541333881e-19 -5.50612578882355e-18 -2.36450893741186e-18 8.44582506366615e-19 1.14208660196499e-01 2.05265259750360e-18 2.16962925098120e-18 3.02083151290200e-01 7.12437092177604e-18
 -7.72414174706233e-21 -9.73810948897066e-20 2.46586600010547e-20 -6.88815988463073e-20 0.00000000000000e+00 -6.09412700534565e-19 1.00000000000000e+00 0.00000000000000e+00 -2.24743027844653e-19 6.58338645927467e-01 3.71407510829515e-02 6.48010659774855e-02 3.55062771420918e-01 3.33293815022186e-01 -1.77492301504941e-17 -3.90537846459235e-18 -2.66766541363123e-01 -1.80167958800575e-17 -3.68863535014758e-18 -2.23327481994129e-01
 0.00000000000000e+00 0.00000000000000e+00 0.00000000000000e+00 0.00000000000000e+00 6.58338645927467e-01 0.00000000000000e+00 0.00000000000000e+00 1.00000000000000e+00 0.00000000000000e+00 0.00000000000000e+00 -3.49918345974476e-19 -8.52260413519969e-19 -3.15991809382953e-17 -1.39180041739615e-17 1.70016629971341e-01 1.35665997944733e-18 6.21022695410762e-18 5.72760027119132e-01 4.58179930001188e-18 2.91331731669859e-17
 -8.29068330957916e-20 0.00000000000000e+00 0.00000000000000e+00 -1.97156928011892e-18 0.00000000000000e+00 6.58338645927467e-01 -2.24743027844653e-19 0.00000000000000e+00 1.00000000000000e+00 -3.21786549931295e-20 -8.09886424886458e-20 -1.89347014747194e-19 -6.50400018904782e-18 -2.98870647737528e-18 1.28165889228741e-18 1.70016629971341e-01 1.21987112119186e-18 4.64592562728091e-18 5.72760027119132e-01 5.95162299720903e-18
 -3.88625780136523e-21 -1.36098558157518e-20 1.36471991623450e-19 6.16115400037163e-20 0.00000000000000e+00 3.94496330543986e-21 6.58338645927467e-01 0.00000000000000e+00 -3.21786549931295e-20 1.00000000000000e+00 6.36629245418070e-02 1.07936019930445e-01 6.15915704561142e-01 4.95619642746945e-01 -3.01709980808519e-17 -6.47337376560090e-18 -9.69380004853441e-02 -4.14931062158664e-17 -8.53803917480185e-18 5.33136787551886e-02
 1.80637931848600e-06 1.08733587970340e-04 2.63260647974309e-02 3.87935205487505e-02 -2.03977777666017e-19 -4.28595027944227e-20 3.71407510829515e-02 -3.49918345974476e-19 -8.09886424886458e-20 6.36629245418070e-02 1.00000000000000e+00 9.51411081366807e-01 9.15842239923393e-02 2.23807728295615e-01 0.00000000000000e+00 5.41942364581496e-19 1.43953440591960e-19 0.00000000000000e+00 2.55016280891254e-19 -2.39077763335551e-20
 2.08273007358624e-05 3.28031917923628e-04 4.60228493752072e-02 6.65425018574654e-02 -5.39761754195993e-19 -1.16725541333881e-19 6.48010659774855e-02 -8.52260413519969e-19 -1.89347014747194e-19 1.07936019930445e-01 9.51411081366807e-01 1.00000000000000e+00 1.77362002695052e-01 3.83121448540898e-01 0.00000000000000e+00 0.00000000000000e+00 1.37042544847214e-19 0.00000000000000e+00 2.94796388650116e-19 -4.60619357265806e-20
 4.66334271041975e-02 8.85532977841087e-02 4.67931430258105e-01 5.93953872789964e-01 -2.42858865710622e-17 -5.50612578882355e-18 3.55062771420918e-01 -3.15991809382953e-17 -6.50400018904782e-18 6.15915704561142e-01 9.15842239923393e-02 1.77362002695052e-01 1.00000000000000e+00 8.53498728590772e-01 0.00000000000000e+00 0.00000000000000e+00 -2.69013270537100e-19 0.00000000000000e+00 -2.31473053106852e-18 -4.43053890712335e-19
 1.67099290418377e-02 3.53918885761129e-02 2.90183902920578e-01 3.67215982087571e-01 -1.14879564782228e-17 -2.36450893741186e-18 3.33293815022186e-01 -1.39180041739615e-17 -2.98870647737528e-18 4.95619642746945e-01 2.23807728295615e-01 3.83121448540898e-01 8.53498728590772e-01 1.00000000000000e+00 0.00000000000000e+00 4.35839020749508e-18 -8.51248087401383e-20 0.00000000000000e+00 0.00000000000000e+00 2.24315344046258e-19
 -1.63342763129448e-19 -5.91238215562520e-19 -1.48082375430280e-17 -2.09499666972221e-17 1.14208660196499e-01 8.44582506366615e-19 -1.77492301504941e-17 1.70016629971341e-01 1.28165889228741e-18 -3.01709980808519e-17 0.00000000000000e+00 0.00000000000000e+00 0.00000000000000e+00 0.00000000000000e+00 1.00000000000000e+00 0.00000000000000e+00 0.00000000000000e+00 6.41031659217931e-01 0.00000000000000e+00 0.00000000000000e+00
 -3.58386643116370e-20 -1.11259587759272e-19 -3.01431407873516e-18 -4.46075926274310e-18 8.22917556627662e-19 1.14208660196499e-01 -3.90537846459235e-18 1.35665997944733e-18 1.70016629971341e-01 -6.47337376560090e-18 5.41942364581496e-19 0.00000000000000e+00 0.00000000000000e+00 4.35839020749508e-18 0.00000000000000e+00 1.00000000000000e+00 -1.01197353954999e-19 0.00000000000000e+00 6.41031659217931e-01 1.64655807941688e-19
 -2.15770566188096e-02 -4.57255022841767e-02 -2.20647158292435e-01 -1.54989100980842e-01 1.02895256954711e-17 2.05265259750360e-18 -2.66766541363123e-01 6.21022695410762e-18 1.21987112119186e-18 -9.69380004853441e-02 1.43953440591960e-19 1.37042544847214e-19 -2.69013270537100e-19 -8.51248087401383e-20 0.00000000000000e+00 -1.01197353954999e-19 1.00000000000000e+00 0.00000000000000e+00 1.05592552081895e-21 6.41031659217931e-01
 -6.60046795517106e-19 -1.89401869772711e-18 -2.64112368065294e-17 -4.11224577201075e-17 3.02083151290200e-01 2.16962925098120e-18 -1.80167958800575e-17 5.72760027119132e-01 4.64592562728091e-18 -4.14931062158664e-17 0.00000000000000e+00 0.00000000000000e+00 0.00000000000000e+00 0.00000000000000e+00 6.41031659217931e-01 0.00000000000000e+00 0.00000000000000e+00 1.00000000000000e+00 0.00000000000000e+00 0.00000000000000e+00
 -1.51772258420977e-19 -4.10705239567073e-19 -5.54423606662500e-18 -8.53478948372798e-18 2.30544461062309e-18 3.02083151290200e-01 -3.68863535014758e-18 4.58179930001188e-18 5.72760027119132e-01 -8.53803917480185e-18 2.55016280891254e-19 2.94796388650116e-19 -2.31473053106852e-18 0.00000000000000e+00 0.00000000000000e+00 6.41031659217931e-01 1.05592552081895e-21 0.00000000000000e+00 1.00000000000000e+00 -4.42273928691401e-20
 -9.40791724123617e-02 -1.72031653292014e-01 -5.80290364667877e-01 -4.91707636142163e-01 3.65831564911908e-17 7.12437092177604e-18 -2.23327481994129e-01 2.91331731669859e-17 5.95162299720903e-18 5.33136787551886e-02 -2.39077763335551e-20 -4.60619357265806e-20 -4.43053890712335e-19 2.24315344046258e-19 0.00000000000000e+00 1.64655807941688e-19 6.41031659217931e-01 0.00000000000000e+00 -4.42273928691401e-20 1.00000000000000e+00
En:
 -4.98330299134663e+01 -3.90241022317811e+01 -4.31073709401173e+00 -1.72226824968506e+00 5.38817217736748e-17 2.09889682388778e-17 -9.14402521191295e-02 1.18145982165395e-17 1.33941466974247e-18 -2.24890451493220e-02 -4.30743421653761e-05 -3.63985464310881e-04 -1.25541432664135e+00 -4.35147095920038e-01 3.00441520080393e-18 6.41422505904989e-19 5.59829731450105e-01 1.26422091655687e-17 2.78976481891421e-18 2.55954270620824e+00
 -3.90241022317811e+01 -3.37530298892825e+01 -6.37732048481883e+00 -2.83997459728983e+00 9.97329326239506e-17 4.20173456491138e-17 -2.33678239786495e-01 2.67925816352033e-17 5.57800245331294e-18 -7.55549450934751e-02 -3.74514988701005e-03 -6.93909758061854e-03 -1.69421970418177e+00 -6.46145399642482e-01 8.20963737431312e-18 1.71852861087970e-18 8.36362910806833e-01 2.69497361848522e-17 5.42365287432657e-18 3.35329961388874e+00
 -4.31073709401173e+00 -6.37732048481883e+00 -9.65236934885359e+00 -7.38673580720770e+00 2.30492687417561e-16 4.87143188668143e-17 -1.15644767956109e+00 1.55873432528259e-16 3.33456046105935e-17 -1.01075661451220e+00 -1.10227285487284e+00 -1.37680748374131e+00 -4.65919572118447e+00 -3.45469224519437e+00 1.80083418938957e-16 3.83477220139923e-17 2.68231040278707e+00 2.26991843950855e-16 4.82169139890420e-17 5.64018380424234e+00
 -1.72226824968506e+00 -2.83997459728983e+00 -7.38673580720770e+00 -7.12917705476655e+00 1.81914848355521e-16 4.03974520634180e-17 -1.07497658746540e+00 1.88870649135022e-16 4.77961469667375e-17 -1.31592842968571e+00 -1.63733385242826e+00 -2.01798496619840e+00 -5.25750431200147e+00 -4.20237359227227e+00 2.47103398980187e-16 5.23916246479893e-17 1.91240879092329e+00 3.10968513788762e-16 6.41773124002967e-17 4.25930980775561e+00
 5.38817217736748e-17 9.97329326239506e-17 2.30492687417561e-16 1.81914848355521e-16 -1.00986482367013e+01 -2.64739107922022e-17 4.86076539049618e-17 -5.27836774012036e+00 -1.61725951318492e-17 3.68264860368050e-17 5.99958607184067e-18 1.10611752234722e-17 2.32995060663117e-16 1.22422500947743e-16 -1.19532227717207e+00 -8.99610273436416e-18 -1.15331140929938e-16 -2.49797634062177e+00 -1.86983910985361e-17 -3.51210016688339e-16
 2.09889682388778e-17 4.20173456491138e-17 4.87143188668143e-17 4.03974520634180e-17 -2.64739107922022e-17 -1.00986482367013e+01 1.09358414544007e-17 -1.62556872255699e-17 -5.27836774012036e+00 7.12271444471111e-18 1.27975645671301e-18 2.35632966838628e-18 4.83152373900980e-17 2.43771884759787e-17 -8.99224342690890e-18 -1.19532227717207e+00 -2.42343258646154e-17 -1.82712128261433e-17 -2.49797634062177e+00 -7.66636330508016e-17
 -9.14402521191295e-02 -2.33678239786495e-01 -1.15644767956109e+00 -1.07497658746540e+00 4.86076539049618e-17 1.09358414544007e-17 -1.08005405495354e+01 3.66925502659536e-17 6.48180223520041e-18 -5.95192965878210e+00 -1.55550707916454e+00 -1.94294599497692e+00 -4.02447975356401e+00 -4.21434520682040e+00 2.26957573575703e-16 4.64317834944178e-17 3.42412205906014e+00 1.82334511172428e-16 3.85468487077581e-17 2.96165689185486e+00
 1.18145982165395e-17 2.67925816352033e-17 1.55873432528259e-16 1.88870649135022e-16 -5.27836774012036e+00 -1.62556872255699e-17 3.66925502659536e-17 -5.59238085510448e+00 -2.02763543951963e-17 5.14978236613146e-17 1.01165238327071e-17 1.83116024709717e-17 2.35729185002724e-16 1.32228933317580e-16 -1.65373572032195e+00 -1.29105609738849e-17 -6.60966154457613e-17 -3.65568216768688e+00 -2.78149476596024e-17 -2.22694817133002e-16
 1.33941466974247e-18 5.57800245331294e-18 3.33456046105935e-17 4.77961469667375e-17 -1.61725951318492e-17 -5.27836774012036e+00 6.48180223520041e-18 -2.02763543951963e-17 -5.59238085510448e+00 1.13217671848735e-17 2.17450155959704e-18 3.95200525806908e-18 4.99382068773242e-17 2.67361305701488e-17 -1.26960667648101e-17 -1.65373572032195e+00 -1.33898874020787e-17 -2.73955102177896e-17 -3.65568216768688e+00 -4.69899693444267e-17
 -2.24890451493220e-02 -7.55549450934751e-02 -1.01075661451220e+00 -1.31592842968571e+00 3.68264860368050e-17 7.12271444471111e-18 -5.95192965878210e+00 5.14978236613146e-17 1.13217671848735e-17 -6.62542834989351e+00 -2.69973112471145e+00 -3.30314302436507e+00 -5.70590527238668e+00 -5.82845198361456e+00 3.63656407987971e-16 7.59653722547884e-17 1.50528091082699e+00 3.34403927970134e-16 6.83320275278583e-17 7.30146121209638e-01
 -4.30743421653761e-05 -3.74514988701005e-03 -1.10227285487284e+00 -1.63733385242826e+00 5.99958607184067e-18 1.27975645671301e-18 -1.55550707916454e+00 1.01165238327071e-17 2.17450155959704e-18 -2.69973112471145e+00 -8.12147724350996e+01 -6.58517014890361e+01 -3.06637161759789e+00 -8.16184390709499e+00 4.69782719177892e-17 2.66416331879675e-17 6.03702732866862e-02 1.00128330323508e-17 -2.00723532227212e-18 1.48240838183168e-02
 -3.63985464310881e-04 -6.93909758061854e-03 -1.37680748374131e+00 -2.01798496619840e+00 1.10611752234722e-17 2.35632966838628e-18 -1.94294599497692e+00 1.83116024709717e-17 3.95200525806908e-18 -3.30314302436507e+00 -6.58517014890361e+01 -5.72147724350888e+01 -4.51943861287485e+00 -1.09067418056502e+01 7.83175463497858e-17 1.59164028648902e-17 1.31694371240769e-01 2.01823142939727e-17 4.14331907137213e-18 4.14067162628024e-02
 -1.25541432664135e+00 -1.69421970418177e+00 -4.65919572118447e+00 -5.25750431200147e+00 2.32995060663117e-16 4.83152373900980e-17 -4.02447975356401e+00 2.35729185002724e-16 4.99382068773242e-17 -5.70590527238668e+00 -3.06637161759789e+00 -4.51943861287485e+00 -9.54377217087143e+00 -1.01072379077754e+01 1.44043780834073e-16 3.17263476153453e-17 6.34968126569152e-01 1.56372350548318e-16 2.28496123886540e-17 9.93998340489051e-01
 -4.35147095920038e-01 -6.46145399642482e-01 -3.45469224519437e+00 -4.20237359227227e+00 1.22422500947743e-16 2.43771884759787e-17 -4.21434520682040e+00 1.32228933317580e-16 2.67361305701488e-17 -5.82845198361456e+00 -8.16184390709499e+00 -1.09067418056502e+01 -1.01072379077754e+01 -1.40927673110157e+01 1.77261967149734e-16 3.68456960308150e-17 6.43254326317615e-01 1.20811904714734e-16 2.48425761257925e-17 6.12378973267945e-01
 3.00441520080393e-18 8.20963737431312e-18 1.80083418938957e-16 2.47103398980187e-16 -1.19532227717207e+00 -8.99224342690890e-18 2.26957573575703e-16 -1.65373572032195e+00 -1.26960667648101e-17 3.63656407987971e-16 4.69782719177892e-17 7.83175463497858e-17 1.44043780834073e-16 1.77261967149734e-16 -1.49555699418967e+01 -2.14239956368726e-17 -2.88092218295587e-17 -7.26965194447594e+00 -1.19464459792193e-17 -2.36560344223422e-17
 6.41422505904989e-19 1.71852861087970e-18 3.83477220139923e-17 5.23916246479893e-17 -8.99610273436416e-18 -1.19532227717207e+00 4.64317834944178e-17 -1.29105609738849e-17 -1.65373572032195e+00 7.59653722547884e-17 2.66416331879675e-17 1.59164028648902e-17 3.17263476153453e-17 3.68456960308150e-17 -2.14239956368726e-17 -1.49555699418967e+01 -1.09829365360163e-17 -1.17059536627429e-17 -7.26965194447594e+00 -3.75970602845016e-18
 5.59829731450105e-01 8.36362910806833e-01 2.68231040278707e+00 1.91240879092329e+00 -1.15331140929938e-16 -2.42343258646154e-17 3.42412205906014e+00 -6.60966154457613e-17 -1.33898874020787e-17 1.50528091082699e+00 6.03702732866862e-02 1.31694371240769e-01 6.34968126569152e-01 6.43254326317615e-01 -2.88092218295587e-17 -1.09829365360163e-17 -1.52505175749907e+01 -2.40319010625122e-17 -3.87646780678907e-18 -7.61178194314526e+00
 1.26422091655687e-17 2.69497361848522e-17 2.26991843950855e-16 3.10968513788762e-16 -2.49797634062177e+00 -1.82712128261433e-17 1.82334511172428e-16 -3.65568216768688e+00 -2.73955102177896e-17 3.34403927970134e-16 1.00128330323508e-17 2.01823142939727e-17 1.56372350548318e-16 1.20811904714734e-16 -7.26965194447594e+00 -1.17059536627429e-17 -2.40319010625122e-17 -7.51636753387679e+00 -1.86668643103651e-17 -4.24935157519869e-17
 2.78976481891421e-18 5.42365287432657e-18 4.82169139890420e-17 6.41773124002967e-17 -1.86983910985361e-17 -2.49797634062177e+00 3.85468487077581e-17 -2.78149476596024e-17 -3.65568216768688e+00 6.83320275278583e-17 -2.00723532227212e-18 4.14331907137213e-18 2.28496123886540e-17 2.48425761257925e-17 -1.19464459792193e-17 -7.26965194447594e+00 -3.87646780678907e-18 -1.86668643103651e-17 -7.51636753387679e+00 -9.23689178466026e-18
 2.55954270620824e+00 3.35329961388874e+00 5.64018380424234e+00 4.25930980775561e+00 -3.51210016688339e-16 -7.66636330508016e-17 2.96165689185486e+00 -2.22694817133002e-16 -4.69899693444267e-17 7.30146121209638e-01 1.48240838183168e-02 4.14067162628024e-02 9.93998340489051e-01 6.12378973267945e-01 -2.36560344223422e-17 -3.75970602845016e-18 -7.61178194314526e+00 -4.24935157519869e-17 -9.23689178466026e-18 -8.35225586087278e+00
T:
 2.94912000000002e+01 1.79279359358090e+01 -8.89610343727622e-01 -5.30885120323492e-01 -0.00000000000000e+00 1.31825352483197e-18 1.62721919471446e-18 -0.00000000000000e+00 -0.00000000000000e+00 -1.65813666191583e-19 -4.34124470961115e-05 -3.48557464614470e-04 -1.34112696020190e-03 -2.29157087952768e-02 1.84965591319926e-18 4.03187869958162e-19 3.32100777367482e-02 6.55605504190399e-18 1.45371293826795e-18 -3.81923575270937e-02
 1.79279359358090e+01 1.25000000000001e+01 -3.12031902653135e-01 -3.67401368608897e-01 -0.00000000000000e+00 3.11619503647061e-18 -1.29570956811582e-18 -0.00000000000000e+00 -0.00000000000000e+00 -6.42385194503484e-19 -1.06540808166133e-03 -2.90508512494790e-03 1.83394256663533e-03 -3.92737721244985e-02 3.12126167070022e-18 7.35206055512887e-19 5.15954997590018e-02 7.76200564340353e-18 1.45159026300582e-18 -7.61160558874275e-02
 -8.89610343727622e-01 -3.12031902653135e-01 6.53400000000005e-01 3.17447467545345e-01 -0.00000000000000e+00 -0.00000000000000e+00 2.58915930011074e-19 -0.00000000000000e+00 1.19102829053192e-18 -6.35835415518345e-20 -7.43013124429516e-03 -1.10005925618113e-02 1.03282691114324e-01 3.81379466661619e-02 1.04645789554574e-18 2.27237383430713e-19 -1.26599665254032e-01 3.85537518801696e-19 -1.02244701159445e-19 -3.03533719685626e-01
 -5.30885120323492e-01 -3.67401368608897e-01 3.17447467545345e-01 2.56266666666668e-01 -0.00000000000000e+00 -0.00000000000000e+00 -2.75526395385229e-19 -0.00000000000000e+00 -9.85784640059461e-19 1.19372358757200e-19 7.10123797214848e-03 1.27190700635857e-02 1.18575501871724e-01 8.24888789796692e-02 -4.07293218254906e-18 -8.24811991039623e-19 -9.32150609919136e-02 -5.55137899537105e-18 -1.10966079143208e-18 -1.99482658424200e-01
 -0.00000000000000e+00 -0.00000000000000e+00 -0.00000000000000e+00 -0.00000000000000e+00 2.42000000000001e+00 -0.00000000000000e+00 -0.00000000000000e+00 6.95205610099411e-01 -0.00000000000000e+00 -0.00000000000000e+00 5.11104674725324e-20 6.31627114050897e-20 -3.17941062664722e-17 -1.23759203268102e-17 4.47339895300870e-02 3.47986273749341e-19 1.73670173107777e-17 1.61170176323424e-01 1.24539704764974e-18 6.47572883580076e-17
 1.31825352483197e-18 3.11619503647061e-18 -0.00000000000000e+00 -0.00000000000000e+00 -0.00000000000000e+00 2.42000000000001e+00 1.50411825322790e-20 -0.00000000000000e+00 6.95205610099411e-01 -3.13276666700579e-19 1.11251265723187e-20 2.04108143437501e-20 -6.85203715642706e-18 -2.63069420732951e-18 3.46141250768875e-19 4.47339895300870e-02 3.82306064033767e-18 1.16455367737056e-18 1.61170176323424e-01 1.18004735891409e-17
 1.62721919471446e-18 -1.29570956811582e-18 2.58915930011074e-19 -2.75526395385229e-19 -0.00000000000000e+00 1.50411825322790e-20 2.42000000000001e+00 -0.00000000000000e+00 -4.19759277526507e-19 6.95205610099411e-01 -1.05390976706605e-02 -1.31831131408456e-02 2.12762417520768e-01 1.66631208147396e-01 -1.53367149639729e-18 -3.64367485242754e-19 -3.41160851155271e-01 -2.37755342326951e-18 -6.04891608551440e-19 -3.70229195239045e-01
 -0.00000000000000e+00 -0.00000000000000e+00 -0.00000000000000e+00 -0.00000000000000e+00 6.95205610099411e-01 -0.00000000000000e+00 -0.00000000000000e+00 4.60800000000001e-01 -0.00000000000000e+00 -0.00000000000000e+00 -1.59296818942742e-19 -4.02680564642963e-19 -1.73681782311097e-17 -8.16329441059305e-18 8.31214446510734e-02 6.12244038543733e-19 7.01616319422813e-18 2.16341228596997e-01 1.44514478809394e-18 2.54707065374264e-17
 -0.00000000000000e+00 -0.00000000000000e+00 1.19102829053192e-18 -9.85784640059461e-19 -0.00000000000000e+00 6.95205610099411e-01 -4.19759277526507e-19 -0.00000000000000e+00 4.60800000000001e-01 5.42148940849334e-20 -3.21446069458086e-20 -8.72473931180080e-20 -3.50883340175792e-18 -1.82620572490671e-18 5.97441497223853e-19 8.31214446510734e-02 1.48788889521863e-18 1.53287897549189e-18 2.16341228596997e-01 5.62156809969296e-18
 -1.65813666191583e-19 -6.42385194503484e-19 -6.35835415518345e-20 1.19372358757200e-19 -0.00000000000000e+00 -3.13276666700579e-19 6.95205610099411e-01 -0.00000000000000e+00 5.42148940849334e-20 4.60800000000001e-01 2.85360450241432e-02 4.92518568269628e-02 2.55241152594372e-01 2.41281080476342e-01 -1.32195037974656e-17 -2.86158939088200e-18 -1.74277209887760e-01 -1.32035772723066e-17 -2.96619755163825e-18 -1.52458095924932e-01
 -4.34124470961115e-05 -1.06540808166133e-03 -7.43013124429516e-03 7.10123797214848e-03 5.11104674725324e-20 1.11251265723187e-20 -1.05390976706605e-02 -1.59296818942742e-19 -3.21446069458086e-20 2.85360450241432e-02 4.80200000000006e+01 3.17010172311425e+01 -9.57360421466589e-01 -1.52069891119261e+00 -0.00000000000000e+00 -0.00000000000000e+00 -5.75813762367839e-19 -0.00000000000000e+00 -1.02006512356502e-18 -7.65048842673763e-19
 -3.48557464614470e-04 -2.90508512494790e-03 -1.10005925618113e-02 1.27190700635857e-02 6.31627114050897e-20 2.04108143437501e-20 -1.31831131408456e-02 -4.02680564642963e-19 -8.72473931180080e-20 4.92518568269628e-02 3.17010172311425e+01 2.31200000000002e+01 -6.83434917051599e-01 -5.03676997681763e-01 -0.00000000000000e+00 1.25296041003167e-18 1.05229096936254e-18 -0.00000000000000e+00 -0.00000000000000e+00 -6.35654713026812e-19
 -1.34112696020190e-03 1.83394256663533e-03 1.03282691114324e-01 1.18575501871724e-01 -3.17941062664722e-17 -6.85203715642706e-18 2.12762417520768e-01 -1.73681782311097e-17 -3.50883340175792e-18 2.55241152594372e-01 -9.57360421466589e-01 -6.83434917051599e-01 4.81666666666667e-01 5.92726417048675e-01 -0.00000000000000e+00 -1.22977495102674e-18 -1.13369878297778e-18 -0.00000000000000e+00 -0.00000000000000e+00 -2.17005987287674e-19
 -2.29157087952768e-02 -3.92737721244985e-02 3.81379466661619e-02 8.24888789796692e-02 -1.23759203268102e-17 -2.63069420732951e-18 1.66631208147396e-01 -8.16329441059305e-18 -1.82620572490671e-18 2.41281080476342e-01 -1.52069891119261e+00 -5.03676997681763e-01 5.92726417048675e-01 1.32540000000001e+00 -0.00000000000000e+00 -0.00000000000000e+00 -1.00447274313363e-18 -0.00000000000000e+00 -0.00000000000000e+00 -3.60506802931486e-20
 1.84965591319926e-18 3.12126167070022e-18 1.04645789554574e-18 -4.07293218254906e-18 4.47339895300870e-02 3.46141250768875e-19 -1.53367149639729e-18 8.31214446510734e-02 5.97441497223853e-19 -1.32195037974656e-17 -0.00000000000000e+00 -0.00000000000000e+00 -0.00000000000000e+00 -0.00000000000000e+00 4.68180000000002e+00 -0.00000000000000e+00 -0.00000000000000e+00 1.27501197018448e+00 -0.00000000000000e+00 -0.00000000000000e+00
 4.03187869958162e-19 7.35206055512887e-19 2.27237383430713e-19 -8.24811991039623e-19 3.47986273749341e-19 4.47339895300870e-02 -3.64367485242754e-19 6.12244038543733e-19 8.31214446510734e-02 -2.86158939088200e-18 -0.00000000000000e+00 1.25296041003167e-18 -1.22977495102674e-18 -0.00000000000000e+00 -0.00000000000000e+00 4.68180000000002e+00 -3.07823973427256e-19 -0.00000000000000e+00 1.27501197018448e+00 -6.02299428633793e-20
 3.32100777367482e-02 5.15954997590018e-02 -1.26599665254032e-01 -9.32150609919136e-02 1.73670173107777e-17 3.82306064033767e-18 -3.41160851155271e-01 7.01616319422813e-18 1.48788889521863e-18 -1.74277209887760e-01 -5.75813762367839e-19 1.05229096936254e-18 -1.13369878297778e-18 -1.00447274313363e-18 -0.00000000000000e+00 -3.07823973427256e-19 4.68180000000002e+00 -0.00000000000000e+00 4.11247204620060e-20 1.27501197018448e+00
 6.55605504190399e-18 7.76200564340353e-18 3.85537518801696e-19 -5.55137899537105e-18 1.61170176323424e-01 1.16455367737056e-18 -2.37755342326951e-18 2.16341228596997e-01 1.53287897549189e-18 -1.32035772723066e-17 -0.00000000000000e+00 -0.00000000000000e+00 -0.00000000000000e+00 -0.00000000000000e+00 1.27501197018448e+00 -0.00000000000000e+00 -0.00000000000000e+00 8.45000000000000e-01 -0.00000000000000e+00 -0.00000000000000e+00
 1.45371293826795e-18 1.45159026300582e-18 -1.02244701159445e-19 -1.10966079143208e-18 1.24539704764974e-18 1.61170176323424e-01 -6.04891608551440e-19 1.44514478809394e-18 2.16341228596997e-01 -2.96619755163825e-18 -1.02006512356502e-18 -0.00000000000000e+00 -0.00000000000000e+00 -0.00000000000000e+00 -0.00000000000000e+00 1.27501197018448e+00 4.11247204620060e-20 -0.00000000000000e+00 8.45000000000000e-01 2.71026357405733e-19
 -3.81923575270937e-02 -7.61160558874275e-02 -3.03533719685626e-01 -1.99482658424200e-01 6.47572883580076e-17 1.18004735891409e-17 -3.70229195239045e-01 2.54707065374264e-17 5.62156809969296e-18 -1.52458095924932e-01 -7.65048842673763e-19 -6.35654713026812e-19 -2.17005987287674e-19 -3.60506802931486e-20 -0.00000000000000e+00 -6.02299428633793e-20 1.27501197018448e+00 -0.00000000000000e+00 2.71026357405733e-19 8.45000000000000e-01
