S:
 1.00000000000000e+00 9.33746663323377e-01 1.86830129311076e-01 7.97603846639865e-02 0.00000000000000e+00 -3.29563381207993e-19 -9.01149870490605e-20 0.00000000000000e+00 -1.65813666191583e-19 -5.18167706848698e-21 1.80637931848604e-06 2.08273007358626e-05 4.66334271041986e-02 1.67099290418381e-02 -1.62065962433323e-19 -3.18268371420157e-20 -2.15770566188095e-02 -6.59813822903452e-19 -1.31918159527708e-19 -9.40791724123620e-02
 9.33746663323377e-01 1.00000000000000e+00 3.60036810753619e-01 1.74953032670904e-01 0.00000000000000e+00 6.92487785882358e-19 -1.40661581507354e-19 0.00000000000000e+00 -1.74206154441623e-19 2.04147837236277e-20 1.08733587970344e-04 3.28031917923633e-04 8.85532977841103e-02 3.53918885761135e-02 -5.94195947133703e-19 -1.05693330426709e-19 -4.57255022841769e-02 -1.89043051470018e-18 -3.80067815970910e-19 -1.72031653292014e-01
 1.86830129311076e-01 3.60036810753619e-01 1.00000000000000e+00 8.73147889095104e-01 0.00000000000000e+00 1.57815424006750e-18 -3.45221240014766e-19 0.00000000000000e+00 0.00000000000000e+00 1.36471991623450e-19 2.63260647974315e-02 4.60228493752083e-02 4.67931430258106e-01 2.90183902920580e-01 -1.49544971384581e-17 -3.12773704313052e-18 -2.20647158292435e-01 -2.65142625444319e-17 -6.01561465168486e-18 -5.80290364667880e-01
 7.97603846639865e-02 1.74953032670904e-01 8.73147889095104e-01 1.00000000000000e+00 0.00000000000000e+00 0.00000000000000e+00 3.82675549146151e-19 0.00000000000000e+00 0.00000000000000e+00 -6.16115400037163e-20 3.87935205487518e-02 6.65425018574668e-02 5.93953872789964e-01 3.67215982087575e-01 -2.11779142189080e-17 -4.40480054926643e-18 -1.54989100980842e-01 -4.19427727548611e-17 -8.21759253400389e-18 -4.91707636142162e-01
 0.00000000000000e+00 0.00000000000000e+00 0.00000000000000e+00 0.00000000000000e+00 1.00000000000000e+00 0.00000000000000e+00 0.00000000000000e+00 6.58338645927470e-01 0.00000000000000e+00 0.00000000000000e+00 -2.10680253356958e-19 -5.42431982818901e-19 -2.42310068461019e-17 -1.16789037002419e-17 1.14208660196500e-01 9.33941245592814e-19 1.04420136915686e-17 3.02083151290204e-01 2.65261365859921e-18 3.66362888672397e-17
 -3.29563381207993e-19 6.92487785882358e-19 1.57815424006750e-18 0.00000000000000e+00 0.00000000000000e+00 1.00000000000000e+00 -1.12238973945110e-19 0.00000000000000e+00 6.58338645927470e-01 1.94318856838052e-19 -3.40865561443377e-20 -1.07021319240618e-19 -5.58403177147875e-18 -2.60994197590053e-18 9.56489032694356e-19 1.14208660196500e-01 2.32762911958919e-18 2.42624637590322e-18 3.02083151290204e-01 8.27519410499428e-18
 -9.01149870490605e-20 -1.40661581507354e-19 -3.45221240014766e-19 3.82675549146151e-19 0.00000000000000e+00 -1.12238973945110e-19 1.00000000000000e+00 0.00000000000000e+00 2.46515128936935e-19 6.58338645927470e-01 3.71407510829512e-02 6.48010659774851e-02 3.55062771420919e-01 3.33293815022186e-01 -1.79050580870781e-17 -3.51363488818547e-18 -2.66766541363121e-01 -1.82481950081883e-17 -4.30365462441160e-18 -2.23327481994128e-01
 0.00000000000000e+00 0.00000000000000e+00 0.00000000000000e+00 0.00000000000000e+00 6.58338645927470e-01 0.00000000000000e+00 0.00000000000000e+00 1.00000000000000e+00 0.00000000000000e+00 0.00000000000000e+00 -3.58174973772894e-19 -8.35330372175786e-19 -3.13928569802183e-17 -1.40734715319947e-17 1.70016629971343e-01 1.33419495356080e-18 6.27810369026011e-18 5.72760027119129e-01 4.27794132894902e-18 2.93982155440092e-17
 -1.65813666191583e-19 -1.74206154441623e-19 0.00000000000000e+00 0.00000000000000e+00 0.00000000000000e+00 6.58338645927470e-01 2.46515128936935e-19 0.00000000000000e+00 1.00000000000000e+00 -2.17383433501683e-19 -8.22431962786491e-20 -1.59718282697289e-19 -7.04182950701192e-18 -3.37921322230780e-18 1.44338422579522e-18 1.70016629971343e-01 1.46511696404670e-18 4.17876549147807e-18 5.72760027119129e-01 5.43418367993167e-18
 -5.18167706848698e-21 2.04147837236277e-20 1.36471991623450e-19 -6.16115400037163e-20 0.00000000000000e+00 1.94318856838052e-19 6.58338645927470e-01 0.00000000000000e+00 -2.17383433501683e-19 1.00000000000000e+00 6.36629245418068e-02 1.07936019930444e-01 6.15915704561142e-01 4.95619642746947e-01 -2.99341544231539e-17 -6.81684087476676e-18 -9.69380004853434e-02 -4.24370447564783e-17 -9.40369747358178e-18 5.33136787551829e-02
 1.80637931848604e-06 1.08733587970344e-04 2.63260647974315e-02 3.87935205487518e-02 -2.10680253356958e-19 -3.40865561443377e-20 3.71407510829512e-02 -3.58174973772894e-19 -8.22431962786491e-20 6.36629245418068e-02 1.00000000000000e+00 9.51411081366809e-01 9.15842239923393e-02 2.23807728295617e-01 0.00000000000000e+00 0.00000000000000e+00 -3.81053225096364e-20 0.00000000000000e+00 0.00000000000000e+00 1.39462028612405e-20
 2.08273007358626e-05 3.28031917923633e-04 4.60228493752083e-02 6.65425018574668e-02 -5.42431982818901e-19 -1.07021319240618e-19 6.48010659774851e-02 -8.35330372175786e-19 -1.59718282697289e-19 1.07936019930444e-01 9.51411081366809e-01 1.00000000000000e+00 1.77362002695052e-01 3.83121448540898e-01 0.00000000000000e+00 -6.26480205015837e-19 1.85986310864077e-19 0.00000000000000e+00 0.00000000000000e+00 8.06083875215160e-21
 4.66334271041986e-02 8.85532977841103e-02 4.67931430258106e-01 5.93953872789964e-01 -2.42310068461019e-17 -5.58403177147875e-18 3.55062771420919e-01 -3.13928569802183e-17 -7.04182950701192e-18 6.15915704561142e-01 9.15842239923393e-02 1.77362002695052e-01 1.00000000000000e+00 8.53498728590774e-01 0.00000000000000e+00 0.00000000000000e+00 3.84304672195857e-20 0.00000000000000e+00 0.00000000000000e+00 -2.62215567972606e-19
 1.67099290418381e-02 3.53918885761135e-02 2.90183902920580e-01 3.67215982087575e-01 -1.16789037002419e-17 -2.60994197590053e-18 3.33293815022186e-01 -1.40734715319947e-17 -3.37921322230780e-18 4.95619642746947e-01 2.23807728295617e-01 3.83121448540898e-01 8.53498728590774e-01 1.00000000000000e+00 0.00000000000000e+00 0.00000000000000e+00 5.27773814188857e-19 0.00000000000000e+00 -1.02544157278289e-18 9.61351474483962e-20
 -1.62065962433323e-19 -5.94195947133703e-19 -1.49544971384581e-17 -2.11779142189080e-17 1.14208660196500e-01 9.56489032694356e-19 -1.79050580870781e-17 1.70016629971343e-01 1.44338422579522e-18 -2.99341544231539e-17 0.00000000000000e+00 0.00000000000000e+00 0.00000000000000e+00 0.00000000000000e+00 1.00000000000000e+00 0.00000000000000e+00 0.00000000000000e+00 6.41031659217934e-01 0.00000000000000e+00 0.00000000000000e+00
 -3.18268371420157e-20 -1.05693330426709e-19 -3.12773704313052e-18 -4.40480054926643e-18 9.33941245592814e-19 1.14208660196500e-01 -3.51363488818547e-18 1.33419495356080e-18 1.70016629971343e-01 -6.81684087476676e-18 0.00000000000000e+00 -6.26480205015837e-19 0.00000000000000e+00 0.00000000000000e+00 0.00000000000000e+00 1.00000000000000e+00 3.82671929825220e-21 0.00000000000000e+00 6.41031659217934e-01 1.30269945421595e-19
 -2.15770566188095e-02 -4.57255022841769e-02 -2.20647158292435e-01 -1.54989100980842e-01 1.04420136915686e-17 2.32762911958919e-18 -2.66766541363121e-01 6.27810369026011e-18 1.46511696404670e-18 -9.69380004853434e-02 -3.81053225096364e-20 1.85986310864077e-19 3.84304672195857e-20 5.27773814188857e-19 0.00000000000000e+00 3.82671929825220e-21 1.00000000000000e+00 0.00000000000000e+00 4.82695977427014e-20 6.41031659217934e-01
 -6.59813822903452e-19 -1.89043051470018e-18 -2.65142625444319e-17 -4.19427727548611e-17 3.02083151290204e-01 2.42624637590322e-18 -1.82481950081883e-17 5.72760027119129e-01 4.17876549147807e-18 -4.24370447564783e-17 0.00000000000000e+00 0.00000000000000e+00 0.00000000000000e+00 0.00000000000000e+00 6.41031659217934e-01 0.00000000000000e+00 0.00000000000000e+00 1.00000000000000e+00 0.00000000000000e+00 0.00000000000000e+00
 -1.31918159527708e-19 -3.80067815970910e-19 -6.01561465168486e-18 -8.21759253400389e-18 2.65261365859921e-18 3.02083151290204e-01 -4.30365462441160e-18 4.27794132894902e-18 5.72760027119129e-01 -9.40369747358178e-18 0.00000000000000e+00 0.00000000000000e+00 0.00000000000000e+00 -1.02544157278289e-18 0.00000000000000e+00 6.41031659217934e-01 4.82695977427014e-20 0.00000000000000e+00 1.00000000000000e+00 -3.04649678038876e-20
 -9.40791724123620e-02 -1.72031653292014e-01 -5.80290364667880e-01 -4.91707636142162e-01 3.66362888672397e-17 8.27519410499428e-18 -2.23327481994128e-01 2.93982155440092e-17 5.43418367993167e-18 5.33136787551829e-02 1.39462028612405e-20 8.06083875215160e-21 -2.62215567972606e-19 9.61351474483962e-20 0.00000000000000e+00 1.30269945421595e-19 6.41031659217934e-01 0.00000000000000e+00 -3.04649678038876e-20 1.00000000000000e+00
En:
 -4.98330299134666e+01 -3.90241022317814e+01 -4.31073709401175e+00 -1.72226824968506e+00 5.32014999270768e-17 1.17143238704537e-17 -9.14402521191301e-02 1.14641990644486e-17 2.43120490552612e-18 -2.24890451493217e-02 -4.30743421653768e-05 -3.63985464310888e-04 -1.25541432664138e+00 -4.35147095920046e-01 3.01380974906176e-18 5.68537803731268e-19 5.59829731450105e-01 1.28407151537095e-17 2.32549948873462e-18 2.55954270620821e+00
 -3.90241022317814e+01 -3.37530298892827e+01 -6.37732048481889e+00 -2.83997459728984e+00 1.00300574244307e-16 2.36724659726960e-17 -2.33678239786497e-01 2.63357514603113e-17 8.34914221227922e-18 -7.55549450934762e-02 -3.74514988701014e-03 -6.93909758061871e-03 -1.69421970418180e+00 -6.46145399642496e-01 8.21870673385851e-18 1.54558075041716e-18 8.36362910806828e-01 2.68477263625013e-17 5.71099194975850e-18 3.35329961388874e+00
 -4.31073709401175e+00 -6.37732048481889e+00 -9.65236934885361e+00 -7.38673580720771e+00 2.27861117206061e-16 3.53245697131018e-17 -1.15644767956109e+00 1.59532045133032e-16 3.45928475641573e-17 -1.01075661451220e+00 -1.10227285487288e+00 -1.37680748374136e+00 -4.65919572118453e+00 -3.45469224519440e+00 1.79069649250220e-16 3.45098822515464e-17 2.68231040278708e+00 2.26895989582595e-16 4.52354039117453e-17 5.64018380424236e+00
 -1.72226824968506e+00 -2.83997459728984e+00 -7.38673580720771e+00 -7.12917705476658e+00 1.84812526438143e-16 4.49566785793613e-17 -1.07497658746541e+00 1.89885217307962e-16 3.24726290405624e-17 -1.31592842968572e+00 -1.63733385242833e+00 -2.01798496619843e+00 -5.25750431200157e+00 -4.20237359227236e+00 2.49066510208696e-16 4.98550995915086e-17 1.91240879092328e+00 3.10066403581132e-16 6.19195722495574e-17 4.25930980775563e+00
 5.32014999270768e-17 1.00300574244307e-16 2.27861117206061e-16 1.84812526438143e-16 -1.00986482367013e+01 -2.74269686952284e-17 4.98621489457429e-17 -5.27836774012038e+00 -1.57046676455424e-17 3.61858894067870e-17 5.93319275650579e-18 1.11778143443522e-17 2.34893114350152e-16 1.22893364431183e-16 -1.19532227717209e+00 -9.70703215639815e-18 -1.16036725241271e-16 -2.49797634062180e+00 -1.92927961546456e-17 -3.54295463303031e-16
 1.17143238704537e-17 2.36724659726960e-17 3.53245697131018e-17 4.49566785793613e-17 -2.74269686952284e-17 -1.00986482367013e+01 7.03620479670621e-18 -1.59224559822624e-17 -5.27836774012038e+00 7.81900118822765e-18 1.32952439441237e-18 2.57791518961703e-18 5.50160095022861e-17 2.58396144521615e-17 -9.64913553441105e-18 -1.19532227717209e+00 -2.49889512323508e-17 -1.93286015548417e-17 -2.49797634062180e+00 -7.86604935213719e-17
 -9.14402521191301e-02 -2.33678239786497e-01 -1.15644767956109e+00 -1.07497658746541e+00 4.98621489457429e-17 7.03620479670621e-18 -1.08005405495355e+01 3.68228404828020e-17 7.70967461837781e-18 -5.95192965878213e+00 -1.55550707916453e+00 -1.94294599497692e+00 -4.02447975356402e+00 -4.21434520682037e+00 2.26740643659722e-16 5.19585446130100e-17 3.42412205906007e+00 1.83843087206032e-16 3.82048038394316e-17 2.96165689185486e+00
 1.14641990644486e-17 2.63357514603113e-17 1.59532045133032e-16 1.89885217307962e-16 -5.27836774012038e+00 -1.59224559822624e-17 3.68228404828020e-17 -5.59238085510274e+00 -2.01598110738888e-17 5.27106340688226e-17 1.00888939568354e-17 1.82252259871625e-17 2.35002556630188e-16 1.32812755910432e-16 -1.65373572032197e+00 -1.19200054134394e-17 -6.84764875305421e-17 -3.65568216768689e+00 -2.66594977126026e-17 -2.21512097287242e-16
 2.43120490552612e-18 8.34914221227922e-18 3.45928475641573e-17 3.24726290405624e-17 -1.57046676455424e-17 -5.27836774012038e+00 7.70967461837781e-18 -2.01598110738888e-17 -5.59238085510274e+00 1.43038547479918e-17 2.03002808954433e-18 3.53494333268824e-18 4.77240244690954e-17 2.88957285476407e-17 -1.19903492845311e-17 -1.65373572032197e+00 -1.13828742117539e-17 -2.74242985729435e-17 -3.65568216768690e+00 -4.65950212637553e-17
 -2.24890451493217e-02 -7.55549450934762e-02 -1.01075661451220e+00 -1.31592842968572e+00 3.61858894067870e-17 7.81900118822765e-18 -5.95192965878213e+00 5.27106340688226e-17 1.43038547479918e-17 -6.62542834989085e+00 -2.69973112471144e+00 -3.30314302436507e+00 -5.70590527238666e+00 -5.82845198361452e+00 3.67699119427062e-16 8.72813945833083e-17 1.50528091082697e+00 3.34516228807369e-16 6.77236208237211e-17 7.30146121209631e-01
 -4.30743421653768e-05 -3.74514988701014e-03 -1.10227285487288e+00 -1.63733385242833e+00 5.93319275650579e-18 1.32952439441237e-18 -1.55550707916453e+00 1.00888939568354e-17 2.03002808954433e-18 -2.69973112471144e+00 -8.12147724350999e+01 -6.58517014890365e+01 -3.06637161759790e+00 -8.16184390709503e+00 4.79113738280933e-17 -8.65566112624210e-18 6.03702732866872e-02 9.99717496015941e-18 1.88800244234877e-18 1.48240838183169e-02
 -3.63985464310888e-04 -6.93909758061871e-03 -1.37680748374136e+00 -2.01798496619843e+00 1.11778143443522e-17 2.57791518961703e-18 -1.94294599497692e+00 1.82252259871625e-17 3.53494333268824e-18 -3.30314302436507e+00 -6.58517014890365e+01 -5.72147724350888e+01 -4.51943861287487e+00 -1.09067418056502e+01 7.77258153284386e-17 1.57769531588838e-17 1.31694371240768e-01 2.02582319920190e-17 8.90173991085987e-18 4.14067162628027e-02
 -1.25541432664138e+00 -1.69421970418180e+00 -4.65919572118453e+00 -5.25750431200157e+00 2.34893114350152e-16 5.50160095022861e-17 -4.02447975356402e+00 2.35002556630188e-16 4.77240244690954e-17 -5.70590527238666e+00 -3.06637161759790e+00 -4.51943861287487e+00 -9.54377217087148e+00 -1.01072379077755e+01 1.42469362330958e-16 2.70401824014874e-17 6.34968126569149e-01 1.57016590690436e-16 3.13095810857622e-17 9.93998340489055e-01
 -4.35147095920046e-01 -6.46145399642496e-01 -3.45469224519440e+00 -4.20237359227236e+00 1.22893364431183e-16 2.58396144521615e-17 -4.21434520682037e+00 1.32812755910432e-16 2.88957285476407e-17 -5.82845198361452e+00 -8.16184390709503e+00 -1.09067418056502e+01 -1.01072379077755e+01 -1.40927673110157e+01 1.78823436108640e-16 4.40574508509242e-17 6.43254326317614e-01 1.22524321692609e-16 2.61733119954368e-17 6.12378973267947e-01
 3.01380974906176e-18 8.21870673385851e-18 1.79069649250220e-16 2.49066510208696e-16 -1.19532227717209e+00 -9.64913553441105e-18 2.26740643659722e-16 -1.65373572032197e+00 -1.19903492845311e-17 3.67699119427062e-16 4.79113738280933e-17 7.77258153284386e-17 1.42469362330958e-16 1.78823436108640e-16 -1.49555699418968e+01 -2.43460222800771e-17 -2.83974516301195e-17 -7.26965194447597e+00 -1.35795995144299e-17 -2.42199007002504e-17
 5.68537803731268e-19 1.54558075041716e-18 3.45098822515464e-17 4.98550995915086e-17 -9.70703215639815e-18 -1.19532227717209e+00 5.19585446130100e-17 -1.19200054134394e-17 -1.65373572032197e+00 8.72813945833083e-17 -8.65566112624210e-18 1.57769531588838e-17 2.70401824014874e-17 4.40574508509242e-17 -2.43460222800771e-17 -1.49555699418968e+01 -6.83330531872882e-18 -1.34331809988223e-17 -7.26965194447597e+00 -4.11943576583813e-18
 5.59829731450105e-01 8.36362910806828e-01 2.68231040278708e+00 1.91240879092328e+00 -1.16036725241271e-16 -2.49889512323508e-17 3.42412205906007e+00 -6.84764875305421e-17 -1.13828742117539e-17 1.50528091082697e+00 6.03702732866872e-02 1.31694371240768e-01 6.34968126569149e-01 6.43254326317614e-01 -2.83974516301195e-17 -6.83330531872882e-18 -1.52505175749908e+01 -2.50201159858717e-17 -3.95605280452097e-18 -7.61178194314529e+00
 1.28407151537095e-17 2.68477263625013e-17 2.26895989582595e-16 3.10066403581132e-16 -2.49797634062180e+00 -1.93286015548417e-17 1.83843087206032e-16 -3.65568216768689e+00 -2.74242985729435e-17 3.34516228807369e-16 9.99717496015941e-18 2.02582319920190e-17 1.57016590690436e-16 1.22524321692609e-16 -7.26965194447597e+00 -1.34331809988223e-17 -2.50201159858717e-17 -7.51636753387683e+00 -1.95252098180571e-17 -4.31650924902094e-17
 2.32549948873462e-18 5.71099194975850e-18 4.52354039117453e-17 6.19195722495574e-17 -1.92927961546456e-17 -2.49797634062180e+00 3.82048038394316e-17 -2.66594977126026e-17 -3.65568216768690e+00 6.77236208237211e-17 1.88800244234877e-18 8.90173991085987e-18 3.13095810857622e-17 2.61733119954368e-17 -1.35795995144299e-17 -7.26965194447597e+00 -3.95605280452097e-18 -1.95252098180571e-17 -7.51636753387683e+00 -8.27438157844100e-18
 2.55954270620821e+00 3.35329961388874e+00 5.64018380424236e+00 4.25930980775563e+00 -3.54295463303031e-16 -7.86604935213719e-17 2.96165689185486e+00 -2.21512097287242e-16 -4.65950212637553e-17 7.30146121209631e-01 1.48240838183169e-02 4.14067162628027e-02 9.93998340489055e-01 6.12378973267947e-01 -2.42199007002504e-17 -4.11943576583813e-18 -7.61178194314529e+00 -4.31650924902094e-17 -8.27438157844100e-18 -8.35225586087283e+00
T:
 2.94912000000000e+01 1.79279359358091e+01 -8.89610343727619e-01 -5.30885120323490e-01 -0.00000000000000e+00 -2.63650704966394e-18 -4.94345071811989e-19 -0.00000000000000e+00 -0.00000000000000e+00 -1.03633541369740e-20 -4.34124470961127e-05 -3.48557464614476e-04 -1.34112696020065e-03 -2.29157087952773e-02 1.81123320213787e-18 3.65060984662081e-19 3.32100777367483e-02 6.46470676555000e-18 1.48724031243040e-18 -3.81923575270939e-02
 1.79279359358091e+01 1.25000000000001e+01 -3.12031902653141e-01 -3.67401368608898e-01 -0.00000000000000e+00 2.07746335764707e-18 -8.81839914834565e-19 -0.00000000000000e+00 -0.00000000000000e+00 1.00712933036563e-19 -1.06540808166135e-03 -2.90508512494794e-03 1.83394256663546e-03 -3.92737721244989e-02 3.13188636577071e-18 7.00939741718088e-19 5.15954997590014e-02 7.67256678598927e-18 1.79747460616595e-18 -7.61160558874273e-02
 -8.89610343727619e-01 -3.12031902653141e-01 6.53400000000001e-01 3.17447467545346e-01 -0.00000000000000e+00 -0.00000000000000e+00 -2.34257270010020e-19 -0.00000000000000e+00 -0.00000000000000e+00 -2.15563714041585e-19 -7.43013124429526e-03 -1.10005925618115e-02 1.03282691114323e-01 3.81379466661614e-02 1.13336903488075e-18 3.59085885362596e-19 -1.26599665254031e-01 3.35200388997277e-19 2.85018259704857e-20 -3.03533719685626e-01
 -5.30885120323490e-01 -3.67401368608898e-01 3.17447467545346e-01 2.56266666666667e-01 -0.00000000000000e+00 -0.00000000000000e+00 -2.60219373419383e-19 -0.00000000000000e+00 4.92892320029730e-19 4.23579337525550e-20 7.10123797214846e-03 1.27190700635854e-02 1.18575501871723e-01 8.24888789796676e-02 -3.98716742392950e-18 -8.58650456901872e-19 -9.32150609919129e-02 -5.43393610650180e-18 -1.14000447567866e-18 -1.99482658424201e-01
 -0.00000000000000e+00 -0.00000000000000e+00 -0.00000000000000e+00 -0.00000000000000e+00 2.42000000000001e+00 -0.00000000000000e+00 -0.00000000000000e+00 6.95205610099409e-01 -0.00000000000000e+00 -0.00000000000000e+00 5.12079811052174e-20 6.34882050018558e-20 -3.19396327249146e-17 -1.22401134311321e-17 4.47339895300866e-02 2.82176268885971e-19 1.73951533494167e-17 1.61170176323423e-01 8.55116496356708e-19 6.42467539239212e-17
 -2.63650704966394e-18 2.07746335764707e-18 -0.00000000000000e+00 -0.00000000000000e+00 -0.00000000000000e+00 2.42000000000001e+00 -1.15751908391532e-19 -0.00000000000000e+00 6.95205610099409e-01 3.39787932907731e-19 9.57970416405061e-21 1.66189377509294e-20 -7.21955756634140e-18 -2.87332603260470e-18 2.21699765130367e-19 4.47339895300866e-02 3.81147478430440e-18 8.62173138623589e-19 1.61170176323423e-01 1.48007141397478e-17
 -4.94345071811989e-19 -8.81839914834565e-19 -2.34257270010020e-19 -2.60219373419383e-19 -0.00000000000000e+00 -1.15751908391532e-19 2.42000000000001e+00 -0.00000000000000e+00 2.97418960310589e-19 6.95205610099409e-01 -1.05390976706606e-02 -1.31831131408456e-02 2.12762417520768e-01 1.66631208147396e-01 -1.48362682987310e-18 -3.51656361031428e-19 -3.41160851155274e-01 -2.44433019023605e-18 -1.16419509830001e-18 -3.70229195239049e-01
 -0.00000000000000e+00 -0.00000000000000e+00 -0.00000000000000e+00 -0.00000000000000e+00 6.95205610099409e-01 -0.00000000000000e+00 -0.00000000000000e+00 4.60800000000000e-01 -0.00000000000000e+00 -0.00000000000000e+00 -1.64271270932866e-19 -4.07163665518514e-19 -1.72663011031635e-17 -8.19860120183805e-18 8.31214446510720e-02 5.59385458510256e-19 7.06796844056459e-18 2.16341228596998e-01 1.58874385218403e-18 2.57082042474448e-17
 -0.00000000000000e+00 -0.00000000000000e+00 -0.00000000000000e+00 4.92892320029730e-19 -0.00000000000000e+00 6.95205610099409e-01 2.97418960310589e-19 -0.00000000000000e+00 4.60800000000000e-01 1.17079915124853e-19 -3.51555961927978e-20 -7.35349192512599e-20 -3.35812262012376e-18 -1.79303853085133e-18 5.91605260556215e-19 8.31214446510720e-02 1.42253373808363e-18 1.61671133996792e-18 2.16341228596998e-01 5.73496385118837e-18
 -1.03633541369740e-20 1.00712933036563e-19 -2.15563714041585e-19 4.23579337525550e-20 -0.00000000000000e+00 3.39787932907731e-19 6.95205610099409e-01 -0.00000000000000e+00 1.17079915124853e-19 4.60800000000000e-01 2.85360450241428e-02 4.92518568269617e-02 2.55241152594371e-01 2.41281080476342e-01 -1.32157645138821e-17 -3.22659011403926e-18 -1.74277209887763e-01 -1.31858872498369e-17 -2.54582128862260e-18 -1.52458095924931e-01
 -4.34124470961127e-05 -1.06540808166135e-03 -7.43013124429526e-03 7.10123797214846e-03 5.12079811052174e-20 9.57970416405061e-21 -1.05390976706606e-02 -1.64271270932866e-19 -3.51555961927978e-20 2.85360450241428e-02 4.80200000000006e+01 3.17010172311424e+01 -9.57360421466593e-01 -1.52069891119261e+00 -0.00000000000000e+00 -8.67107783330393e-18 -5.08070966795152e-19 -0.00000000000000e+00 -0.00000000000000e+00 -9.56311053342203e-20
 -3.48557464614476e-04 -2.90508512494794e-03 -1.10005925618115e-02 1.27190700635854e-02 6.34882050018558e-20 1.66189377509294e-20 -1.31831131408456e-02 -4.07163665518514e-19 -7.35349192512599e-20 4.92518568269617e-02 3.17010172311424e+01 2.31200000000001e+01 -6.83434917051603e-01 -5.03676997681771e-01 -0.00000000000000e+00 7.51776246019004e-18 -5.67747685795602e-19 -0.00000000000000e+00 -1.17918555460046e-18 3.31645937231380e-19
 -1.34112696020065e-03 1.83394256663546e-03 1.03282691114323e-01 1.18575501871723e-01 -3.19396327249146e-17 -7.21955756634140e-18 2.12762417520768e-01 -1.72663011031635e-17 -3.35812262012376e-18 2.55241152594371e-01 -9.57360421466593e-01 -6.83434917051603e-01 4.81666666666669e-01 5.92726417048674e-01 -0.00000000000000e+00 -1.22977495102674e-18 4.80380840244821e-20 -0.00000000000000e+00 -5.78682632767131e-19 3.70718561616443e-19
 -2.29157087952773e-02 -3.92737721244989e-02 3.81379466661614e-02 8.24888789796676e-02 -1.22401134311321e-17 -2.87332603260470e-18 1.66631208147396e-01 -8.19860120183805e-18 -1.79303853085133e-18 2.41281080476342e-01 -1.52069891119261e+00 -5.03676997681771e-01 5.92726417048674e-01 1.32540000000002e+00 -0.00000000000000e+00 4.35839020749508e-18 -1.29389709285010e-18 -0.00000000000000e+00 -0.00000000000000e+00 -2.20309712902575e-19
 1.81123320213787e-18 3.13188636577071e-18 1.13336903488075e-18 -3.98716742392950e-18 4.47339895300866e-02 2.21699765130367e-19 -1.48362682987310e-18 8.31214446510720e-02 5.91605260556215e-19 -1.32157645138821e-17 -0.00000000000000e+00 -0.00000000000000e+00 -0.00000000000000e+00 -0.00000000000000e+00 4.68180000000001e+00 -0.00000000000000e+00 -0.00000000000000e+00 1.27501197018448e+00 -0.00000000000000e+00 -0.00000000000000e+00
 3.65060984662081e-19 7.00939741718088e-19 3.59085885362596e-19 -8.58650456901872e-19 2.82176268885971e-19 4.47339895300866e-02 -3.51656361031428e-19 5.59385458510256e-19 8.31214446510720e-02 -3.22659011403926e-18 -8.67107783330393e-18 7.51776246019004e-18 -1.22977495102674e-18 4.35839020749508e-18 -0.00000000000000e+00 4.68180000000001e+00 1.92865738159439e-18 -0.00000000000000e+00 1.27501197018448e+00 9.44922283534908e-19
 3.32100777367483e-02 5.15954997590014e-02 -1.26599665254031e-01 -9.32150609919129e-02 1.73951533494167e-17 3.81147478430440e-18 -3.41160851155274e-01 7.06796844056459e-18 1.42253373808363e-18 -1.74277209887763e-01 -5.08070966795152e-19 -5.67747685795602e-19 4.80380840244821e-20 -1.29389709285010e-18 -0.00000000000000e+00 1.92865738159439e-18 4.68180000000001e+00 -0.00000000000000e+00 2.56227905029857e-19 1.27501197018448e+00
 6.46470676555000e-18 7.67256678598927e-18 3.35200388997277e-19 -5.43393610650180e-18 1.61170176323423e-01 8.62173138623589e-19 -2.44433019023605e-18 2.16341228596998e-01 1.61671133996792e-18 -1.31858872498369e-17 -0.00000000000000e+00 -0.00000000000000e+00 -0.00000000000000e+00 -0.00000000000000e+00 1.27501197018448e+00 -0.00000000000000e+00 -0.00000000000000e+00 8.45000000000001e-01 -0.00000000000000e+00 -0.00000000000000e+00
 1.48724031243040e-18 1.79747460616595e-18 2.85018259704857e-20 -1.14000447567866e-18 8.55116496356708e-19 1.61170176323423e-01 -1.16419509830001e-18 1.58874385218403e-18 2.16341228596998e-01 -2.54582128862260e-18 -0.00000000000000e+00 -1.17918555460046e-18 -5.78682632767131e-19 -0.00000000000000e+00 -0.00000000000000e+00 1.27501197018448e+00 2.56227905029857e-19 -0.00000000000000e+00 8.45000000000002e-01 -7.89663756537252e-20
 -3.81923575270939e-02 -7.61160558874273e-02 -3.03533719685626e-01 -1.99482658424201e-01 6.42467539239212e-17 1.48007141397478e-17 -3.70229195239049e-01 2.57082042474448e-17 5.73496385118837e-18 -1.52458095924931e-01 -9.56311053342203e-20 3.31645937231380e-19 3.70718561616443e-19 -2.20309712902575e-19 -0.00000000000000e+00 9.44922283534908e-19 1.27501197018448e+00 -0.00000000000000e+00 -7.89663756537252e-20 8.45000000000002e-01
