pVp:
 -3.12344300875058e+03 -1.61048516046775e+03 9.12390746169096e+01 4.24886048362829e+01 2.33034702998676e-02 7.08287872381335e-02 7.88530646228468e-02 2.54728038174377e-02 7.74221771968740e-02 8.61934956858978e-02 3.45980224475422e-03 1.29151805391918e-02 5.61236965296284e-03 6.00874499970412e-03 -5.08063247511898e-03 -2.43917520891052e-01 2.75592591041826e-01 7.61375462922031e-01 -2.09602239401351e+00 3.31901874003966e-02 -2.31786615197825e-01 2.91737103740948e-01 7.50032751844356e-01 1.07732580013890e+00 -1.77919843859205e+00 -2.31813066786252e-01 2.91701290620454e-01 -2.21061726340921e+00 3.06433308602803e-02 3.37674936171008e-02 2.61768346329275e-05 1.89024868126590e-03 3.65866278660180e-01 5.93757138182744e-02 -1.82706086860974e-01 -2.56279836676022e-01 -4.46322556617925e-01 1.69130038354236e-01 2.46563132135645e-01 4.18519743166196e-01 5.94212090397791e-02 1.43133441496992e-01 1.12356904659825e-01 1.06542742044644e-01 -1.77993766813585e-02 5.79899031239412e-02 7.20381920767502e-02 -8.73600199854675e-03 -1.10019039457679e-02 -1.31050605490888e-01 5.79897288125676e-02 7.20380689168701e-02 -9.89010554483408e-02 -4.26650219547078e-02 -7.59592884796503e-02 0.00000000000000e+00 2.17608241590383e-07 2.64075797771552e-02 6.79916834881608e-02 3.78261237854590e-06 -2.34247578615750e-02 -1.34570103865132e-02 7.98469397728317e-04 -4.57838269176221e-02 -2.50069744168580e-02 -6.49653918422470e-05 6.67012386474680e-02 -1.14548643177255e-02 -3.41500393271474e-05 -5.81186118094763e-02 3.39388145482265e-02 1.98704584140148e-02 2.98700694985591e-02 -5.97014884373568e-02 -3.39276550849478e-02 3.39265427278884e-02 1.98550527727206e-02 -9.74271206528854e-03 -7.35698552320083e-02 -9.73581958807363e-03 0.00000000000000e+00 0.00000000000000e+00 3.13569176099869e-04 6.66693560453245e-03 -2.40942834385916e-05 -1.36148268313917e-04 -1.17735236233163e-04 -2.81096391285512e-03 -1.60469668965055e-02 -1.38295216667442e-02 1.95030133208397e-04 9.53179843644204e-04 1.47671348224363e-04 1.68646543255649e-04 -5.33921892100681e-04 5.99082719272410e-03 7.41987547450979e-04 -2.39283019454100e-03 -4.37067571805776e-03 -3.77925842081222e-03 3.06705727935964e-03 2.27637764027049e-04 -7.70087571877858e-05 -1.94566764349677e-03 -1.24475207525605e-03 5.99218406934197e-03 7.42293330127126e-04 -2.27538988883873e-04 -3.61186563621592e-03 -5.10299201736989e-03
 -1.61048516046775e+03 -9.21888217409052e+02 4.22380558382121e+01 2.55763780016031e+01 -5.74693069079905e-02 -1.74635196327560e-01 -1.94440092719189e-01 2.46178168976590e-02 7.48494417976347e-02 8.33153378649229e-02 1.94834293700947e-03 7.31749514619997e-03 3.15307748293221e-03 3.38390937549469e-03 -2.89972686934675e-03 -3.91396348999530e-01 3.02737556629319e-01 1.11916139865012e+00 -3.07650641006719e+00 5.13712061892483e-02 -3.71790203732530e-01 3.29460848672436e-01 1.10439046342603e+00 1.58870239143369e+00 -2.61432797801751e+00 -3.71834300799673e-01 3.29399164144541e-01 -3.25168741241636e+00 4.86851265352293e-02 5.31370156269676e-02 1.95682647940784e-03 1.00969635303869e-02 5.28242690104556e-01 7.22705628035849e-02 -2.59731300227019e-01 -3.61923708871086e-01 -6.33104330006928e-01 2.49448269836082e-01 3.66808044575202e-01 6.19084138040515e-01 2.90410562406321e-02 6.65329606005156e-02 5.99213843948339e-02 5.78313185108276e-02 -3.96370420548404e-03 8.60656403257765e-02 1.08748737661655e-01 -1.14461017512848e-02 -1.32184840194532e-02 -1.85432799735200e-01 8.60652940772093e-02 1.08748488175446e-01 -1.41352093635497e-01 -5.88377072338073e-02 -1.06059138226069e-01 2.27546666458772e-07 2.64405970267378e-06 4.18074294590096e-02 1.00877310158592e-01 7.98414437904850e-05 -3.79990142525052e-02 -2.17090028963823e-02 1.84491391732724e-03 -6.70673857070686e-02 -3.55270884137122e-02 -4.74884913326024e-04 1.01197611242494e-01 -1.78578528841978e-02 -2.22866143675435e-04 -8.86981438433860e-02 5.05129346482805e-02 3.02527997784640e-02 4.44449997107913e-02 -8.77958472327303e-02 -4.95031167386752e-02 5.04952863733349e-02 3.02297376103505e-02 -1.41838610453304e-02 -1.08324284486870e-01 -1.36994013418687e-02 0.00000000000000e+00 0.00000000000000e+00 5.18915745367981e-04 1.01651684327122e-02 -4.10845689957346e-05 -2.33664709801432e-04 -2.01626232091263e-04 -4.19356424725309e-03 -2.41638229321703e-02 -2.07606038066285e-02 3.21115387561756e-04 1.57612672246880e-03 2.41708954138321e-04 2.77296280820885e-04 -8.85057370034680e-04 9.05751657248755e-03 1.15437421704301e-03 -3.65939390893585e-03 -6.67665718541684e-03 -5.76065339512930e-03 4.62911028643164e-03 3.53976069170197e-04 -1.14506620747093e-04 -2.97815623208474e-03 -1.89978433728624e-03 9.05952949056228e-03 1.15484409599535e-03 -3.35938484924617e-04 -5.51193475774281e-03 -7.79235504768986e-03
 9.12390746169096e+01 4.22380558382121e+01 -1.66847398923389e+01 -7.33769268393177e+00 -2.64153569371317e-01 -7.92072806921993e-01 -8.87621755716343e-01 -9.58699058629239e-02 -2.86893170991601e-01 -3.21815778104298e-01 -7.57746860369902e-02 -2.68077564353376e-01 -1.25385480561666e-01 -1.31537865738634e-01 9.84337010609682e-02 -1.90307597859439e+00 -1.59103288390119e+00 2.15730474647628e+00 -6.22041416587240e+00 -6.82793301636915e-02 -1.92623771874016e+00 -1.63471051991985e+00 2.20273951260397e+00 3.07280820869949e+00 -5.52158413922731e+00 -1.92617733754742e+00 -1.63459057850050e+00 -6.69087102155122e+00 -7.15190319525755e-02 -7.51674235979292e-02 3.69380071243337e-01 5.30973021848237e-01 3.39878500284614e-01 -5.84818011076872e-01 3.97928831731023e-01 5.61618016966527e-01 9.74059929019262e-01 1.08161872328042e+00 1.54157867132466e+00 2.65625496815756e+00 -1.05005208533613e+00 -2.55550945160259e+00 -1.96503676005624e+00 -1.86192110153740e+00 3.43648996271861e-01 1.98707938417583e-01 4.27638283997139e-01 6.16930770151681e-02 1.08569300871231e-01 1.37589137431415e-01 1.98705925947307e-01 4.27635758336112e-01 4.06413738458614e-02 1.01168542499106e-01 1.50455586277945e-01 2.72525890870555e-02 4.33484555235492e-02 3.18897672440177e-01 3.23118044792867e-01 1.31692532230214e-02 -2.54798497040247e-01 -1.24889639729184e-01 3.34203758553162e-02 5.40374427160638e-02 8.57495371797492e-02 -3.59015671220108e-02 1.39198160293657e-01 -5.94925340494936e-02 -3.40834961044399e-03 -1.66948850937114e-01 1.84478851895384e-01 1.83732898579709e-01 1.34477876091651e-01 -2.02999304910717e-01 -9.76857415843156e-02 1.84462412010618e-01 1.83644744497611e-01 -2.98013987567765e-02 -2.60702800114260e-01 2.58247314103323e-03 3.13569175176773e-04 5.18915745113344e-04 1.66183807128072e-02 7.37917473637629e-02 -2.19866009826804e-03 -1.13224435793732e-02 -1.01111903609670e-02 -1.77556386811151e-02 -1.17336940427651e-01 -9.65503998939623e-02 6.47631780043678e-03 3.25116767584199e-02 5.29132949104804e-03 6.29030094190330e-03 -1.82643999156092e-02 5.28697948055361e-02 1.39110819875967e-02 -2.83239519777905e-02 -4.90088858014324e-02 -4.06220109661460e-02 2.77215858534638e-02 4.77422042984093e-03 -5.64701998649849e-04 -2.51632132475863e-02 -1.53931253110244e-02 5.28771380201440e-02 1.39150077301439e-02 -6.12208190502616e-04 -3.92890526590044e-02 -5.75513387874864e-02
 4.24886048362829e+01 2.55763780016031e+01 -7.33769268393177e+00 -5.24054630937633e+00 -1.47146171250444e-01 -4.37726507841737e-01 -4.92438075813841e-01 -1.14742658438767e-01 -3.65282480459600e-01 -3.97764578395915e-01 -7.20156805213810e-02 -2.56230909059692e-01 -1.18885583513198e-01 -1.24970326138052e-01 9.48265963242683e-02 -1.90228408741468e+00 -1.83109666714873e+00 1.20820151603066e+00 -3.66830570431223e+00 -1.44663262251748e-01 -1.96510508745978e+00 -1.91725216452085e+00 1.25455593541471e+00 1.66828295794706e+00 -3.34745714131758e+00 -1.96493704918676e+00 -1.91700988179946e+00 -3.93764077467982e+00 -1.67368508758451e-01 -1.67603701752353e-01 4.03811395859278e-02 3.65201174285451e-02 -6.83753940498236e-01 -1.09496801116436e+00 7.97460185846583e-01 1.02689938127980e+00 1.89536220972804e+00 1.09441228873934e+00 1.44828019772638e+00 2.62355709070261e+00 -6.73335932361314e-01 -1.65892272191621e+00 -1.32881117398966e+00 -1.28788829392775e+00 2.09254727049544e-01 -5.13806779963675e-02 2.25311176590942e-01 1.17047530937017e-01 1.58836689373316e-01 8.73260629510932e-01 -5.13792700159555e-02 2.25312566579877e-01 5.99103266011220e-01 3.28115051736228e-01 5.78717778102160e-01 6.83148247900066e-02 1.01279085226911e-01 3.15768302397174e-01 1.81346125900062e-01 1.83537330313594e-02 1.50701599776103e-02 3.86976504924932e-02 3.66776575364620e-02 5.50358404014291e-01 3.76335297658933e-01 -3.96522626823140e-02 -2.55670256726470e-01 9.13165654383168e-03 2.81882171973726e-03 1.73796266671806e-01 1.45836943534640e-01 2.23372475831567e-01 1.87583433078613e-02 6.84934407987419e-02 6.13088406166726e-02 1.45908832339819e-01 2.23356248658303e-01 1.15615791033457e-02 6.56896215777745e-02 6.56468808845635e-02 6.66693560987674e-03 1.01651684859816e-02 7.37917477893814e-02 1.49856778185954e-01 -8.50121020656680e-03 -3.48813875550697e-02 -3.39814688594383e-02 -2.24483469990504e-02 -1.28402658830191e-01 -1.10611211334818e-01 1.31908127794796e-02 5.82727375472590e-02 1.48441060193898e-02 1.63331832863455e-02 -2.92120230284615e-02 1.00966048465526e-01 4.90068189911688e-02 -5.70317531900800e-02 -8.42880512246861e-02 -7.14904511634554e-02 6.33436150234494e-02 2.42018114727512e-02 -6.72390055067265e-04 -6.48624253461234e-02 -3.83969963396557e-02 1.00973829480182e-01 4.90158630302523e-02 4.25724910800354e-04 -6.41234441928777e-02 -1.06574293945608e-01
 2.33034702998676e-02 -5.74693069079905e-02 -2.64153569371317e-01 -1.47146171250444e-01 -8.63799588649137e+01 -4.07474249401504e-02 -7.07438422304847e-02 -2.12355869816972e+01 -1.55294808292437e-02 -2.69390991907709e-02 -1.17427931092543e+00 -2.93952936677514e-02 1.63404593484952e-01 -1.31347616873994e+00 -3.17873545674700e-01 -1.34308949396473e+00 -1.81769997469519e+00 -3.50070703055664e+00 -4.76504503212280e+00 -3.72210555113407e-02 -1.35704936666883e+00 -1.84667919338608e+00 -3.53029405921137e+00 2.35922902997637e+00 -4.19237141464566e+00 3.89947609762669e+00 5.43343044075586e+00 9.60878995456842e+00 1.06435906782961e-01 1.10751088321841e-01 1.82744162409779e-01 2.57004892594935e-01 -3.82442287241507e-01 -7.30238866345795e-01 1.63176643136721e-01 6.31790273062985e-01 1.10385440162742e+00 -9.53947450253173e-01 1.01310512777358e+00 1.76055989174296e+00 2.24893484764866e-01 -2.72018008861125e+00 -2.61731036340373e+00 3.83842196678114e-01 1.33516058197626e+00 6.52059123993848e-04 3.92843932848841e-02 -1.12206790270138e-01 3.67360884945160e-02 7.52068890541432e-02 -2.41318130371166e-01 1.07828699657423e-01 5.95429487355121e-01 3.70917745818469e-01 6.35514888534935e-01 7.04871842745348e-05 1.94834658376650e-04 1.36354129022931e-02 2.02924594004639e-02 5.35389236413531e-02 -1.48051770087897e-02 -2.86455870228357e-03 -1.09473869744047e-01 -1.88406683981633e-02 6.78032370894317e-03 -8.67149039563193e-02 4.20434905168369e-03 -1.37636908866501e-02 -4.01590291393513e-02 -1.78519570982640e-02 3.33153141693597e-02 -3.63933640497935e-02 4.10606624064610e-02 -4.75111305038117e-02 -2.51638074788908e-02 -1.71311213985034e-03 1.83935242033091e-02 1.84732094347280e-02 4.52569486262134e-03 8.53810149762019e-03 2.40944010094411e-05 4.10852120187086e-05 2.19938793071952e-03 8.50578097672634e-03 7.54058328155274e-04 -1.67643050742454e-03 -1.37283705337754e-03 4.74755742316891e-03 -9.95147701666918e-03 -5.86261590720752e-03 -2.92718255192255e-03 5.56039413876902e-03 9.02937179489091e-04 -2.53127665782199e-03 -4.12671401893588e-03 6.34106264768976e-03 3.96598155430336e-03 -2.59361640450120e-03 -1.30924250056681e-02 -1.03597113907992e-02 1.59866356289954e-03 2.62160681954745e-04 1.83297350467014e-03 -1.64717505239290e-03 -8.29998268732865e-04 3.92869017725430e-03 1.05300300855362e-03 5.02385840611862e-03 -3.52378191191671e-03 -4.68864775810052e-03
 7.08287872381335e-02 -1.74635196327560e-01 -7.92072806921993e-01 -4.37726507841737e-01 -4.07474249401504e-02 -8.64888899908005e+01 -1.45923682343546e-01 -1.55294823109991e-02 -2.12749058804245e+01 -5.43432656763574e-02 -4.37819659500073e-01 -1.35315290411995e+00 5.94729222865883e-01 -2.93952939477711e-02 1.15723477939972e+00 3.54986239348708e+00 4.98733483475375e+00 -4.48374325415401e+00 7.67929863956480e+00 9.19191329735782e-02 -1.98603984677495e+00 -2.65285110454053e+00 2.44680686614629e+00 -1.78533391837582e+00 -6.09208929136015e+00 -1.27615257151344e-01 -7.89655870858346e-02 -3.63687493376615e-01 -5.21758077218849e+00 -5.00765431654782e-03 2.63826193521215e-01 3.74282096314066e-01 -5.23507312832996e-01 -1.05251974172621e+00 6.37844705816213e-01 6.13030581707961e-01 1.56260856350852e+00 1.05157453901402e+00 -1.78501184152764e-01 2.58052897542605e+00 -6.45587144208416e-01 -1.57435485626157e+00 -3.74529841404800e+00 -2.80925087297874e+00 -7.96384009935975e-01 3.91509593934531e-03 6.57838472139576e-02 3.62654293762829e-02 -7.70372715906852e-02 1.14969601741429e-01 -8.10654566220374e-02 8.98490586393384e-02 2.98156622005828e-01 4.50402571309121e-02 3.03559123386314e-01 2.41767659277268e-02 3.92922637672665e-02 2.39934031630773e-01 -2.56897890081370e-02 9.55598532102717e-03 -1.98296429938271e-01 -1.27118830909802e-01 2.22177924958681e-02 5.62017442179365e-01 4.28460508861239e-01 -2.34021542257022e-02 -1.28238269192018e-03 9.94283481891652e-03 -3.96685145655761e-03 8.03139247217519e-03 -3.47497341297659e-02 9.97607559523562e-02 -5.57408278362153e-03 8.07035554593307e-02 5.05102814202457e-02 -4.69550342083714e-02 1.18951337195687e-01 1.59332131773906e-02 1.09031197294639e-01 4.42784252415077e-02 1.36148308847974e-04 2.33664935221878e-04 1.13226991923983e-02 3.48829927900720e-02 -1.67597567338752e-03 -7.57749194199690e-03 -7.67889910578706e-03 -2.18602284376763e-03 -1.61166645362946e-02 -1.56322784451831e-02 4.96860253762924e-03 2.43963042769121e-02 6.86595848049507e-03 5.38753249028176e-03 -1.15626895955450e-02 1.31451639208785e-02 7.72125699900088e-03 -1.45906639106271e-02 -2.00018264010577e-02 -2.03988999687608e-02 8.18113349818582e-03 3.07873082204536e-03 -3.55084564957998e-04 -1.36396098249381e-02 -9.43692422965391e-03 1.22981521982282e-02 6.70053579469298e-03 -7.84461023551213e-05 -1.24885303941775e-02 -2.56394228023293e-02
 7.88530646228468e-02 -1.94440092719189e-01 -8.87621755716343e-01 -4.92438075813841e-01 -7.07438422304847e-02 -1.45923682343546e-01 -8.65507010803158e+01 -2.69391009336273e-02 -5.43432644553192e-02 -2.12999060346350e+01 -2.93952916064643e-02 -1.30141287814365e+00 -1.54481984221157e+00 -4.72668157350034e-01 1.98383655803316e-02 -1.43656592743821e-01 -8.88623713552209e-02 1.24999943972262e-01 -3.66928834133844e-01 -5.17023434780995e+00 3.07550940636791e+00 4.36942622757542e+00 -3.90240770806775e+00 -5.46751227107582e+00 4.48622033122998e+00 -1.43495972875911e-01 -8.88370657352848e-02 -3.99638745545815e-01 -5.00139521856150e-03 -5.22099165480647e+00 4.50722997000703e-01 6.35746947966402e-01 -9.26808386077421e-01 -1.80008412027189e+00 1.10733497648562e+00 1.55270068896519e+00 2.41531856922399e+00 1.78267494171986e+00 2.51757473826188e+00 2.69071070606895e+00 -2.74504655786533e+00 -5.35923866217962e+00 -2.39198745141273e+00 -3.85168848270717e+00 9.32428122064831e-01 -2.93033495274306e-01 1.86056184837133e-01 1.51670425118891e-01 2.31240575854774e-01 1.21278881713126e+00 -1.45186627791685e-01 1.44175935306761e-01 5.16947097811761e-01 3.07151996973383e-01 3.83071556414002e-01 1.40108108091900e-02 2.29018881056855e-02 1.60214927226804e-01 1.84379212538873e-02 1.11368329461327e-02 -1.66988409852661e-01 -2.76562226700818e-02 3.03783815735564e-02 3.61284557728460e-01 1.37151493455878e-01 -3.51722718768838e-02 -4.51003697061583e-02 -8.55912897883985e-02 -1.27810193089216e-03 -7.00211882938912e-02 -8.34526532068250e-03 6.48541407847227e-02 1.20265758347933e-02 2.38409640072197e-02 4.39699849120457e-02 1.30500446139937e-02 3.13863997400784e-02 2.00729331881210e-03 -1.63470856456633e-02 3.79527105015519e-02 1.17735164120065e-04 2.01625839081061e-04 1.01107457690004e-02 3.39786762673634e-02 -1.37236470892330e-03 -7.67845538689486e-03 -5.65887831323527e-03 -1.39415180434324e-03 -2.83279802901616e-02 -1.37460200901631e-02 4.74957223745297e-03 2.11955613758798e-02 -3.29156053314398e-04 3.71430358294308e-03 -1.45027709542699e-02 1.49825422867717e-02 7.36504218370377e-03 -1.41912294852751e-02 -2.50377718360626e-02 -1.50972877894014e-02 7.31915658900732e-03 2.19911339842046e-03 -8.70179380401104e-05 -1.15502039993544e-02 -5.02234752542939e-03 1.64547055890923e-02 9.14591045905838e-03 2.66889051308280e-04 -2.41751551956705e-02 -3.02281904004350e-02
 2.54728038174377e-02 2.46178168976590e-02 -9.58699058629239e-02 -1.14742658438767e-01 -2.12355869816972e+01 -1.55294823109991e-02 -2.69391009336273e-02 -1.03927677737137e+01 -1.93443753924257e-02 -3.30123636440527e-02 -7.41715452283212e-01 -2.21629546072390e-02 1.31625908798362e-01 -8.30665456091712e-01 -2.54318011226156e-01 -1.25195972638825e+00 -1.64926102637624e+00 -3.65773866958107e+00 -2.63694659482389e+00 -8.85646054837766e-02 -1.28768401237770e+00 -1.70727929732819e+00 -3.76501633514200e+00 1.21636241093123e+00 -2.37654921571161e+00 3.70664801357266e+00 5.06558290026674e+00 3.48840945996710e+00 2.72526443804375e-01 2.71116562296249e-01 -1.97727837353023e-01 -3.00320373365834e-01 -1.16255072120727e+00 -1.08287195083960e+00 -1.01770427855146e+00 9.88644133113734e-01 1.83549907160724e+00 -2.03250046475859e+00 9.95801515899312e-01 1.82953479377328e+00 7.76739429482963e-01 -1.72653182678701e+00 -2.02686541529736e+00 1.45198864386920e+00 1.40194652560397e+00 -4.10317967491447e-02 1.02170634010055e-02 -6.52483607413663e-01 7.10867872111942e-02 2.18867748489470e-01 -9.02790965595914e-01 -5.84796487955154e-01 1.28744364932521e+00 7.89882897583131e-01 1.46757783211674e+00 1.50523447863522e-03 3.02868890690272e-03 3.41535750572554e-02 3.67724360397628e-02 -1.24463292332879e-01 -3.52755654311181e-02 -2.37892193439035e-03 -5.12462828495103e-01 -2.58556076197642e-02 2.42897677762251e-02 2.92781013999662e-01 -8.23344589154457e-03 -2.08455773809587e-02 1.72585024752148e-01 -4.85957801208842e-02 1.96343673526384e-01 6.45621973339874e-02 1.10046009820001e-01 -4.17968641868585e-01 -2.19523749430971e-01 -4.91536337604129e-02 -6.64005494360442e-03 -1.28067201783385e-01 1.59908219601299e-01 2.08688017743812e-02 2.81104128736861e-03 4.19375538408965e-03 1.77639111487486e-02 2.24685590513298e-02 4.74661750890098e-03 -2.19134385634045e-03 -1.40088112469390e-03 4.42986144380752e-03 3.32439551205692e-03 1.12742220269246e-02 -6.21410150198688e-03 1.49936854196757e-03 -1.72302481157645e-03 -5.57067843742507e-03 -3.41834807424060e-03 2.51265915632312e-02 3.02646631534471e-02 9.72940530360460e-03 -1.96371731085466e-02 -1.35358004992737e-02 7.23467085125248e-03 4.01036807472294e-03 1.51246854098157e-02 -7.76799953394558e-03 -2.59773794644959e-03 1.29913952169118e-02 7.43269419122264e-03 2.19090283754856e-02 -7.74085679236838e-03 -1.27323461573267e-02
 7.74221771968740e-02 7.48494417976347e-02 -2.86893170991601e-01 -3.65282480459600e-01 -1.55294808292437e-02 -2.12749058804245e+01 -5.43432644553192e-02 -1.93443753924257e-02 -1.04768746812387e+01 -8.76954561691721e-02 -2.41809036045130e-01 -8.64908196349423e-01 4.16640500559205e-01 -2.21629541841445e-02 7.61781444084249e-01 3.30693020025977e+00 4.58372593826280e+00 -2.36617176114533e+00 2.51844497351693e+00 2.08391391924612e-01 -1.90396962163660e+00 -2.44197171134707e+00 1.32027869186480e+00 -2.90487352732362e+00 -3.48702786369591e+00 -1.38139076376156e-01 -4.73128943472761e-02 -2.39604273946382e-01 -4.69625137662046e+00 -2.52286168841440e-02 -2.58248007225763e-01 -3.88327489847985e-01 -1.63127833224605e+00 -1.59978905315996e+00 1.09776538506970e+00 -3.69771162858356e-01 2.61408117596749e+00 1.15128776667080e+00 -1.31569347887161e+00 2.73772206527262e+00 1.57110460513266e-01 2.88563914525488e-01 -2.81459981404426e+00 -1.88880458588967e+00 -1.16338053617012e+00 -6.59747333507831e-02 3.35599012243390e-02 8.17781697551602e-02 -5.91909142297442e-01 3.58168979722265e-01 -3.68603103791378e-01 -1.75394908831643e-01 8.66703365737383e-01 -3.03051129937174e-01 7.33324917307047e-01 3.92964086917566e-02 5.44493044549547e-02 -1.40184410350409e-01 -6.17974453548219e-01 -3.57376610015264e-03 6.16334707529772e-01 4.26187540447473e-01 -9.13959905911484e-03 1.57020270649236e+00 1.19575395925757e+00 1.48813197585812e-02 -9.03467178393173e-01 2.69324319489639e-02 1.11073674248620e-02 6.41530123832107e-01 -2.95289616763606e-01 -8.19364291357177e-03 -4.01670111950352e-01 6.96217386572835e-01 4.85671999318243e-01 -3.81121274736541e-01 -3.29628251268240e-02 1.67085322094167e-01 1.12732771987232e+00 1.71611929930645e-01 1.60469940502666e-02 2.41638902714499e-02 1.17339847210800e-01 1.28409758989012e-01 -9.94264912373340e-03 -1.61153185594204e-02 -2.83359374489608e-02 3.34796775104955e-03 8.27529471517297e-02 5.37750523082763e-02 9.64758898426337e-03 2.26904324976692e-02 2.39806018769433e-02 2.06780322582151e-02 1.21534074749642e-03 7.24080801530584e-02 7.23969120065271e-02 -4.86338978448725e-02 -2.39917394495091e-02 -4.21141121637988e-02 7.57043112194625e-02 5.61069142305801e-02 7.37441304294214e-04 -7.33183344549042e-02 -4.89927630892677e-02 6.81424293188623e-02 6.43877335506110e-02 2.76311773149956e-03 -3.26407220010606e-03 -7.05834201419798e-02
 8.61934956858978e-02 8.33153378649229e-02 -3.21815778104298e-01 -3.97764578395915e-01 -2.69390991907709e-02 -5.43432656763574e-02 -2.12999060346350e+01 -3.30123636440527e-02 -8.76954561691721e-02 -1.04838278892734e+01 -2.21629534581106e-02 -7.81854385755884e-01 -9.79968647230060e-01 -2.68144283209628e-01 1.71213719141999e-02 -1.35088967089443e-01 -4.68641661959111e-02 6.75846522854295e-02 -2.33282432213662e-01 -4.56000654674039e+00 2.91530264156323e+00 4.09783923686515e+00 -2.08505128625884e+00 -2.82026102468649e+00 7.67783123297087e-01 -1.43229261383999e-01 -4.99440250626923e-02 -2.55548866544749e-01 -2.52221586539576e-02 -4.69366944231773e+00 -4.72036871327997e-01 -7.14706504458056e-01 -2.84026509671231e+00 -2.69177045727134e+00 1.89822883788800e+00 2.43550528046796e+00 2.71449315116394e+00 1.91891887578139e+00 2.48327142373275e+00 1.76717005859082e+00 -1.72047094482576e+00 -2.77220629031794e+00 -1.57591409622840e-01 -2.05540885454395e+00 5.60785704261975e-01 -1.16052256946890e+00 -6.92742321565323e-01 2.61521413031191e-01 2.72496693560252e-01 2.76157168514304e+00 -6.33971272478048e-01 -3.29170849591160e-01 1.47523279189541e+00 6.75772213704409e-01 5.32785237491696e-01 2.50502593436036e-02 3.62537194837936e-02 -2.46694501277076e-02 -2.94998925258023e-01 1.58414611888957e-02 3.74319779321407e-01 1.05657050510526e-01 3.38972091789685e-02 1.16843754773649e+00 1.90649925301981e-01 -4.25790186050269e-02 -3.00944460442613e-01 2.72603470494127e-01 1.05408475810203e-03 4.98567486058090e-01 -1.48975869444051e-01 1.37534185679063e-02 -2.03667992503364e-01 4.72444022268621e-01 1.29321836625976e-01 9.88135886188133e-04 5.72685892495409e-02 1.84889464996246e-02 1.46318539524849e-01 -6.41126322476811e-02 1.38294744785644e-02 2.07604873884531e-02 9.65453481538931e-02 1.10598866458649e-01 -5.85465145669427e-03 -1.56264304334670e-02 -1.37464269290202e-02 1.12987017235207e-02 5.37980495661501e-02 4.81169306660781e-02 4.56158187468871e-03 1.24955867357870e-02 3.74614866799564e-03 8.92935124479314e-03 -6.92037868928680e-03 6.79007251823916e-02 6.32153846665777e-02 -4.12574383523131e-02 -4.68701539576543e-02 -1.84259250684016e-02 5.53641129651342e-02 3.88230958761060e-02 2.29302712888568e-03 -6.29050571048982e-02 -1.84327729332203e-02 7.52989495207881e-02 7.71608669541781e-02 4.37314985938854e-03 -3.54909705018263e-02 -5.12864795986588e-02
 3.45980224475422e-03 1.94834293700947e-03 -7.57746860369902e-02 -7.20156805213810e-02 -1.17427931092543e+00 -4.37819659500073e-01 -2.93952916064643e-02 -7.41715452283212e-01 -2.41809036045130e-01 -2.21629534581106e-02 -6.27614680037833e+01 -1.51206622653627e-01 7.30741254101587e-02 -2.86721223226347e-01 6.78024670973571e-03 2.10260477712480e+00 4.19387378060830e+00 5.09850265159862e+00 4.36928469505916e+00 1.00552062335252e-01 -1.20399824668848e+00 -2.27338324843279e+00 -2.86368746409352e+00 -9.95715711910800e-01 -3.50727781322141e+00 1.69357258845441e-01 1.94375720297425e-01 2.71934534208391e-01 8.42370146558994e+00 4.16862886160737e-02 5.04816873585079e-02 1.11531013627124e-02 -1.08845880688439e+00 -7.30970925155238e-01 -2.19851587478399e-01 6.22310727289586e-01 2.83326176802243e+00 -8.57012443448165e-01 -4.35200968602643e-02 1.84055343371359e+00 1.41882551858161e-01 -1.27818076934207e+00 -5.07951931690685e+00 1.10658511778812e+00 6.44424292995085e-01 2.36663233375726e-02 3.73421830001422e-02 -5.07910917401675e-02 -4.76491199800057e-03 1.46770441692585e-02 -2.47686177078539e-01 -8.13729119725669e-02 7.60033031390986e-01 -4.15481799346581e-03 8.23226863732610e-01 4.21750183273221e-04 1.01695485795267e-03 2.23337131762809e-02 1.82074294411494e-02 7.95770744647531e-02 -2.41572919132094e-02 -3.88921974662530e-03 -2.82436686876725e-01 -3.78869784571062e-03 2.67439411637322e-02 9.47220766792806e-02 -9.26994275540837e-03 -1.74819288898080e-02 5.93729450614366e-02 -1.72943215681962e-02 7.25208123837963e-02 -4.09716069689804e-02 8.67512017589592e-02 -2.29630603565518e-01 -1.38749146137519e-01 -2.31088579219798e-02 2.55195989576248e-02 -3.07337927386862e-02 1.14570816026862e-01 2.71552351156734e-02 1.95031260498621e-04 3.21120772723395e-04 6.47886966926957e-03 1.32010944915060e-02 2.92702659643262e-03 -4.97021305459602e-03 -4.75151237422644e-03 6.21505069562555e-03 -9.66382621100043e-03 -4.57609562631480e-03 -7.71898665974241e-03 1.28676871538527e-02 4.02338984160333e-03 -7.89568743836164e-03 -8.92109243368958e-03 1.02656263404811e-02 8.82689263944346e-03 -4.29371389813091e-03 -1.76829948880202e-02 -1.71367700466797e-02 2.39756214334159e-03 6.35403319288804e-04 4.27494643022946e-03 -2.94518155512521e-03 -1.59449419198938e-03 5.57948105953606e-03 1.93041661107988e-03 7.68577785769243e-03 -4.80414157038149e-03 -7.26287356181273e-03
 1.29151805391918e-02 7.31749514619997e-03 -2.68077564353376e-01 -2.56230909059692e-01 -2.93952936677514e-02 -1.35315290411995e+00 -1.30141287814365e+00 -2.21629546072390e-02 -8.64908196349423e-01 -7.81854385755884e-01 -1.51206622653627e-01 -6.31252134483405e+01 -1.97893493083586e-01 -1.08005922600175e-01 2.85481437474291e-01 1.04583388437912e-01 1.50606845399842e-01 -1.11300836626285e-01 1.23215270038685e-01 7.62577041979050e+00 2.64186820011351e+00 5.31531332872671e+00 -3.14132841098142e+00 2.28324403344435e+00 3.67428318368130e+00 -8.44466602942384e-02 -4.63637175201678e-02 -1.68243765972395e-01 -2.82750300703382e-01 -2.62276256789330e-01 1.30627181623703e-01 3.97099471041011e-02 -2.67996681625502e+00 -1.83129082884134e+00 2.87629174308017e+00 1.54208796622154e+00 5.58135623454208e+00 1.89683936182049e+00 -1.02290381097730e-01 2.99555204071662e+00 -1.28340234039408e+00 -2.48560537180994e+00 -5.38357576623223e+00 -5.73287447712460e+00 -2.61005713738727e+00 -5.87314716761139e-02 5.61059126975619e-02 1.18022856307836e-01 -4.83880627339977e-01 5.29010385157162e-01 -1.50071277452376e-01 6.82483365407669e-03 7.25186285667409e-01 1.55293154593224e-02 4.86096475984400e-01 6.90172835810075e-02 1.05753597005800e-01 1.95743393100974e-01 -1.94209508972804e-01 2.01760365493935e-02 -5.53864029010884e-02 4.80767940673246e-02 3.58199777125315e-02 8.62035966562028e-01 3.64142130953658e-01 -4.35661168725049e-02 -5.30507168966239e-01 1.13194674590322e-01 4.89379641810451e-03 4.82228569257431e-01 -5.40269237255118e-02 8.87704115939428e-02 -9.99106395128150e-02 2.64541975988868e-01 1.43722587377848e-01 -7.97382799361320e-03 5.55772300956094e-02 1.85543029001920e-02 1.17611923891212e-01 1.30250714979373e-02 9.53179516235168e-04 1.57612510763816e-03 3.25110455756507e-02 5.82709291426887e-02 -5.55843273604412e-03 -2.43953004359933e-02 -2.11961112150624e-02 -1.48569615891557e-03 -2.26846928685643e-02 -1.24999036580471e-02 1.28616420182276e-02 5.28250783224117e-02 6.75384166038706e-03 1.24719787815936e-02 -2.92555206345908e-02 2.53225168923934e-02 1.69161599989619e-02 -2.67083647196618e-02 -3.58329422929408e-02 -2.66051778405710e-02 1.50550588713419e-02 6.70609713736384e-03 -4.52592723654075e-04 -2.50763625585767e-02 -1.25989296325827e-02 2.64113235479850e-02 1.83078439697986e-02 7.20145775150004e-04 -2.63621018668799e-02 -4.82768990515434e-02
 5.61236965296284e-03 3.15307748293221e-03 -1.25385480561666e-01 -1.18885583513198e-01 1.63404593484952e-01 5.94729222865883e-01 -1.54481984221157e+00 1.31625908798362e-01 4.16640500559205e-01 -9.79968647230060e-01 7.30741254101587e-02 -1.97893493083586e-01 -6.30567698986155e+01 -1.05208613300490e-01 -1.17211474316855e-01 1.83290496008808e+00 3.75775139486076e+00 -5.64365732051568e-01 1.97749185999121e+00 -2.30904478155589e-01 -1.77834536722564e+00 -3.71678805138770e+00 3.81747298416022e+00 5.44686902144783e+00 2.34479362496606e+00 1.92849514436919e+00 3.91585886822800e+00 2.15111343035536e+00 2.38629248587104e-01 -2.29343584419818e-01 8.45401977192360e-02 7.09039069590044e-03 -1.97804747109879e+00 -1.30546889071922e+00 2.69616898403052e+00 3.72185251334546e+00 2.40140893583836e+00 1.99450316369561e+00 2.81569863126519e+00 1.74456498492243e-01 -4.98969861427564e+00 -5.29853485539018e+00 3.11538881822253e+00 -3.75523108008526e+00 1.68077566128101e+00 -5.52658102543028e-01 -2.07140462120590e-01 2.80539230983057e-01 3.90150283401517e-01 2.23556064267342e+00 4.00816880622987e-02 7.18794167390947e-02 2.50646112366460e-01 1.93292523867215e-01 -3.60345456754116e-01 -1.11825941392141e-02 -1.65894042415042e-02 1.05735585251268e-02 7.91534681424262e-02 9.97682743612015e-03 -7.62262961186007e-02 5.05491111228188e-02 3.82419240692645e-02 -2.84052350908047e-02 -2.75758221719987e-01 -4.16071654644772e-02 1.31952583410506e-01 3.87603856517446e-02 9.86369279363738e-04 -8.37468051217783e-02 2.81446872074432e-02 -9.58071423058431e-03 4.24574014489935e-02 -6.50223681232248e-02 -6.59270482387680e-02 7.16155785535280e-02 -3.72923414726132e-02 -2.58184520086481e-02 -2.58252472232465e-01 -3.91411964433033e-02 1.47670371830132e-04 2.41704436369015e-04 5.28890607106207e-03 1.48327822711294e-02 -9.02491709025846e-04 -6.86417730964963e-03 3.30510572341562e-04 1.72797762655588e-03 -2.39564380196680e-02 -3.73715532073558e-03 4.02133152971774e-03 6.74900062132827e-03 -1.38721765997558e-02 1.81755107269432e-05 -1.51776816002636e-02 9.25334160750560e-03 2.83246753646920e-03 -7.72152995878079e-03 -1.60392827104168e-02 1.26566212212282e-03 2.24961885759397e-03 -7.46006049183359e-05 3.03701219460441e-04 -3.37779035810077e-03 3.30132678520275e-03 1.38452075062554e-02 1.00530999691938e-02 7.62708697297268e-04 -2.54957766138957e-02 -1.87967408392424e-02
 6.00874499970412e-03 3.38390937549469e-03 -1.31537865738634e-01 -1.24970326138052e-01 -1.31347616873994e+00 -2.93952939477711e-02 -4.72668157350034e-01 -8.30665456091712e-01 -2.21629541841445e-02 -2.68144283209628e-01 -2.86721223226347e-01 -1.08005922600175e-01 -1.05208613300490e-01 -6.28859405556736e+01 -1.22036033704516e-01 -1.05846921955549e-01 -9.07623147864165e-02 -1.79769534222569e-01 -2.64183102220245e-01 -2.86268018115866e+00 1.82536517172295e+00 3.70084682165406e+00 4.45711067369996e+00 -3.02153352488169e+00 2.57215107655795e+00 1.67773339358701e-01 1.98855978556278e-01 2.65474580990598e-01 4.16757647011061e-02 8.42783194397556e+00 7.83120915870013e-02 4.62667730317951e-03 -1.86028768034890e+00 -1.22646248212443e+00 -3.89034448863759e-01 2.75166608558318e+00 3.89049723255287e+00 -1.43243326070230e+00 1.76959985030369e+00 2.02687111421568e+00 1.06992600812321e+00 -5.45583334677062e+00 -3.80646382211608e+00 1.40298955244669e+00 3.85733537200994e+00 -2.80457510836493e-02 3.56476188541231e-02 -5.75246457532534e-01 1.10655801745277e-01 3.19830298477884e-01 -4.16033884052076e-01 -1.44782980133611e-01 1.28484364435896e+00 7.95438619636839e-01 9.20739019540810e-01 2.48690349474397e-04 6.45187497472562e-04 3.03305987938231e-02 3.80396994572902e-02 5.58186899733399e-02 -3.53913072676682e-02 -7.50874555825021e-04 -1.52508557935005e-01 -3.42284032232461e-02 2.56111327891050e-02 1.73304308577318e-02 -8.46856196197976e-03 -3.49600332407844e-02 5.00851881447948e-02 -4.01360554541852e-02 5.18774670847838e-02 -2.08354909660419e-02 6.35767942260427e-02 -1.58647318955543e-01 -5.77354736852143e-02 4.87120714340098e-03 1.04765384302329e-02 4.84327998255252e-04 5.50372397719820e-03 1.19317814920174e-02 1.68647348366913e-04 2.77300051346954e-04 6.29224131236247e-03 1.63418493289053e-02 2.53124088794109e-03 -5.38880786835667e-03 -3.71566316957831e-03 5.57674162436800e-03 -2.06921352246344e-02 -8.94300051252059e-03 -7.89615081001939e-03 1.24768980244464e-02 1.92937095179357e-05 -5.53001421199842e-03 -1.11057356839474e-02 1.30600503093856e-02 8.61889492487096e-03 -5.67097779957237e-03 -2.35040804778713e-02 -1.34876770605793e-02 3.38214665802457e-03 6.24547697740250e-04 3.03544492770624e-03 -3.64378804075417e-03 -1.39118945312475e-03 9.41570380317412e-03 3.00930526611350e-03 1.05058790441312e-02 -8.94648789296209e-03 -1.10684536552007e-02
 -5.08063247511898e-03 -2.89972686934675e-03 9.84337010609682e-02 9.48265963242683e-02 -3.17873545674700e-01 1.15723477939972e+00 1.98383655803316e-02 -2.54318011226156e-01 7.61781444084249e-01 1.71213719141999e-02 6.78024670973571e-03 2.85481437474291e-01 -1.17211474316855e-01 -1.22036033704516e-01 -6.27511843295829e+01 2.47887272300600e+00 5.03151969283073e+00 -5.79887506241253e+00 9.23822465583273e-01 8.36502018901725e-02 4.88381487092309e-01 8.59163705525153e-01 -3.43843945725345e+00 3.50696875407334e+00 1.38204408789937e+00 -3.37270191897332e+00 -6.80021923833648e+00 -3.78756339020448e+00 9.58778459414280e-02 -1.55028769248540e-01 -2.67013059648419e-02 -1.92090452365688e-02 4.04474948054751e-01 3.06024392427150e-01 -1.40492544836496e+00 7.99318802090850e-01 -1.04114046635465e+00 -1.40895696623035e+00 1.18923756431852e+00 -7.57650617852520e-01 5.51352087954201e-01 -2.57193939929876e+00 1.86632912238018e+00 3.99310314057474e+00 1.64317443612308e+00 -6.24029429042445e-03 -1.58587828486684e-02 -7.06442688384927e-02 6.42582178023017e-02 -1.80009314773655e-02 -2.27382618775996e-01 -1.27179201964301e-01 3.54758376439708e-01 5.79159511506303e-01 6.11381308663264e-01 -5.94392981188772e-02 -9.05339177938656e-02 -1.33146826500834e-01 2.03283047336065e-01 -3.80844357774950e-03 -2.88236685563941e-02 1.58075450631486e-02 -1.23688196893828e-02 -6.18334451932933e-01 -5.30878484965559e-01 -2.02573385352002e-03 5.19886515188926e-01 -4.35265127589365e-02 -2.30013533518829e-03 -3.87113288877369e-01 4.42665861599613e-02 -5.76648067330853e-02 9.46074578236995e-02 -1.64655073510819e-01 -1.21530258191820e-01 8.85272147787786e-02 -9.04209289793358e-02 -6.55727846488940e-02 -4.03759233808485e-01 -8.78823529876844e-02 -5.33922072303427e-04 -8.85058342762214e-04 -1.82646519144249e-02 -2.92118868282789e-02 4.12579540347120e-03 1.15624117713248e-02 1.45037595652269e-02 3.41477573075005e-03 -1.21990460357911e-03 6.92484845367599e-03 -8.91869769811567e-03 -2.92561432020526e-02 -1.51819669424761e-02 -1.11036352556343e-02 1.00533473210489e-02 -9.35508936352679e-03 -6.91561248851692e-03 1.54649265103190e-02 7.38757431302775e-03 1.41592767656074e-02 -9.07045154994766e-03 -4.84855615511072e-03 8.77264932404361e-04 1.49914864225627e-02 1.20732741523944e-02 -8.99989928181693e-03 -6.73447158758508e-03 1.02370985985673e-03 4.56895975608944e-03 2.02266678161888e-02
 -2.43917520891052e-01 -3.91396348999530e-01 -1.90307597859439e+00 -1.90228408741468e+00 -1.34308949396473e+00 3.54986239348708e+00 -1.43656592743821e-01 -1.25195972638825e+00 3.30693020025977e+00 -1.35088967089443e-01 2.10260477712480e+00 1.04583388437912e-01 1.83290496008808e+00 -1.05846921955549e-01 2.47887272300600e+00 -4.65998762580388e+00 -7.52234543494028e+00 1.91512829903957e-01 -9.27065307403319e-01 -2.22222263604294e-01 -3.63894265392320e-01 -4.89386848149748e-02 -6.17052997451629e-02 1.25048257401012e+00 -6.86315428246505e-01 -3.63857563119252e-01 -4.88953171103654e-02 -1.12922114328435e+00 8.73021032774896e-01 -3.25184851872121e-02 5.21390997397648e-02 7.49757378964424e-02 1.50710967310409e-01 -6.62145817863127e-02 8.35993195321621e-03 2.73253236934110e-01 1.71472322888913e-01 4.34174993744595e-02 9.07832440652938e-01 5.95095016578068e-01 -3.63076404308000e-02 -4.29123931543958e-01 3.83018126734278e-02 2.25560738218943e-04 3.26818089012178e-01 3.63085418118629e-02 1.51018246204288e-01 -2.45325852760571e-02 1.94824010856511e-01 2.30635865578891e-01 3.57811345583488e-02 1.50812837420763e-01 1.05549459511738e-01 2.41202514151710e-01 1.52492547307674e-01 1.49974976214292e-02 2.26069249319685e-02 1.16822085411801e-01 1.77279838652981e-01 7.13857129164462e-03 -2.94680333641651e-02 -5.25359009749167e-03 9.70752458161398e-03 -5.74151318044841e-02 -1.70276204731908e-02 -1.88446052244263e-02 1.28458656157828e-02 -2.00005810022750e-02 -5.28542650343099e-04 -3.48673531952815e-02 1.23870226439834e-01 8.28192831196799e-02 6.07467992874440e-02 -8.81760401408485e-02 -3.36749637144575e-02 1.23859880509857e-01 8.28450313644268e-02 -6.53405038608836e-03 -1.11759368813306e-01 7.39753381283441e-03 3.06705916358090e-03 4.62911325156232e-03 2.77216047785966e-02 6.33436476956527e-02 -1.59521519664046e-03 -8.17992492522472e-03 -7.32127240340230e-03 -7.21162969313072e-03 -7.56962156161655e-02 -5.53782217689659e-02 2.38988677193472e-03 1.50576312809678e-02 2.25552879511267e-03 3.37706649423790e-03 -9.06866020460143e-03 5.37106924515381e-02 2.30228834559893e-02 -1.96638797636654e-02 -3.96209735885126e-02 -2.74193112641231e-02 3.01657820532867e-02 1.08252262394055e-02 1.38834109932958e-03 -2.52293698156771e-02 -1.22452425578348e-02 5.36963042407272e-02 2.30114302198312e-02 2.86359128903205e-03 -3.16976987695851e-02 -4.11567595734030e-02
