pVp:
 -3.12344296655398e+03 -1.61048514602280e+03 9.12390737936540e+01 4.24886045806254e+01 2.33034702165235e-02 7.08287871838313e-02 7.88530645693897e-02 2.54728038212333e-02 7.74221771860020e-02 8.61934956866225e-02 3.45980221386167e-03 1.29151805318955e-02 5.61236966248045e-03 6.00874498081029e-03 -5.08063249676394e-03 -2.43917519005301e-01 2.75592588009880e-01 7.61375456459513e-01 -2.09602237567993e+00 3.31901873750268e-02 -2.31786613351956e-01 2.91737100636548e-01 7.50032745333157e-01 1.07732579099967e+00 -1.77919842281097e+00 -2.31813065101533e-01 2.91701287209483e-01 -2.21061724418674e+00 3.06433307510627e-02 3.37674936250084e-02 2.61768346214483e-05 1.89024867315568e-03 3.65866275533121e-01 5.93757134261567e-02 -1.82706085293594e-01 -2.56279834461878e-01 -4.46322552773737e-01 1.69130036739513e-01 2.46563129845433e-01 4.18519739223012e-01 5.94212084084271e-02 1.43133439950826e-01 1.12356903460929e-01 1.06542740946191e-01 -1.77993764580042e-02 5.79899026607837e-02 7.20381914678348e-02 -8.73600191847888e-03 -1.10019038307722e-02 -1.31050604394243e-01 5.79897283494562e-02 7.20380683086239e-02 -9.89010546348606e-02 -4.26650215819360e-02 -7.59592878324671e-02 0.00000000000000e+00 2.17608240653989e-07 2.64075795587194e-02 6.79916829208803e-02 3.78261263950571e-06 -2.34247576703721e-02 -1.34570102761476e-02 7.98469398590004e-04 -4.57838265893824e-02 -2.50069742265245e-02 -6.49653931650482e-05 6.67012380844279e-02 -1.14548642233484e-02 -3.41500399892751e-05 -5.81186113212829e-02 3.39388142691972e-02 1.98704582462193e-02 2.98700692506834e-02 -5.97014879306280e-02 -3.39276547937558e-02 3.39265424491679e-02 1.98550526050925e-02 -9.74271198177196e-03 -7.35698546095675e-02 -9.73581949912230e-03 0.00000000000000e+00 0.00000000000000e+00 3.13569173553871e-04 6.66693554889948e-03 -2.40942832459880e-05 -1.36148267228414e-04 -1.17735235293516e-04 -2.81096388963879e-03 -1.60469667655628e-02 -1.38295215532729e-02 1.95030131623816e-04 9.53179835908652e-04 1.47671347018419e-04 1.68646541883777e-04 -5.33921887771992e-04 5.99082714370633e-03 7.41987541274182e-04 -2.39283017460612e-03 -4.37067568158519e-03 -3.77925838918814e-03 3.06705725409251e-03 2.27637762129581e-04 -7.70087565222029e-05 -1.94566762723364e-03 -1.24475206480874e-03 5.99218402034735e-03 7.42293323951396e-04 -2.27538986916892e-04 -3.61186560606301e-03 -5.10299197479585e-03
 -1.61048514602280e+03 -9.21888212463847e+02 4.22380555574757e+01 2.55763779146739e+01 -5.74693073586840e-02 -1.74635196585416e-01 -1.94440093182896e-01 2.46178168406832e-02 7.48494416927437e-02 8.33153377494529e-02 1.94834267168991e-03 7.31749471585214e-03 3.15307720808289e-03 3.38390904660544e-03 -2.89972693573561e-03 -3.91396348254527e-01 3.02737555489407e-01 1.11916139568611e+00 -3.07650640075821e+00 5.13712060807081e-02 -3.71790203043276e-01 3.29460847585212e-01 1.10439046002558e+00 1.58870238692358e+00 -2.61432797042404e+00 -3.71834300702364e-01 3.29399162081274e-01 -3.25168740297109e+00 4.86851262388074e-02 5.31370156530932e-02 1.95682647103369e-03 1.00969635309572e-02 5.28242689118885e-01 7.22705627974393e-02 -2.59731300010907e-01 -3.61923708586832e-01 -6.33104329441695e-01 2.49448269191072e-01 3.66808043570134e-01 6.19084136475475e-01 2.90410561191862e-02 6.65329603155242e-02 5.99213840141354e-02 5.78313182447796e-02 -3.96370419507552e-03 8.60656401989090e-02 1.08748737462952e-01 -1.14461017322752e-02 -1.32184839932154e-02 -1.85432799420114e-01 8.60652939448634e-02 1.08748487972915e-01 -1.41352093399992e-01 -5.88377071188157e-02 -1.06059138039963e-01 2.27546665512541e-07 2.64405970096635e-06 4.18074293806566e-02 1.00877309971473e-01 7.98414435000579e-05 -3.79990141827392e-02 -2.17090028584621e-02 1.84491392128577e-03 -6.70673856299818e-02 -3.55270883804291e-02 -4.74884912179662e-04 1.01197611053572e-01 -1.78578528463483e-02 -2.22866146409203e-04 -8.86981436689498e-02 5.05129345610655e-02 3.02527997225866e-02 4.44449996363348e-02 -8.77958470658308e-02 -4.95031166459483e-02 5.04952862855805e-02 3.02297375529881e-02 -1.41838610210418e-02 -1.08324284282134e-01 -1.36994013080516e-02 0.00000000000000e+00 0.00000000000000e+00 5.18915744342228e-04 1.01651684140614e-02 -4.10845689373053e-05 -2.33664709290390e-04 -2.01626231702747e-04 -4.19356424016210e-03 -2.41638228911024e-02 -2.07606037711336e-02 3.21115387084950e-04 1.57612671942874e-03 2.41708953908851e-04 2.77296280390486e-04 -8.85057368081582e-04 9.05751655681150e-03 1.15437421479207e-03 -3.65939390197217e-03 -6.67665717269942e-03 -5.76065338440699e-03 4.62911027819094e-03 3.53976068513405e-04 -1.14506620568184e-04 -2.97815622657269e-03 -1.89978433381250e-03 9.05952947510049e-03 1.15484409379129e-03 -3.35938484484936e-04 -5.51193474736291e-03 -7.79235503271370e-03
 9.12390737936540e+01 4.22380555574757e+01 -1.66847398053645e+01 -7.33769262216646e+00 -2.64153577341830e-01 -7.92072817228387e-01 -8.87621773591114e-01 -9.58699041121828e-02 -2.86893168264170e-01 -3.21815773702940e-01 -7.57746922246250e-02 -2.68077577788900e-01 -1.25385490872489e-01 -1.31537875637443e-01 9.84337025902058e-02 -1.90307596670418e+00 -1.59103287646911e+00 2.15730467097645e+00 -6.22041394846926e+00 -6.82793291654754e-02 -1.92623770667082e+00 -1.63471051296936e+00 2.20273943610005e+00 3.07280810151643e+00 -5.52158395198680e+00 -1.92617732582834e+00 -1.63459057179848e+00 -6.69087079226919e+00 -7.15190321520446e-02 -7.51674222287378e-02 3.69380068092054e-01 5.30973020790814e-01 3.39878504084229e-01 -5.84818002648829e-01 3.97928368399709e-01 5.61617360563720e-01 9.74058792388794e-01 1.08161866014502e+00 1.54157858157636e+00 2.65625481261418e+00 -1.05005208317110e+00 -2.55550944805346e+00 -1.96503675692550e+00 -1.86192110067009e+00 3.43648994629027e-01 1.98707934020604e-01 4.27638275720229e-01 6.16930592906148e-02 1.08569276264731e-01 1.37589121031067e-01 1.98705921649966e-01 4.27635750259777e-01 4.06413777477882e-02 1.01168525928457e-01 1.50455556828371e-01 2.72525888680718e-02 4.33484554463431e-02 3.18897669701903e-01 3.23118041605450e-01 1.31692507414199e-02 -2.54798549055727e-01 -1.24889673832114e-01 3.34203692250463e-02 5.40374364200801e-02 8.57495225263382e-02 -3.59015570674710e-02 1.39198170171209e-01 -5.94925287776094e-02 -3.40835291270287e-03 -1.66948847547177e-01 1.84478852140732e-01 1.83732898438994e-01 1.34477876362512e-01 -2.02999307837400e-01 -9.76857447069430e-02 1.84462412372587e-01 1.83644744496383e-01 -2.98013998970415e-02 -2.60702803799045e-01 2.58247065208519e-03 3.13569172630039e-04 5.18915744058848e-04 1.66183800129502e-02 7.37917447631340e-02 -2.19866000915386e-03 -1.13224436031497e-02 -1.01111902287755e-02 -1.77556389474539e-02 -1.17336935642266e-01 -9.65503976291058e-02 6.47631760035896e-03 3.25116752291404e-02 5.29132908173886e-03 6.29030029765012e-03 -1.82643990234079e-02 5.28697930646857e-02 1.39110814984007e-02 -2.83239507954398e-02 -4.90088836188144e-02 -4.06220099193590e-02 2.77215851934106e-02 4.77422026750233e-03 -5.64702058206515e-04 -2.51632124562500e-02 -1.53931249538075e-02 5.28771362711306e-02 1.39150072412283e-02 -6.12208740093429e-04 -3.92890510994910e-02 -5.75513366629832e-02
 4.24886045806254e+01 2.55763779146739e+01 -7.33769262216646e+00 -5.24054625618934e+00 -1.47146173253037e-01 -4.37726510294018e-01 -4.92438080248707e-01 -1.14742651712959e-01 -3.65282469575260e-01 -3.97764561163400e-01 -7.20156781116791e-02 -2.56230902516465e-01 -1.18885578315821e-01 -1.24970321408327e-01 9.48265951424093e-02 -1.90228407568250e+00 -1.83109666076538e+00 1.20820146348651e+00 -3.66830554774421e+00 -1.44663258021119e-01 -1.96510507533238e+00 -1.91725215818468e+00 1.25455588230609e+00 1.66828288396357e+00 -3.34745700385357e+00 -1.96493703674595e+00 -1.91700987520410e+00 -3.93764060961757e+00 -1.67368506412978e-01 -1.67603697445163e-01 4.03811391913092e-02 3.65201173899514e-02 -6.83753932100631e-01 -1.09496799949789e+00 7.97459507638998e-01 1.02689842077157e+00 1.89536054723950e+00 1.09441219741956e+00 1.44828007360262e+00 2.62355687018622e+00 -6.73335934131412e-01 -1.65892272515606e+00 -1.32881117825642e+00 -1.28788829750802e+00 2.09254725383519e-01 -5.13806852954218e-02 2.25311164500015e-01 1.17047504060223e-01 1.58836652656848e-01 8.73260589399158e-01 -5.13792774696275e-02 2.25312554526758e-01 5.99103259231133e-01 3.28115022791219e-01 5.78717725948469e-01 6.83148242217356e-02 1.01279085035588e-01 3.15768299202290e-01 1.81346121289220e-01 1.83537288253248e-02 1.50698276740301e-02 3.86974524108825e-02 3.66776476653040e-02 5.50358363828356e-01 3.76335258104664e-01 -3.96522468784291e-02 -2.55670241901364e-01 9.13166535759151e-03 2.81881725725188e-03 1.73796272668689e-01 1.45836943624768e-01 2.23372475675894e-01 1.87583467555322e-02 6.84934248233200e-02 6.13088293829481e-02 1.45908832634840e-01 2.23356248637325e-01 1.15615763326087e-02 6.56896031995993e-02 6.56468729450566e-02 6.66693555425645e-03 1.01651684666722e-02 7.37917451980793e-02 1.49856771902993e-01 -8.50121260615532e-03 -3.48814059941121e-02 -3.39814833874422e-02 -2.24483460774060e-02 -1.28402653578569e-01 -1.10611206805342e-01 1.31908110927581e-02 5.82727325234629e-02 1.48441020257122e-02 1.63331790596562e-02 -2.92120220885019e-02 1.00966045104530e-01 4.90068179286556e-02 -5.70317505876368e-02 -8.42880486006453e-02 -7.14904496607796e-02 6.33436127331784e-02 2.42018104566090e-02 -6.72390299941194e-04 -6.48624224465931e-02 -3.83969950582937e-02 1.00973826099004e-01 4.90158619638608e-02 4.25724081036671e-04 -6.41234428049634e-02 -1.06574290314207e-01
 2.33034702165235e-02 -5.74693073586840e-02 -2.64153577341830e-01 -1.47146173253037e-01 -8.63799587021070e+01 -4.07474305685433e-02 -7.07438521077922e-02 -2.12355869234584e+01 -1.55294799176852e-02 -2.69390972123918e-02 -1.17427932003435e+00 -2.93952999483768e-02 1.63404635382348e-01 -1.31347618504328e+00 -3.17873623769863e-01 -1.34308844283243e+00 -1.81769862184615e+00 -3.50070404601132e+00 -4.76504166453671e+00 -3.72210556955903e-02 -1.35704831653476e+00 -1.84667784196146e+00 -3.53029107466459e+00 2.35922734554219e+00 -4.19236849902391e+00 3.89947294450709e+00 5.43342638300696e+00 9.60878341015415e+00 1.06435908724099e-01 1.10751089717837e-01 1.82744160828277e-01 2.57004892413904e-01 -3.82441823237544e-01 -7.30238187636495e-01 1.63176843196445e-01 6.31789575080422e-01 1.10385319227142e+00 -9.53946324073050e-01 1.01310437695163e+00 1.76055859141937e+00 2.24893236909485e-01 -2.72017859968516e+00 -2.61730889753219e+00 3.83841767791296e-01 1.33515976196193e+00 6.52101676220035e-04 3.92844075877301e-02 -1.12206482633612e-01 3.67360616134998e-02 7.52067762660529e-02 -2.41317633710802e-01 1.07828922312730e-01 5.95428920286713e-01 3.70917334866877e-01 6.35514173686055e-01 7.04871841054760e-05 1.94834657290115e-04 1.36354105502629e-02 2.02924560179800e-02 5.35389347181277e-02 -1.48051740439582e-02 -2.86455972754788e-03 -1.09473595956411e-01 -1.88406643381630e-02 6.78031896259470e-03 -8.67149445069682e-02 4.20435412119865e-03 -1.37636869330034e-02 -4.01590568717262e-02 -1.78519520462242e-02 3.33152003451190e-02 -3.63933928257355e-02 4.10606610575642e-02 -4.75109686513807e-02 -2.51637157678564e-02 -1.71307442116449e-03 1.83935337141987e-02 1.84732810114042e-02 4.52562793828481e-03 8.53809123877800e-03 2.40944008173135e-05 4.10852119652737e-05 2.19938784322107e-03 8.50578338826319e-03 7.54058362365020e-04 -1.67643043698535e-03 -1.37283705549678e-03 4.74757793650740e-03 -9.95149063837897e-03 -5.86262903033990e-03 -2.92718272217590e-03 5.56039397059320e-03 9.02937444209685e-04 -2.53127680560890e-03 -4.12671373011182e-03 6.34107625530578e-03 3.96598226167250e-03 -2.59361708216115e-03 -1.30924313668191e-02 -1.03597173482979e-02 1.59866391492511e-03 2.62160671212360e-04 1.83297432793308e-03 -1.64717505099839e-03 -8.29998369319805e-04 3.92869063626686e-03 1.05300285414693e-03 5.02386096117831e-03 -3.52378157922512e-03 -4.68864749306179e-03
 7.08287871838313e-02 -1.74635196585416e-01 -7.92072817228387e-01 -4.37726510294018e-01 -4.07474305685433e-02 -8.64888898310766e+01 -1.45923695769076e-01 -1.55294812792377e-02 -2.12749058214165e+01 -5.43432628642965e-02 -4.37819619033093e-01 -1.35315292456610e+00 5.94729280599529e-01 -2.93952998153520e-02 1.15723482170155e+00 3.54985942117930e+00 4.98733100866418e+00 -4.48373988585822e+00 7.67929328514623e+00 9.19191346264959e-02 -1.98603836194496e+00 -2.65284919466519e+00 2.44680518294789e+00 -1.78533212356648e+00 -6.09208516940218e+00 -1.27615258449394e-01 -7.89655889093275e-02 -3.63687495586912e-01 -5.21757659697411e+00 -5.00765421773372e-03 2.63826191315922e-01 3.74282096055331e-01 -5.23506656957562e-01 -1.05251878196766e+00 6.37844008768447e-01 6.13030289297541e-01 1.56260685371481e+00 1.05157378855086e+00 -1.78500587465870e-01 2.58052713580308e+00 -6.45586889612127e-01 -1.57435423281462e+00 -3.74529633955972e+00 -2.80924938431782e+00 -7.96383458144125e-01 3.91515716565593e-03 6.57838679366341e-02 3.62654023765538e-02 -7.70369832129887e-02 1.14969439725304e-01 -8.10652353538416e-02 8.98491531187455e-02 2.98156227958003e-01 4.50403896773353e-02 3.03558785296188e-01 2.41767657360465e-02 3.92922637035152e-02 2.39934087282032e-01 -2.56894514079785e-02 9.55598455334030e-03 -1.98296512757510e-01 -1.27118887135371e-01 2.22177882605864e-02 5.62016769421372e-01 4.28459955132436e-01 -2.34021510135524e-02 -1.28219925795261e-03 9.94282713592789e-03 -3.96685369403087e-03 8.03126053554155e-03 -3.47495018009825e-02 9.97608143780384e-02 -5.57392069158635e-03 8.07033033684167e-02 5.05100891920064e-02 -4.69547487332801e-02 1.18951409095899e-01 1.59331454283551e-02 1.09030775310071e-01 4.42783530030705e-02 1.36148307761260e-04 2.33664934698162e-04 1.13226992172607e-02 3.48830112186224e-02 -1.67597560244608e-03 -7.57749200069690e-03 -7.67889905846443e-03 -2.18603933107479e-03 -1.61167304484756e-02 -1.56323570313455e-02 4.96860266327806e-03 2.43963048216281e-02 6.86595851217990e-03 5.38753226828340e-03 -1.15626898407761e-02 1.31451892182230e-02 7.72125836280863e-03 -1.45906705498096e-02 -2.00018357283004e-02 -2.03989110443819e-02 8.18114859531996e-03 3.07873130917098e-03 -3.55084860919193e-04 -1.36396151763592e-02 -9.43692830044278e-03 1.22981728425653e-02 6.70053684919603e-03 -7.84470411362741e-05 -1.24885357562693e-02 -2.56394344389586e-02
 7.88530645693897e-02 -1.94440093182896e-01 -8.87621773591114e-01 -4.92438080248707e-01 -7.07438521077922e-02 -1.45923695769076e-01 -8.65507009376026e+01 -2.69390989360855e-02 -5.43432618455826e-02 -2.12999059724059e+01 -2.93952977694699e-02 -1.30141282937246e+00 -1.54481986723315e+00 -4.72668122599348e-01 1.98383678729158e-02 -1.43656593962486e-01 -8.88623731916967e-02 1.24999945888755e-01 -3.66928838019421e-01 -5.17023017205980e+00 3.07550683191957e+00 4.36942291378072e+00 -3.90240478954089e+00 -5.46750814276675e+00 4.48621736055555e+00 -1.43495973796580e-01 -8.88370673533753e-02 -3.99638749587315e-01 -5.00139513454052e-03 -5.22098747854551e+00 4.50722993137959e-01 6.35746947345169e-01 -9.26807249816559e-01 -1.80008245771788e+00 1.10733376833497e+00 1.55269897891892e+00 2.41531630241608e+00 1.78267364122237e+00 2.51757289863955e+00 2.69070917822906e+00 -2.74504506769654e+00 -5.35923587064666e+00 -2.39198642681716e+00 -3.85168651026587e+00 9.32427594656960e-01 -2.93032833998987e-01 1.86056475763622e-01 1.51670290890915e-01 2.31240383783134e-01 1.21278752708281e+00 -1.45186243960002e-01 1.44176098860296e-01 5.16946413783464e-01 3.07151659714407e-01 3.83071296810641e-01 1.40108106986016e-02 2.29018880646366e-02 1.60214955217050e-01 1.84381095604095e-02 1.11368297497869e-02 -1.66988459701507e-01 -2.76562440393607e-02 3.03783721181343e-02 3.61284018288231e-01 1.37151445642444e-01 -3.51722586973600e-02 -4.51002888657397e-02 -8.55913322465791e-02 -1.27810514337366e-03 -7.00212843702946e-02 -8.34513270558283e-03 6.48541739911105e-02 1.20266670079328e-02 2.38407731471139e-02 4.39699541883891e-02 1.30500846756561e-02 3.13864095613519e-02 2.00728309445850e-03 -1.63471568844834e-02 3.79527766220219e-02 1.17735163180760e-04 2.01625838699852e-04 1.01107456372253e-02 3.39786907917677e-02 -1.37236471066636e-03 -7.67845534015570e-03 -5.65887822756698e-03 -1.39416655009611e-03 -2.83280541190282e-02 -1.37460629665383e-02 4.74957255002225e-03 2.11955612580922e-02 -3.29156055187134e-04 3.71430358295211e-03 -1.45027707057289e-02 1.49825629772190e-02 7.36504306489624e-03 -1.41912345499270e-02 -2.50377808356542e-02 -1.50972937567517e-02 7.31916584802172e-03 2.19911366129109e-03 -8.70182098875342e-05 -1.15502075862138e-02 -5.02234914781593e-03 1.64547343387707e-02 9.14591187068086e-03 2.66887553785835e-04 -2.41751663685324e-02 -3.02282035673584e-02
 2.54728038212333e-02 2.46178168406832e-02 -9.58699041121828e-02 -1.14742651712959e-01 -2.12355869234584e+01 -1.55294812792377e-02 -2.69390989360855e-02 -1.03927677224030e+01 -1.93443704499385e-02 -3.30123550142367e-02 -7.41715453800804e-01 -2.21629449262929e-02 1.31625921945336e-01 -8.30665459297858e-01 -2.54318022338269e-01 -1.25195959034745e+00 -1.64926085429579e+00 -3.65773817239069e+00 -2.63694608799460e+00 -8.85646029649903e-02 -1.28768387687445e+00 -1.70727912618727e+00 -3.76501583844213e+00 1.21636215964488e+00 -2.37654877608693e+00 3.70664761365659e+00 5.06558238728452e+00 3.48840853531704e+00 2.72526444262617e-01 2.71116563357763e-01 -1.97727835744606e-01 -3.00320372721304e-01 -1.16255065825957e+00 -1.08287186091424e+00 -1.01770315198868e+00 9.88643381306859e-01 1.83549777060515e+00 -2.03250017782076e+00 9.95801337115036e-01 1.82953448159253e+00 7.76739394192852e-01 -1.72653164168565e+00 -2.02686523142736e+00 1.45198858465433e+00 1.40194642249588e+00 -4.10318062640129e-02 1.02170458644784e-02 -6.52483541509581e-01 7.10867474742389e-02 2.18867745278459e-01 -9.02790884050101e-01 -5.84796437672616e-01 1.28744351965546e+00 7.89882812451281e-01 1.46757768252666e+00 1.50523447926816e-03 3.02868890786769e-03 3.41535684381058e-02 3.67724262856754e-02 -1.24463018393939e-01 -3.52755569362375e-02 -2.37892406258803e-03 -5.12462756716656e-01 -2.58555922154744e-02 2.42897585472876e-02 2.92781013071251e-01 -8.23343489094111e-03 -2.08455662147944e-02 1.72585015832249e-01 -4.85957590593589e-02 1.96343651065427e-01 6.45621867589862e-02 1.10045997664823e-01 -4.17968604886657e-01 -2.19523733083919e-01 -4.91536281467215e-02 -6.64005215075972e-03 -1.28067180119465e-01 1.59908204533834e-01 2.08688015205672e-02 2.81104126422444e-03 4.19375537809313e-03 1.77639114437219e-02 2.24685581400178e-02 4.74663802517677e-03 -2.19136037481687e-03 -1.40089589061945e-03 4.42986918967892e-03 3.32439591321154e-03 1.12742187516757e-02 -6.21410218211509e-03 1.49936944679839e-03 -1.72302256356957e-03 -5.57067915004799e-03 -3.41834814518464e-03 2.51265932255475e-02 3.02646636628722e-02 9.72940473387175e-03 -1.96371745597030e-02 -1.35358030582667e-02 7.23467007233332e-03 4.01036760760277e-03 1.51246860827069e-02 -7.76799849988436e-03 -2.59773823841438e-03 1.29913931712663e-02 7.43269350257351e-03 2.19090297431703e-02 -7.74085544883156e-03 -1.27323439783281e-02
 7.74221771860020e-02 7.48494416927437e-02 -2.86893168264170e-01 -3.65282469575260e-01 -1.55294799176852e-02 -2.12749058214165e+01 -5.43432618455826e-02 -1.93443704499385e-02 -1.04768746238766e+01 -8.76954426410966e-02 -2.41809031760109e-01 -8.64908192856225e-01 4.16640518594794e-01 -2.21629444164528e-02 7.61781450260640e-01 3.30692982576122e+00 4.58372545537014e+00 -2.36617125813033e+00 2.51844422831142e+00 2.08391394375584e-01 -1.90396942845847e+00 -2.44197146836977e+00 1.32027844017950e+00 -2.90487320632760e+00 -3.48702724064867e+00 -1.38139072613307e-01 -4.73128935854930e-02 -2.39604269940447e-01 -4.69625069809774e+00 -2.52286133088667e-02 -2.58248004927181e-01 -3.88327488835794e-01 -1.63127824127902e+00 -1.59978892143597e+00 1.09776463472509e+00 -3.69770565233132e-01 2.61407933684118e+00 1.15128758384984e+00 -1.31569331156756e+00 2.73772162162217e+00 1.57110484811592e-01 2.88563985953550e-01 -2.81459955736311e+00 -1.88880440263050e+00 -1.16338046878734e+00 -6.59747450295658e-02 3.35598773298324e-02 8.17781297612342e-02 -5.91909102371708e-01 3.58168972885124e-01 -3.68603083165762e-01 -1.75394908527894e-01 8.66703310985719e-01 -3.03051087105327e-01 7.33324825263448e-01 3.92964083606281e-02 5.44493043714118e-02 -1.40184394387824e-01 -6.17974398374856e-01 -3.57376657630513e-03 6.16334028251804e-01 4.26186989687660e-01 -9.13959902662125e-03 1.57020252184092e+00 1.19575380573046e+00 1.48813157922331e-02 -9.03467139724684e-01 2.69324263494436e-02 1.11073646014776e-02 6.41530096561951e-01 -2.95289582553990e-01 -8.19363356223366e-03 -4.01670073980902e-01 6.96217320034703e-01 4.85671947303199e-01 -3.81121230657413e-01 -3.29628110930688e-02 1.67085305776104e-01 1.12732761206363e+00 1.71611911971171e-01 1.60469939194661e-02 2.41638902295241e-02 1.17339842453075e-01 1.28409753705144e-01 -9.94266273056424e-03 -1.61153845162449e-02 -2.83360113074332e-02 3.34796815734465e-03 8.27529338777424e-02 5.37750397216603e-02 9.64758426760494e-03 2.26904230899025e-02 2.39805926000574e-02 2.06780221010233e-02 1.21534055654867e-03 7.24080807987095e-02 7.23969109418135e-02 -4.86338961521218e-02 -2.39917420369879e-02 -4.21141154075844e-02 7.57043094040045e-02 5.61069118622187e-02 7.37440433612604e-04 -7.33183304959071e-02 -4.89927629167542e-02 6.81424286124723e-02 6.43877320550204e-02 2.76311669039667e-03 -3.26407500828031e-03 -7.05834195794551e-02
 8.61934956866225e-02 8.33153377494529e-02 -3.21815773702940e-01 -3.97764561163400e-01 -2.69390972123918e-02 -5.43432628642965e-02 -2.12999059724059e+01 -3.30123550142367e-02 -8.76954426410966e-02 -1.04838278193236e+01 -2.21629438439312e-02 -7.81854362367955e-01 -9.79968640992621e-01 -2.68144267014107e-01 1.71213685114187e-02 -1.35088961498840e-01 -4.68641644763303e-02 6.75846529050267e-02 -2.33282424608552e-01 -4.56000586691299e+00 2.91530232000544e+00 4.09783881964870e+00 -2.08505085061434e+00 -2.82026040758111e+00 7.67782739347360e-01 -1.43229255265573e-01 -4.99440230010869e-02 -2.55548859220678e-01 -2.52221550918471e-02 -4.69366876099470e+00 -4.72036867381513e-01 -7.14706502889559e-01 -2.84026494136430e+00 -2.69177023418652e+00 1.89822753799129e+00 2.43550343935042e+00 2.71449162344843e+00 1.91891856092610e+00 2.48327098644558e+00 1.76716970837182e+00 -1.72047076029545e+00 -2.77220594682387e+00 -1.57591293138320e-01 -2.05540861281349e+00 5.60785636570031e-01 -1.16052248003355e+00 -6.92742280611322e-01 2.61521369706034e-01 2.72496634330863e-01 2.76157142798033e+00 -6.33971238705503e-01 -3.29170850209334e-01 1.47523269951333e+00 6.75772123514412e-01 5.32785172927866e-01 2.50502591525867e-02 3.62537194345360e-02 -2.46694519839297e-02 -2.94998909780336e-01 1.58414539781293e-02 3.74319243206967e-01 1.05657008529176e-01 3.38971912675839e-02 1.16843741986038e+00 1.90649904555886e-01 -4.25789888970726e-02 -3.00944440182605e-01 2.72603479039989e-01 1.05408063572114e-03 4.98567483740063e-01 -1.48975852344228e-01 1.37534228305019e-02 -2.03667976443605e-01 4.72443971895117e-01 1.29321829769916e-01 9.88135704731745e-04 5.72685851385408e-02 1.84889461687227e-02 1.46318522538621e-01 -6.41126314346241e-02 1.38294743650228e-02 2.07604873512582e-02 9.65453459084621e-02 1.10598861938673e-01 -5.85466453872835e-03 -1.56265090272669e-02 -1.37464698406447e-02 1.12986985030356e-02 5.37980369984818e-02 4.81169280258825e-02 4.56158102685004e-03 1.24955824951515e-02 3.74614316146007e-03 8.92934700439981e-03 -6.92037847559580e-03 6.79007236422562e-02 6.32153833781829e-02 -4.12574367536829e-02 -4.68701545995537e-02 -1.84259247059448e-02 5.53641106564957e-02 3.88230937513400e-02 2.29302573824263e-03 -6.29050538364367e-02 -1.84327721013450e-02 7.52989503010564e-02 7.71608664288204e-02 4.37314839317555e-03 -3.54909735992604e-02 -5.12864810212579e-02
 3.45980221386167e-03 1.94834267168991e-03 -7.57746922246250e-02 -7.20156781116791e-02 -1.17427932003435e+00 -4.37819619033093e-01 -2.93952977694699e-02 -7.41715453800804e-01 -2.41809031760109e-01 -2.21629438439312e-02 -6.27614678294605e+01 -1.51206629175398e-01 7.30741628441445e-02 -2.86721236685104e-01 6.78026031215439e-03 2.10260478611989e+00 4.19387378380869e+00 5.09850246862849e+00 4.36928435124247e+00 1.00552065161713e-01 -1.20399825231939e+00 -2.27338325335586e+00 -2.86368737347769e+00 -9.95715701549175e-01 -3.50727761226306e+00 1.69357260895905e-01 1.94375721610843e-01 2.71934535694957e-01 8.42370110053029e+00 4.16862923683339e-02 5.04816867130838e-02 1.11531012760277e-02 -1.08845880574123e+00 -7.30970927254940e-01 -2.19851339709138e-01 6.22310472473988e-01 2.83326027820802e+00 -8.57012408185789e-01 -4.35201252221024e-02 1.84055324990707e+00 1.41882552574859e-01 -1.27818077387981e+00 -5.07951931710743e+00 1.10658511446934e+00 6.44424295976473e-01 2.36663051020124e-02 3.73421600095007e-02 -5.07911054408686e-02 -4.76494378138291e-03 1.46770627906371e-02 -2.47686174206265e-01 -8.13729071034152e-02 7.60033013646194e-01 -4.15482002860106e-03 8.23226824391737e-01 4.21750182604030e-04 1.01695485972449e-03 2.23337110808379e-02 1.82074255524930e-02 7.95771188963890e-02 -2.41572893840987e-02 -3.88922238119023e-03 -2.82436678543055e-01 -3.78869107384592e-03 2.67439312364924e-02 9.47220776116114e-02 -9.26993054330405e-03 -1.74819251479820e-02 5.93729395120936e-02 -1.72943159243360e-02 7.25208086252429e-02 -4.09716087179251e-02 8.67511985801699e-02 -2.29630597398090e-01 -1.38749144873853e-01 -2.31088571535268e-02 2.55195999104653e-02 -3.07337896148607e-02 1.14570811317250e-01 2.71552344686027e-02 1.95031258914081e-04 3.21120772271966e-04 6.47886947502102e-03 1.32010928257417e-02 2.92702676607254e-03 -4.97021318217464e-03 -4.75151268809458e-03 6.21505137804475e-03 -9.66382154625265e-03 -4.57609483434634e-03 -7.71898674707135e-03 1.28676867538214e-02 4.02339050032659e-03 -7.89568753920237e-03 -8.92109172356996e-03 1.02656252690402e-02 8.82689240721216e-03 -4.29371318630723e-03 -1.76829934621260e-02 -1.71367698973665e-02 2.39756168534923e-03 6.35403268882483e-04 4.27494645767844e-03 -2.94518115173857e-03 -1.59449413884080e-03 5.57947911786067e-03 1.93041614770678e-03 7.68577757763053e-03 -4.80413962249351e-03 -7.26287156798239e-03
 1.29151805318955e-02 7.31749471585214e-03 -2.68077577788900e-01 -2.56230902516465e-01 -2.93952999483768e-02 -1.35315292456610e+00 -1.30141282937246e+00 -2.21629449262929e-02 -8.64908192856225e-01 -7.81854362367955e-01 -1.51206629175398e-01 -6.31252132673468e+01 -1.97893490932284e-01 -1.08005891704989e-01 2.85481452861413e-01 1.04583392027020e-01 1.50606846191421e-01 -1.11300834032486e-01 1.23215273958639e-01 7.62577008395999e+00 2.64186821412693e+00 5.31531333642858e+00 -3.14132820561770e+00 2.28324402194197e+00 3.67428286788220e+00 -8.44466585636056e-02 -4.63637187274342e-02 -1.68243766054602e-01 -2.82750300123613e-01 -2.62276246045352e-01 1.30627180078679e-01 3.97099467822584e-02 -2.67996681514979e+00 -1.83129083355047e+00 2.87629025614381e+00 1.54208734219321e+00 5.58135344359436e+00 1.89683917786281e+00 -1.02290449616003e-01 2.99555169884645e+00 -1.28340234483339e+00 -2.48560537686736e+00 -5.38357577030885e+00 -5.73287448190685e+00 -2.61005713604458e+00 -5.87314976007857e-02 5.61058827088363e-02 1.18022802643279e-01 -4.83880663235948e-01 5.29010388809519e-01 -1.50071301692714e-01 6.82480468874188e-03 7.25186321000456e-01 1.55293056306663e-02 4.86096417724208e-01 6.90172830169418e-02 1.05753596808737e-01 1.95743392735794e-01 -1.94209510949040e-01 2.01760333599075e-02 -5.53865789004484e-02 4.80767176138795e-02 3.58199657101845e-02 8.62035944979246e-01 3.64142102788456e-01 -4.35661044813043e-02 -5.30507146922606e-01 1.13194675689837e-01 4.89378860856461e-03 4.82228563045029e-01 -5.40269228268306e-02 8.87704122743860e-02 -9.99106366206950e-02 2.64541966678088e-01 1.43722581943685e-01 -7.97382750186831e-03 5.55772301273841e-02 1.85543019113206e-02 1.17611916124215e-01 1.30250680590988e-02 9.53179508503606e-04 1.57612510458113e-03 3.25110440511179e-02 5.82709240920887e-02 -5.55843256719630e-03 -2.43953009880547e-02 -2.11961111035576e-02 -1.48569700884622e-03 -2.26846833831908e-02 -1.24998994290737e-02 1.28616416152618e-02 5.28250753865608e-02 6.75384025211062e-03 1.24719770302236e-02 -2.92555192151537e-02 2.53225131318171e-02 1.69161590164859e-02 -2.67083624335168e-02 -3.58329378524275e-02 -2.66051758662474e-02 1.50550574633919e-02 6.70609675472760e-03 -4.52592820521946e-04 -2.50763608970832e-02 -1.25989288027126e-02 2.64113198276671e-02 1.83078430164160e-02 7.20144499529160e-04 -2.63620987500249e-02 -4.82768950220540e-02
 5.61236966248045e-03 3.15307720808289e-03 -1.25385490872489e-01 -1.18885578315821e-01 1.63404635382348e-01 5.94729280599529e-01 -1.54481986723315e+00 1.31625921945336e-01 4.16640518594794e-01 -9.79968640992621e-01 7.30741628441445e-02 -1.97893490932284e-01 -6.30567697262369e+01 -1.05208611088540e-01 -1.17211486712637e-01 1.83290496883436e+00 3.75775139715747e+00 -5.64365642453266e-01 1.97749163410532e+00 -2.30904478081144e-01 -1.77834537320112e+00 -3.71678805643425e+00 3.81747276881699e+00 5.44686871476251e+00 2.34479365742119e+00 1.92849515373240e+00 3.91585887237256e+00 2.15111318851112e+00 2.38629256376789e-01 -2.29343584085477e-01 8.45401965208501e-02 7.09039025823447e-03 -1.97804746950060e+00 -1.30546889437510e+00 2.69616751827583e+00 3.72185043830846e+00 2.40140791326635e+00 1.99450298007725e+00 2.81569837029143e+00 1.74456380694623e-01 -4.98969861271983e+00 -5.29853486133889e+00 3.11538881561299e+00 -3.75523108608882e+00 1.68077566240792e+00 -5.52658094368428e-01 -2.07140450271962e-01 2.80539208994100e-01 3.90150253220306e-01 2.23556056876609e+00 4.00816634893318e-02 7.18793878539591e-02 2.50646153220632e-01 1.93292481603419e-01 -3.60345468269482e-01 -1.11825940446573e-02 -1.65894042175812e-02 1.05735482550434e-02 7.91534520155661e-02 9.97681997190092e-03 -7.62262762598870e-02 5.05491590474335e-02 3.82419011473989e-02 -2.84052171613537e-02 -2.75758219900687e-01 -4.16071344599966e-02 1.31952590917936e-01 3.87604014248563e-02 9.86366173236138e-04 -8.37467940935856e-02 2.81446859163011e-02 -9.58071464155838e-03 4.24573961845422e-02 -6.50223690927939e-02 -6.59270476691146e-02 7.16155708530263e-02 -3.72923448670246e-02 -2.58184546729565e-02 -2.58252459147181e-01 -3.91411999282802e-02 1.47670370626823e-04 2.41704436133271e-04 5.28890565794473e-03 1.48327782971238e-02 -9.02491972582296e-04 -6.86417733967024e-03 3.30510572728432e-04 1.72797535596136e-03 -2.39564286674304e-02 -3.73714978951005e-03 4.02133219050304e-03 6.74899919810967e-03 -1.38721759251880e-02 1.81762175897976e-05 -1.51776798850589e-02 9.25333771006458e-03 2.83246662505775e-03 -7.72152804337182e-03 -1.60392781715414e-02 1.26566481403883e-03 2.24961781353679e-03 -7.46006917227506e-05 3.03700954842879e-04 -3.37778953604493e-03 3.30132707590032e-03 1.38452048273677e-02 1.00530993445893e-02 7.62707499145838e-04 -2.54957743290364e-02 -1.87967378425341e-02
 6.00874498081029e-03 3.38390904660544e-03 -1.31537875637443e-01 -1.24970321408327e-01 -1.31347618504328e+00 -2.93952998153520e-02 -4.72668122599348e-01 -8.30665459297858e-01 -2.21629444164528e-02 -2.68144267014107e-01 -2.86721236685104e-01 -1.08005891704989e-01 -1.05208611088540e-01 -6.28859403970130e+01 -1.22036048365250e-01 -1.05846921249233e-01 -9.07623161311851e-02 -1.79769534265054e-01 -2.64183103367958e-01 -2.86268005143257e+00 1.82536518059390e+00 3.70084682586806e+00 4.45711051643879e+00 -3.02153331762867e+00 2.57215085181826e+00 1.67773342351013e-01 1.98855979328824e-01 2.65474584004729e-01 4.16757684147472e-02 8.42783158342549e+00 7.83120904741518e-02 4.62667708039851e-03 -1.86028767913180e+00 -1.22646248591045e+00 -3.89034019498008e-01 2.75166459648682e+00 3.89049525834817e+00 -1.43243320151536e+00 1.76959966640429e+00 2.02687087258164e+00 1.06992600403263e+00 -5.45583334890159e+00 -3.80646382562246e+00 1.40298955140349e+00 3.85733537375753e+00 -2.80457696718548e-02 3.56475972103574e-02 -5.75246455859210e-01 1.10655748171217e-01 3.19830301564869e-01 -4.16033880007773e-01 -1.44782972616067e-01 1.28484361479319e+00 7.95438581748695e-01 9.20738972249960e-01 2.48690349068642e-04 6.45187492591357e-04 3.03305885475421e-02 3.80396837711687e-02 5.58187112234957e-02 -3.53912944867402e-02 -7.50877896017883e-04 -1.52508561516900e-01 -3.42283808038391e-02 2.56111169498130e-02 1.73304488035503e-02 -8.46854581746254e-03 -3.49600161408386e-02 5.00851819712290e-02 -4.01360332415814e-02 5.18774615122906e-02 -2.08354935191388e-02 6.35767863758072e-02 -1.58647310900752e-01 -5.77354763843452e-02 4.87120582484626e-03 1.04765379361532e-02 4.84328400624741e-04 5.50372520326965e-03 1.19317757300590e-02 1.68647346995958e-04 2.77300050947846e-04 6.29224067050659e-03 1.63418450990761e-02 2.53124103482581e-03 -5.38880764646508e-03 -3.71566317064887e-03 5.57674232234535e-03 -2.06921250487641e-02 -8.94299631098368e-03 -7.89615090999752e-03 1.24768962761036e-02 1.92944150901752e-05 -5.53001429371205e-03 -1.11057339016280e-02 1.30600474789227e-02 8.61889424464128e-03 -5.67097587612688e-03 -2.35040771052838e-02 -1.34876756045783e-02 3.38214554150158e-03 6.24547561856113e-04 3.03544485611220e-03 -3.64378698363714e-03 -1.39118915723262e-03 9.41570016207522e-03 3.00930438673025e-03 1.05058784504891e-02 -8.94648459590342e-03 -1.10684495488891e-02
 -5.08063249676394e-03 -2.89972693573561e-03 9.84337025902058e-02 9.48265951424093e-02 -3.17873623769863e-01 1.15723482170155e+00 1.98383678729158e-02 -2.54318022338269e-01 7.61781450260640e-01 1.71213685114187e-02 6.78026031215439e-03 2.85481452861413e-01 -1.17211486712637e-01 -1.22036048365250e-01 -6.27511841253429e+01 2.47887273282898e+00 5.03151969853876e+00 -5.79887474344850e+00 9.23822231898092e-01 8.36501993934678e-02 4.88381488936305e-01 8.59163707554575e-01 -3.43843931317570e+00 3.50696862357733e+00 1.38204401788316e+00 -3.37270193249039e+00 -6.80021924440863e+00 -3.78756297002076e+00 9.58778512008011e-02 -1.55028768897691e-01 -2.67013057336298e-02 -1.92090451708125e-02 4.04474947264356e-01 3.06024392104703e-01 -1.40492462891816e+00 7.99318250363872e-01 -1.04113993986019e+00 -1.40895686182810e+00 1.18923749053642e+00 -7.57650552788021e-01 5.51352089222938e-01 -2.57193939889093e+00 1.86632912268529e+00 3.99310314320812e+00 1.64317444082874e+00 -6.24028800056784e-03 -1.58587747952248e-02 -7.06442455409320e-02 6.42582157786860e-02 -1.80009382477226e-02 -2.27382605853984e-01 -1.27179186481291e-01 3.54758347637091e-01 5.79159491882014e-01 6.11381309358022e-01 -5.94392976301818e-02 -9.05339176321440e-02 -1.33146832284888e-01 2.03283039134992e-01 -3.80844463780998e-03 -2.88235311486228e-02 1.58076472828003e-02 -1.23688183775229e-02 -6.18334423599743e-01 -5.30878467121543e-01 -2.02572834525943e-03 5.19886510672788e-01 -4.35265047033040e-02 -2.30013377734426e-03 -3.87113274858568e-01 4.42665817203814e-02 -5.76648084469723e-02 9.46074525680767e-02 -1.64655064357421e-01 -1.21530253413510e-01 8.85272112476902e-02 -9.04209307077345e-02 -6.55727826804556e-02 -4.03759221426793e-01 -8.78823519660436e-02 -5.33922067976494e-04 -8.85058340791894e-04 -1.82646510283103e-02 -2.92118858658605e-02 4.12579511614526e-03 1.15624120174652e-02 1.45037593200766e-02 3.41477578567375e-03 -1.21990439439870e-03 6.92484818002416e-03 -8.91869698944603e-03 -2.92561417809862e-02 -1.51819652250240e-02 -1.11036334792357e-02 1.00533475223395e-02 -9.35508896254092e-03 -6.91561232416860e-03 1.54649261171707e-02 7.38757397098136e-03 1.41592766155478e-02 -9.07045123818589e-03 -4.84855592719906e-03 8.77264881169808e-04 1.49914857635453e-02 1.20732736791431e-02 -8.99989901648145e-03 -6.73447143912963e-03 1.02371007722479e-03 4.56895976282919e-03 2.02266674090650e-02
 -2.43917519005301e-01 -3.91396348254527e-01 -1.90307596670418e+00 -1.90228407568250e+00 -1.34308844283243e+00 3.54985942117930e+00 -1.43656593962486e-01 -1.25195959034745e+00 3.30692982576122e+00 -1.35088961498840e-01 2.10260478611989e+00 1.04583392027020e-01 1.83290496883436e+00 -1.05846921249233e-01 2.47887273282898e+00 -4.65998757285753e+00 -7.52234536934800e+00 1.91512797009186e-01 -9.27065211131885e-01 -2.22222261901386e-01 -3.63894279209763e-01 -4.89387045746987e-02 -6.17052628988580e-02 1.25048249737975e+00 -6.86315442182198e-01 -3.63857577133362e-01 -4.88953368207714e-02 -1.12922113130125e+00 8.73020947461857e-01 -3.25184838096012e-02 5.21390992738519e-02 7.49757377442632e-02 1.50710962676066e-01 -6.62145893783631e-02 8.35988888175765e-03 2.73252694702070e-01 1.71471939396063e-01 4.34175080608050e-02 9.07832358539602e-01 5.95094983492525e-01 -3.63076469369515e-02 -4.29123935350745e-01 3.83017883818300e-02 2.25535727416066e-04 3.26818076633977e-01 3.63085410096080e-02 1.51018245197325e-01 -2.45325838566713e-02 1.94823986422198e-01 2.30635845762944e-01 3.57811337263935e-02 1.50812836408073e-01 1.05549454261494e-01 2.41202487441750e-01 1.52492531664341e-01 1.49974974989602e-02 2.26069248891554e-02 1.16822081622382e-01 1.77279829227482e-01 7.13858016246482e-03 -2.94681252564815e-02 -5.25362849908936e-03 9.70752347333536e-03 -5.74151290605251e-02 -1.70276205846488e-02 -1.88445974634251e-02 1.28458666682896e-02 -2.00005749625517e-02 -5.28543771901191e-04 -3.48673448342424e-02 1.23870221234549e-01 8.28192814526201e-02 6.07467960536406e-02 -8.81760391161940e-02 -3.36749626947937e-02 1.23859875259481e-01 8.28450296810095e-02 -6.53404896678656e-03 -1.11759366071898e-01 7.39753197130831e-03 3.06705913827066e-03 4.62911324306047e-03 2.77216041152858e-02 6.33436453870756e-02 -1.59521554010708e-03 -8.17994002256429e-03 -7.32128166733397e-03 -7.21162893584918e-03 -7.56962137921173e-02 -5.53782194660090e-02 2.38988631488671e-03 1.50576298696318e-02 2.25552775345276e-03 3.37706537092386e-03 -9.06865989517399e-03 5.37106909752726e-02 2.30228831064288e-02 -1.96638789340084e-02 -3.96209730759636e-02 -2.74193108473193e-02 3.01657809087773e-02 1.08252257528783e-02 1.38834089684017e-03 -2.52293687349438e-02 -1.22452422626577e-02 5.36963027760926e-02 2.30114298712009e-02 2.86359113747311e-03 -3.16976986322781e-02 -4.11567585393066e-02
