S:
 1.00000000000000e+00 9.33746665827803e-01 1.86830126295597e-01 7.97603841182616e-02 0.00000000000000e+00 0.00000000000000e+00 0.00000000000000e+00 0.00000000000000e+00 0.00000000000000e+00 0.00000000000000e+00 0.00000000000000e+00 0.00000000000000e+00 0.00000000000000e+00 0.00000000000000e+00 0.00000000000000e+00 5.32229425060442e-02 4.13705443690445e-02 -3.42240913210524e-02 9.68040808635939e-02 0.00000000000000e+00 5.32229442297853e-02 4.13705465859661e-02 -3.42258606740813e-02 -4.84013891137044e-02 8.38344506006942e-02 5.32229348098766e-02 4.13705341437472e-02 1.02675778708878e-01 -1.25907013069673e-06 0.00000000000000e+00 0.00000000000000e+00 4.84321191331836e-06 1.14814303949886e-02 2.93438287203763e-02 -4.60206638219404e-03 -6.50813178542902e-03 -1.12725216859304e-02 -1.98685984098567e-02 -2.80976948326929e-02 -4.86670959212770e-02 1.07590405925093e-02 2.63537090368290e-02 1.97654770640419e-02 1.86353814385498e-02 -3.80359210812802e-03 1.14623988704541e-02 3.11844964483079e-03 -1.21637648756271e-03 -1.74673913004293e-03 -1.67157615758435e-02 1.14623942725044e-02 3.11844753954859e-03 -1.24195408866355e-02 -5.68093044428379e-03 -9.87061743854103e-03 0.00000000000000e+00 0.00000000000000e+00 5.04981239873856e-04 4.96809553741047e-03 -3.78557903215092e-07 -3.54501953197331e-04 -2.04366837335919e-04 -1.56340432396241e-05 -1.46405572021241e-02 -8.44013507741106e-03 2.70814790094410e-06 1.46201046057754e-03 -2.45486198809363e-04 1.56122019426491e-06 -1.26802611209591e-03 4.96460181782946e-03 7.62020131483524e-04 2.12468830051256e-03 -4.33905162063050e-03 -2.49676624454018e-03 4.96213817815916e-03 7.61383407299962e-04 -7.17619304606313e-04 -5.33304153261241e-03 -7.60635704434576e-04 0.00000000000000e+00 0.00000000000000e+00 4.87921198909060e-06 3.19141843094849e-04 -2.99925836948157e-07 -1.69077988591423e-06 -1.46327030842569e-06 -2.96138652065181e-04 -1.66943029167782e-03 -1.44479349172055e-03 2.89318030102170e-06 1.41151721794915e-05 2.19643614947361e-06 2.50387697591648e-06 -7.89829181770941e-06 6.46112731072931e-04 2.45772127055847e-05 -1.10904685291924e-04 -2.03078740080977e-04 -1.75958078906491e-04 3.15888040874979e-04 7.36434293238193e-06 -3.45944659357019e-06 -8.44986817317643e-05 -5.42466930749980e-05 6.46276261015354e-04 2.45876899800011e-05 -1.09592944931634e-05 -1.68059506115730e-04 -2.37067666496946e-04
 9.33746665827803e-01 1.00000000000000e+00 3.60036793224751e-01 1.74953027506644e-01 0.00000000000000e+00 0.00000000000000e+00 0.00000000000000e+00 0.00000000000000e+00 0.00000000000000e+00 0.00000000000000e+00 0.00000000000000e+00 0.00000000000000e+00 0.00000000000000e+00 0.00000000000000e+00 0.00000000000000e+00 1.00274918468855e-01 7.95369362718780e-02 -6.21719174364352e-02 1.75855518513517e-01 0.00000000000000e+00 1.00274921469787e-01 7.95369403781310e-02 -6.21751314464478e-02 -8.79265757732785e-02 1.52294723566190e-01 1.00274904020927e-01 7.95369171430622e-02 1.86522120828927e-01 -2.28721917198673e-06 0.00000000000000e+00 4.84321191331836e-06 4.12826653420413e-05 2.31479592846985e-02 5.58883301882511e-02 -9.38633482669592e-03 -1.32739293656779e-02 -2.29913378214656e-02 -3.70665410942095e-02 -5.24186124962800e-02 -9.07925598731337e-02 2.03928807359203e-02 4.99512982496478e-02 3.74638437503898e-02 3.53218400277953e-02 -7.20939750674236e-03 2.20139331329147e-02 6.21566434764851e-03 -2.34549442557448e-03 -3.36817337334717e-03 -3.22323935437818e-02 2.20139243266234e-02 6.21566016645766e-03 -2.39481480030274e-02 -1.09543311073430e-02 -1.90331518341549e-02 0.00000000000000e+00 0.00000000000000e+00 1.07300998863728e-03 9.70403623038667e-03 -8.30400344220649e-07 -7.77631230103409e-04 -4.48296642796016e-04 -2.98875779637698e-05 -2.79883277088077e-02 -1.61349915481880e-02 5.64435407218167e-06 3.04713864768260e-03 -5.11645090943011e-04 3.25391342960405e-06 -2.64283428121261e-03 9.57260699156464e-03 1.53003127887824e-03 4.15186956253196e-03 -8.47897374384285e-03 -4.87894989633562e-03 9.56787428027207e-03 1.52875800132098e-03 -1.40231407015997e-03 -1.04214018863260e-02 -1.48637326815581e-03 0.00000000000000e+00 0.00000000000000e+00 1.07022142047107e-05 6.33384105641218e-04 -6.85722010398821e-07 -3.86563889519577e-06 -3.34548255916972e-06 -5.74000510396891e-04 -3.23582832816250e-03 -2.80041864080207e-03 6.38671394799338e-06 3.11593324802008e-05 4.84864677163575e-06 5.52732437554693e-06 -1.74355294931094e-05 1.25198561030062e-03 4.97963844536222e-05 -2.20404478949407e-04 -4.03584968209534e-04 -3.49687198469320e-04 6.12721094296398e-04 1.49485324254208e-05 -6.89902147749413e-06 -1.68511987373009e-04 -1.08181783071420e-04 1.25230198278572e-03 4.98175761901953e-05 -2.17797314388771e-05 -3.33989647949987e-04 -4.71131614947357e-04
 1.86830126295597e-01 3.60036793224751e-01 1.00000000000000e+00 8.73147870969765e-01 0.00000000000000e+00 0.00000000000000e+00 0.00000000000000e+00 0.00000000000000e+00 0.00000000000000e+00 0.00000000000000e+00 0.00000000000000e+00 0.00000000000000e+00 0.00000000000000e+00 0.00000000000000e+00 0.00000000000000e+00 5.33687003470487e-01 4.46105563038285e-01 -1.99943312467733e-01 5.65546898194351e-01 0.00000000000000e+00 5.33687011756379e-01 4.46105575596412e-01 -1.99953644392676e-01 -2.82769635592208e-01 4.89775965088327e-01 5.33686951939795e-01 4.46105499892001e-01 5.99850478732981e-01 -7.35495224100872e-06 0.00000000000000e+00 1.14814303949886e-02 2.31479592846985e-02 2.11532076961369e-01 3.45179684168160e-01 -6.87525065832250e-02 -9.72281443549992e-02 -1.68405680412433e-01 -1.71999694237490e-01 -2.43237838627707e-01 -4.21304283581197e-01 7.16621797113391e-02 1.75532774176310e-01 1.31650880297596e-01 1.24123711996856e-01 -2.53343873059395e-02 1.65452949580912e-01 7.25400717193416e-02 -1.62746289627307e-02 -2.33706678094453e-02 -2.23650173757830e-01 1.65452892209932e-01 7.25400320632395e-02 -1.66168491534354e-01 -7.60085786574892e-02 -1.32064915085685e-01 5.04981239873856e-04 1.07300998863728e-03 2.59361027926382e-02 8.93786518517074e-02 -2.34252343864259e-05 -2.19365854985100e-02 -1.26462225003593e-02 -2.02849454538415e-04 -1.89959007069296e-01 -1.09509471250855e-01 7.34602814880660e-05 3.96578894801822e-02 -6.65895681792368e-03 4.23492132548708e-05 -3.43959507124333e-02 7.88675989571690e-02 2.24587288251244e-02 3.73663103450202e-02 -7.63097103064586e-02 -4.39099430048094e-02 7.88320225561276e-02 2.24425859772604e-02 -1.26223192173304e-02 -9.38037097651945e-02 -1.33789415490979e-02 4.87921198909059e-06 1.07022142047107e-05 7.20629365351554e-04 8.30167376123792e-03 -8.00370375970557e-05 -4.51194920849515e-04 -3.90482600041106e-04 -5.12751317689489e-03 -2.89054662690706e-02 -2.50159768555948e-02 3.26473569405532e-04 1.59279068616959e-03 2.47851240267939e-04 2.82543625455126e-04 -8.91262648557841e-04 1.15779925359752e-02 1.00962345981169e-03 -2.94533376186006e-03 -5.39323176196260e-03 -4.67297905771070e-03 5.79723828367209e-03 3.24506971867073e-04 -1.00926980686415e-04 -2.46519109173076e-03 -1.58261006721620e-03 1.15808122598804e-02 1.01002571828342e-03 -2.91039050316128e-04 -4.46305016979347e-03 -6.29565631039300e-03
 7.97603841182616e-02 1.74953027506644e-01 8.73147870969765e-01 1.00000000000000e+00 0.00000000000000e+00 0.00000000000000e+00 0.00000000000000e+00 0.00000000000000e+00 0.00000000000000e+00 0.00000000000000e+00 0.00000000000000e+00 0.00000000000000e+00 0.00000000000000e+00 0.00000000000000e+00 0.00000000000000e+00 7.20096680286451e-01 5.55223313761720e-01 -1.67079648813033e-01 4.72590834988017e-01 0.00000000000000e+00 7.20096685679970e-01 5.55223322084367e-01 -1.67088281201089e-01 -2.36292226955608e-01 4.09273978773111e-01 7.20096635031887e-01 5.55223266586188e-01 5.01256134960815e-01 -6.14633251448559e-06 0.00000000000000e+00 2.93438287203763e-02 5.58883301882511e-02 3.45179684168160e-01 5.25149023085852e-01 -7.24071395625402e-02 -1.02396438103878e-01 -1.77357512291697e-01 -1.91357336040308e-01 -2.70612951229546e-01 -4.68719818886073e-01 4.64869145760217e-02 1.13867273802394e-01 8.54012988931221e-02 8.05184603896158e-02 -1.64342955105423e-02 3.13405525450368e-01 1.69684682586565e-01 -2.35476661492976e-02 -3.38148828023444e-02 -3.23598131776656e-01 3.13405443793335e-01 1.69684619249844e-01 -2.40428256723912e-01 -1.09976385660125e-01 -1.91083983218839e-01 4.96809553741047e-03 9.70403623038667e-03 8.93786518517074e-02 1.98270694339904e-01 -6.18825947074017e-05 -5.79498824381666e-02 -3.34075286059231e-02 -3.23764609001887e-04 -3.03190679517304e-01 -1.74786400147775e-01 1.12761231976499e-04 6.08745326471792e-02 -1.02214434549907e-02 6.50057633437858e-05 -5.27975006747632e-02 1.74816115477398e-01 7.40386165567756e-02 7.24205340932405e-02 -1.47897663113300e-01 -8.51029042049698e-02 1.74752199557489e-01 7.40001901560810e-02 -2.44677656505967e-02 -1.81834035216814e-01 -2.59344428354651e-02 3.19141843094849e-04 6.33384105641218e-04 8.30167376123792e-03 3.19766172322323e-02 -8.58324478624542e-04 -4.83865537192485e-03 -4.18757093650395e-03 -1.24724762523433e-02 -7.03114219167308e-02 -6.08503902955458e-02 1.77208569714495e-03 8.64560527218869e-03 1.34532682584636e-03 1.53363573794093e-03 -4.83773870739881e-03 3.39717812729342e-02 7.21770526409884e-03 -1.09704694878610e-02 -2.00881425784922e-02 -1.74054210598996e-02 1.82471243145970e-02 2.97328138992082e-03 -4.63128331601349e-04 -1.13121365862514e-02 -7.26219611056941e-03 3.39791360945218e-02 7.21993180908075e-03 -1.08394963244396e-03 -1.66222427558543e-02 -2.34476251659656e-02
 0.00000000000000e+00 0.00000000000000e+00 0.00000000000000e+00 0.00000000000000e+00 1.00000000000000e+00 0.00000000000000e+00 0.00000000000000e+00 6.58338631143568e-01 0.00000000000000e+00 0.00000000000000e+00 0.00000000000000e+00 0.00000000000000e+00 0.00000000000000e+00 0.00000000000000e+00 0.00000000000000e+00 9.20397601808950e-02 1.21374917695573e-01 2.75167509913730e-01 1.61746224419845e-01 0.00000000000000e+00 9.20445155771692e-02 1.21381190539912e-01 2.75161610016404e-01 -8.08761996145537e-02 1.40082997397536e-01 -2.76128726606448e-01 -3.64137189403225e-01 -1.82337581377821e-01 6.31229080947845e-06 0.00000000000000e+00 4.60206638219404e-03 9.38633482669592e-03 6.87525065832250e-02 7.24071395625402e-02 3.66406796992651e-02 -4.49829145761229e-02 -7.79134312727523e-02 1.38333203332847e-01 -5.91319738033646e-02 -1.02420552881858e-01 -4.51460635141870e-02 9.59994395455107e-02 1.06432189234017e-01 -7.81960162762748e-02 -7.34932550229168e-02 7.21147860351724e-03 4.62515590626626e-03 5.00788463531346e-02 -1.59630571658040e-03 -1.52761590296339e-02 7.36311994050174e-02 4.72241188584141e-02 -6.46956567412338e-02 -5.30084687895992e-02 -9.21022216584937e-02 3.78557903215091e-07 8.30400344220643e-07 2.34252343864254e-05 6.18825947074020e-05 3.78361382482683e-03 -2.41692018462558e-05 -1.39332876945749e-05 4.22129001351037e-02 -1.34965661004772e-04 -7.78062811513744e-05 -1.39910377129067e-02 5.15225200737985e-05 0.00000000000000e+00 -8.06569357637260e-03 -5.96269532897670e-05 -1.88383581365949e-02 -7.60259895851753e-03 2.19586897537654e-03 2.78542263566638e-02 1.60278092862282e-02 6.36423072826799e-03 2.56768055515881e-03 1.42666297142807e-02 -1.15724103161704e-02 -1.65053805774494e-03 2.99925836948157e-07 6.85722010398821e-07 8.00370375970557e-05 8.58324478624541e-04 3.06463995093338e-05 -5.39270783078010e-05 -4.66707068047011e-05 3.90774935560513e-03 -2.91808202021022e-03 -2.52542794174831e-03 -1.51076431567465e-04 2.30070871761805e-04 5.61031601925310e-05 -1.30747744602392e-04 -1.63903088148993e-04 2.70016593272108e-03 3.14080047658196e-04 -2.52318626853575e-04 -1.81958027912032e-03 -1.57657985740697e-03 1.21770262357438e-04 8.94912224728885e-06 2.40683049018632e-04 -7.36944887874966e-05 -4.73105872433957e-05 2.66788450879856e-04 3.10375054106744e-05 7.31974954022828e-04 -1.48739865189795e-04 -2.09815047578608e-04
 0.00000000000000e+00 0.00000000000000e+00 0.00000000000000e+00 0.00000000000000e+00 0.00000000000000e+00 1.00000000000000e+00 0.00000000000000e+00 0.00000000000000e+00 6.58338631143568e-01 0.00000000000000e+00 0.00000000000000e+00 0.00000000000000e+00 0.00000000000000e+00 0.00000000000000e+00 0.00000000000000e+00 -2.60337791192728e-01 -3.43313345047025e-01 1.61746221571010e-01 -1.25153813307936e-01 0.00000000000000e+00 1.30167140811705e-01 1.71654360872086e-01 -8.08761998700049e-02 2.17978063878451e-01 1.98102006896967e-01 3.38626475514380e-06 4.46586148142918e-06 6.31273925779435e-06 3.32351180733444e-01 0.00000000000000e+00 6.50813178542902e-03 1.32739293656779e-02 9.72281443549992e-02 1.02396438103878e-01 -4.49829145761229e-02 4.83549081161047e-03 -1.10183303922783e-01 -5.91319737858443e-02 9.65239153360977e-02 -1.44840686687853e-01 -4.21301947056307e-03 -1.03195716484692e-02 1.50513846377980e-01 9.59994393658422e-02 6.47442844912889e-02 1.03558153526839e-02 6.64180902732376e-03 -1.59630566490657e-03 4.88981413013546e-02 -2.19368450551048e-02 3.36802884185907e-02 2.16011957532091e-02 -5.30084680773383e-02 2.69433723266547e-02 -4.21292793308668e-02 3.54501953197331e-04 7.77631230103409e-04 2.19365854985100e-02 5.79498824381666e-02 -2.41692018462562e-05 -1.88496302898231e-02 -1.30478541553067e-02 -1.34964782319237e-04 -8.41751304098644e-02 -7.28615212916717e-02 7.44321895006111e-05 4.01825738773934e-02 -2.35919389865016e-05 5.15225514609254e-05 -2.78554434786483e-02 3.84718121250446e-02 1.55260748641702e-02 2.78542266929826e-02 -4.10489230781470e-02 -3.27320919625478e-02 4.72962588330203e-02 1.90819106412889e-02 -1.15724107135739e-02 -7.01774116056156e-02 -1.22660981217581e-02 1.69077988591423e-06 3.86563889519577e-06 4.51194920849515e-04 4.83865537192485e-03 -5.39270783078010e-05 -2.63792078676829e-04 -2.63098015773397e-04 -2.91808202719478e-03 -1.20247961685226e-02 -1.42366621161467e-02 2.30677807625478e-04 1.12542484067704e-03 3.16271834645879e-04 2.30070871688763e-04 -5.27507333311168e-04 4.94430236200037e-03 5.75115286038469e-04 -1.81958026769862e-03 -2.59046814442058e-03 -2.88689200612926e-03 2.97429770636991e-03 2.18586681412994e-04 -7.36944772695043e-05 -1.55632362007284e-03 -1.15558415817418e-03 4.09117044183375e-03 4.75956594418039e-04 -1.48739872632860e-04 -1.53923435471084e-03 -3.21748960735128e-03
 0.00000000000000e+00 0.00000000000000e+00 0.00000000000000e+00 0.00000000000000e+00 0.00000000000000e+00 0.00000000000000e+00 1.00000000000000e+00 0.00000000000000e+00 0.00000000000000e+00 6.58338631143568e-01 0.00000000000000e+00 0.00000000000000e+00 0.00000000000000e+00 0.00000000000000e+00 0.00000000000000e+00 0.00000000000000e+00 0.00000000000000e+00 0.00000000000000e+00 0.00000000000000e+00 3.32351231576787e-01 -2.25458214058914e-01 -2.97316861094750e-01 1.40082998008692e-01 1.98102007842866e-01 -1.07747164962780e-02 0.00000000000000e+00 0.00000000000000e+00 0.00000000000000e+00 0.00000000000000e+00 3.32351180441521e-01 1.12725216859304e-02 2.29913378214656e-02 1.68405680412433e-01 1.77357512291697e-01 -7.79134312727523e-02 -1.10183303922783e-01 -1.22395639166875e-01 -1.02420552773016e-01 -1.44840686714367e-01 -7.07268706608677e-02 9.59994395550227e-02 1.50807281779962e-01 7.68268032440313e-03 1.06639684563053e-01 -3.39382222625186e-02 9.91019997052643e-02 6.35600894993035e-02 -1.52761579484029e-02 -2.19368449521628e-02 -1.58738460874887e-01 5.85195061342573e-02 3.75320805895513e-02 -9.21022209146032e-02 -4.21292797423333e-02 -2.20091916611296e-02 2.04366837335919e-04 4.48296642796016e-04 1.26462225003593e-02 3.34075286059231e-02 -1.39332876945747e-05 -1.30478541553067e-02 -3.73831796788769e-03 -7.78057321822525e-05 -7.28615208400084e-02 2.09104933807013e-04 5.15224364446522e-05 1.38235428001058e-02 -1.39838870179466e-02 1.47616255762630e-05 -2.41241336450956e-02 2.21373539126359e-02 8.93397519022014e-03 1.60278093504285e-02 -3.27320916547197e-02 -2.99946739382387e-03 6.74572345579509e-03 2.72159566701098e-03 -1.65053814586843e-03 -1.22660982495476e-02 1.40743476720972e-02 1.46327030842569e-06 3.34548255916972e-06 3.90482600041106e-04 4.18757093650395e-03 -4.66707068047011e-05 -2.63098015773397e-04 -1.87483348535527e-04 -2.52542794409137e-03 -1.42366621424876e-02 -7.89560653929335e-03 2.30070870753203e-04 9.24229785057429e-04 -2.34356588266032e-05 1.63948242604668e-04 -6.28086293305231e-04 4.28400310312146e-03 4.98310072097876e-04 -1.57657985908548e-03 -2.88689203551828e-03 -1.75997026786791e-03 1.90944770071535e-03 1.40328869361641e-04 -4.73105798146335e-05 -1.15558415574252e-03 -4.98164882616564e-04 5.77107626353167e-03 6.71392660049214e-04 -2.09815058168905e-04 -3.21748959363728e-03 -3.79697247638134e-03
 0.00000000000000e+00 0.00000000000000e+00 0.00000000000000e+00 0.00000000000000e+00 6.58338631143568e-01 0.00000000000000e+00 0.00000000000000e+00 1.00000000000000e+00 0.00000000000000e+00 0.00000000000000e+00 0.00000000000000e+00 0.00000000000000e+00 0.00000000000000e+00 0.00000000000000e+00 0.00000000000000e+00 1.82001937406437e-01 1.93129376025147e-01 5.62436594120858e-01 1.55801923491033e-01 0.00000000000000e+00 1.82011343126264e-01 1.93139353821168e-01 5.62430910449526e-01 -7.79039341769271e-02 1.34934836150556e-01 -5.46024531864572e-01 -5.79407980413061e-01 1.21745130773841e-01 6.08142356001379e-06 0.00000000000000e+00 1.98685984098567e-02 3.70665410942095e-02 1.71999694237490e-01 1.91357336040308e-01 1.38333203332847e-01 -5.91319737858443e-02 -1.02420552773016e-01 4.44253890541002e-01 -9.59935708562051e-02 -1.66267317222029e-01 -8.09245865735959e-02 7.14922696918396e-02 9.85738323364009e-02 -1.40166823975437e-01 -8.81811594384983e-02 3.06699286797404e-02 2.32910358838848e-02 2.14761888396140e-01 -3.99060943696246e-03 -3.81889167099290e-02 3.13148561891666e-01 2.37807986688071e-01 -7.21633164842429e-02 -1.32516067666523e-01 -2.30246683972527e-01 1.56340432396241e-05 2.98875779637698e-05 2.02849454538415e-04 3.23764609001895e-04 4.22129001351037e-02 -1.34964782319237e-04 -7.78057321822523e-05 2.11056416595167e-01 -4.35361952503492e-04 -2.50981547984721e-04 -6.38768506527103e-02 1.32372476997046e-04 1.71553452486554e-05 -3.68243667916599e-02 -1.83021112666469e-04 -1.13526657738765e-01 -7.08442301111492e-02 5.04915165238961e-02 1.16063881881990e-01 6.67851888853007e-02 3.83604655805902e-02 2.39353265259113e-02 1.00786405079730e-01 -4.82346850938902e-02 -6.87956810635593e-03 2.96138652065181e-04 5.74000510396891e-04 5.12751317689489e-03 1.24724762523433e-02 3.90774935560513e-03 -2.91808202719478e-03 -2.52542794409137e-03 4.12845056924419e-02 -2.13452552903559e-02 -1.84730598018715e-02 -6.02175936483639e-03 4.35249187991881e-03 1.38537333367547e-03 -5.21147771251206e-03 -3.66193022658269e-03 3.13117553331263e-02 1.19767424007364e-02 1.73802392822357e-03 -2.45453208568208e-02 -2.12673542785699e-02 1.68693339572874e-03 5.42909175531801e-04 7.15391855565265e-03 -1.46632314030991e-03 -9.41354109994989e-04 3.09353448828221e-03 1.18334876649672e-03 1.50157201899512e-02 -2.00615405613666e-03 -2.82991613662266e-03
 0.00000000000000e+00 0.00000000000000e+00 0.00000000000000e+00 0.00000000000000e+00 0.00000000000000e+00 6.58338631143568e-01 0.00000000000000e+00 0.00000000000000e+00 1.00000000000000e+00 0.00000000000000e+00 0.00000000000000e+00 0.00000000000000e+00 0.00000000000000e+00 0.00000000000000e+00 0.00000000000000e+00 -5.14799061649585e-01 -5.46273427019693e-01 1.55801921907651e-01 1.76827399000160e-01 0.00000000000000e+00 2.57396053494744e-01 2.73133029992632e-01 -7.79039342351768e-02 5.07348907202546e-01 1.90821599125593e-01 6.69625409190202e-06 7.10530756076762e-06 6.08137969957838e-06 6.17518721097138e-01 0.00000000000000e+00 2.80976948326929e-02 5.24186124962800e-02 2.43237838627707e-01 2.70612951229546e-01 -5.91319738033646e-02 9.65239153360977e-02 -1.44840686714367e-01 -9.59935708562051e-02 3.76381585553970e-01 -2.35131248158734e-01 -3.65870957155610e-02 -8.96181838039414e-02 1.39400746811648e-01 7.14922692956610e-02 9.55196872468214e-02 4.40425817654331e-02 3.34463572281926e-02 -3.99060944018255e-03 2.11810240548080e-01 -5.48399867060694e-02 1.43240012242512e-01 1.08777823570280e-01 -1.32516065724188e-01 1.56925431227531e-01 -1.05319141305974e-01 1.46405572021241e-02 2.79883277088077e-02 1.89959007069296e-01 3.03190679517304e-01 -1.34965661004772e-04 -8.41751304098644e-02 -7.28615208400084e-02 -4.35361952503492e-04 -1.96639627779942e-01 -2.35032968082436e-01 1.61407849637629e-04 8.71364363987431e-02 1.60651746814152e-02 1.32374304591441e-04 -4.36363043463730e-02 2.31844843706358e-01 1.44678525697893e-01 1.16063881827175e-01 -1.29702265507951e-01 -1.36389127423151e-01 2.85078675120365e-01 1.77877170717792e-01 -4.82346838580004e-02 -2.51182764299223e-01 -5.11260280543501e-02 1.66943029167782e-03 3.23582832816250e-03 2.89054662690706e-02 7.03114219167308e-02 -2.91808202021022e-03 -1.20247961685226e-02 -1.42366621424876e-02 -2.13452552903559e-02 -7.52592544010781e-02 -1.04138672270663e-01 3.80277029865167e-03 1.85528560289915e-02 7.80980216356029e-03 4.35249197740071e-03 -6.81572121481700e-03 5.73352856960856e-02 2.19307394405692e-02 -2.45453206408909e-02 -2.98025631344444e-02 -3.89428769165389e-02 4.12041695263284e-02 1.32608225815851e-02 -1.46632314149245e-03 -2.86017072558989e-02 -2.29930335910593e-02 4.74389919299818e-02 1.81465165728222e-02 -2.00615406973640e-03 -1.56175993330491e-02 -4.33964352219293e-02
 0.00000000000000e+00 0.00000000000000e+00 0.00000000000000e+00 0.00000000000000e+00 0.00000000000000e+00 0.00000000000000e+00 6.58338631143568e-01 0.00000000000000e+00 0.00000000000000e+00 1.00000000000000e+00 0.00000000000000e+00 0.00000000000000e+00 0.00000000000000e+00 0.00000000000000e+00 0.00000000000000e+00 0.00000000000000e+00 0.00000000000000e+00 0.00000000000000e+00 0.00000000000000e+00 6.17518774290315e-01 -4.45827225868525e-01 -4.73084717600858e-01 1.34934836646387e-01 1.90821598815392e-01 2.87002977325286e-01 0.00000000000000e+00 0.00000000000000e+00 0.00000000000000e+00 0.00000000000000e+00 6.17518722650837e-01 4.86670959212770e-02 9.07925598731337e-02 4.21304283581197e-01 4.68719818886073e-01 -1.02420552881858e-01 -1.44840686687853e-01 -7.07268706608677e-02 -1.66267317222029e-01 -2.35131248158734e-01 1.04870268019744e-01 7.14922690911156e-02 6.50049038394780e-02 -8.88867126777817e-02 4.59666293948780e-02 -2.52743177911221e-02 4.21474092318596e-01 3.20071451635416e-01 -3.81889164117912e-02 -5.48399860687943e-02 -3.07261138009872e-01 2.48879542623823e-01 1.89001484347863e-01 -2.30246683700450e-01 -1.05319142831326e-01 3.45487361178742e-02 8.44013507741106e-03 1.61349915481880e-02 1.09509471250855e-01 1.74786400147775e-01 -7.78062811513743e-05 -7.28615212916717e-02 2.09104933807013e-04 -2.50981547984722e-04 -2.35032968082436e-01 7.55627211597703e-02 1.32373380312254e-04 7.58515111097260e-03 -5.45205070859885e-02 8.10011962411926e-06 -6.19804025080927e-02 1.33407580857014e-01 8.32505558906038e-02 6.67851888141927e-02 -1.36389127221631e-01 2.88434236878704e-02 4.06599163854898e-02 2.53700870145826e-02 -6.87956799775663e-03 -5.11260279162518e-02 9.99849586466239e-02 1.44479349172055e-03 2.80041864080207e-03 2.50159768555948e-02 6.08503902955458e-02 -2.52542794174832e-03 -1.42366621161467e-02 -7.89560653929334e-03 -1.84730598018715e-02 -1.04138672270663e-01 -4.50549607632961e-02 4.35249190577083e-03 1.43209357176637e-02 -3.60491042026974e-03 2.54037720352299e-03 -1.18821671524195e-02 4.96783009298679e-02 1.90019436949582e-02 -2.12673540982571e-02 -3.89428769629668e-02 -1.85995195755122e-02 2.64523645632980e-02 8.51321886920006e-03 -9.41354098379436e-04 -2.29930335927316e-02 -7.54717894887140e-03 6.69182683039872e-02 2.55977923383576e-02 -2.82991609930405e-03 -4.33964350978202e-02 -4.60692243508898e-02
 0.00000000000000e+00 0.00000000000000e+00 0.00000000000000e+00 0.00000000000000e+00 0.00000000000000e+00 0.00000000000000e+00 0.00000000000000e+00 0.00000000000000e+00 0.00000000000000e+00 0.00000000000000e+00 1.00000000000000e+00 0.00000000000000e+00 0.00000000000000e+00 0.00000000000000e+00 0.00000000000000e+00 -1.05188252002345e-01 -1.84730352024955e-01 -3.07346508892240e-01 -6.66698368605793e-02 0.00000000000000e+00 5.25961322281080e-02 9.23687008436454e-02 1.53667524078709e-01 8.36162211946902e-02 8.67673714625518e-02 -4.10361556347376e-06 -7.20817370068559e-06 -3.37386710013173e-06 -4.01125750624386e-01 0.00000000000000e+00 1.07590405925093e-02 2.03928807359203e-02 7.16621797113391e-02 4.64869145760217e-02 4.51460635141870e-02 4.21301947056307e-03 -9.59994395550227e-02 8.09245865735959e-02 3.65870957155610e-02 -7.14922690911156e-02 1.71276112052540e-02 -7.70668750966751e-03 1.48768117162474e-01 -8.25836744818449e-02 -1.46329021302731e-02 1.32744534368830e-03 1.30630986896114e-03 1.07612543799346e-02 7.30302355673577e-03 -3.54477714201662e-03 4.40804418680386e-02 4.33785893810244e-02 -5.16198349151668e-02 3.83431855890354e-02 -6.95082901946662e-02 2.70814790094410e-06 5.64435407218169e-06 7.34602814880653e-05 1.12761231976498e-04 1.39910377129067e-02 -7.44321895006108e-05 -5.15224364446526e-05 6.38768506527103e-02 -1.61407849637626e-04 -1.32373380312248e-04 -3.62536816684236e-02 1.36003079695723e-04 2.72603090526803e-05 -2.55645440658960e-02 -1.41635127288698e-04 -2.86328573806712e-02 -1.89968800258732e-02 2.29191694174724e-03 4.27229591597858e-02 3.31865678936974e-02 1.18975803277066e-02 7.89166480294825e-03 3.35631946015634e-02 -2.44228814034368e-02 -4.20362123599172e-03 2.89318030102170e-06 6.38671394799338e-06 3.26473569405532e-04 1.77208569714495e-03 1.51076431567465e-04 -2.30677807625478e-04 -2.30070870753203e-04 6.02175936483639e-03 -3.80277029865166e-03 -4.35249190577083e-03 -5.47183358600820e-04 8.43555706242798e-04 3.22845387164546e-04 -5.52464869363467e-04 -5.43975202203982e-04 3.79324325636456e-03 8.17261467570439e-04 -6.57497005679498e-04 -3.18304533420995e-03 -3.48673663204325e-03 2.06818718469214e-04 2.89274031890231e-05 6.28035867987816e-04 -1.78223625942407e-04 -1.31143169039804e-04 3.10043657920938e-04 6.68095263009624e-05 1.25682734280956e-03 -1.89003867036983e-04 -3.83856870031799e-04
 0.00000000000000e+00 0.00000000000000e+00 0.00000000000000e+00 0.00000000000000e+00 0.00000000000000e+00 0.00000000000000e+00 0.00000000000000e+00 0.00000000000000e+00 0.00000000000000e+00 0.00000000000000e+00 0.00000000000000e+00 1.00000000000000e+00 0.00000000000000e+00 0.00000000000000e+00 0.00000000000000e+00 0.00000000000000e+00 0.00000000000000e+00 0.00000000000000e+00 0.00000000000000e+00 -3.78186631155666e-01 -1.28831470413387e-01 -2.26252292679325e-01 8.67673749228460e-02 -2.04813549787848e-01 -2.34413642285556e-02 0.00000000000000e+00 0.00000000000000e+00 0.00000000000000e+00 0.00000000000000e+00 4.91994787837616e-06 2.63537090368290e-02 4.99512982496478e-02 1.75532774176310e-01 1.13867273802394e-01 -9.59994395455107e-02 1.03195716484692e-02 -1.50807281779962e-01 -7.14922696918396e-02 8.96181838039414e-02 -6.50049038394780e-02 -7.70668750966751e-03 1.39677732992523e-03 9.71852602651547e-02 1.12623347733112e-01 1.18433825093235e-01 1.82420993650016e-02 1.79516503690740e-02 -3.54477763901299e-03 1.00360039187672e-01 -3.76940475766357e-02 3.50335965284115e-02 3.44757886229635e-02 -6.95082906324144e-02 3.04738247948091e-02 -1.94049421346071e-02 1.46201046057754e-03 3.04713864768260e-03 3.96578894801822e-02 6.08745326471792e-02 -5.15225200737969e-05 -4.01825738773934e-02 -1.38235428001058e-02 -1.32372476997044e-04 -8.71364363987431e-02 -7.58515111097260e-03 1.36003079695725e-04 3.71680093503350e-02 -2.95627020516206e-02 4.67876126959477e-05 -5.08977052235660e-02 3.36470775006190e-02 2.23236363497635e-02 3.31865678992680e-02 -5.02046544734561e-02 -8.46534740087076e-03 1.26107600762131e-02 8.36471670721476e-03 -4.20362135017150e-03 -2.58868678416227e-02 3.30734872328228e-02 1.41151721794915e-05 3.11593324802008e-05 1.59279068616959e-03 8.64560527218869e-03 -2.30070871761805e-04 -1.12542484067704e-03 -9.24229785057429e-04 -4.35249187991881e-03 -1.85528560289915e-02 -1.43209357176637e-02 8.43555706242798e-04 3.39543089055537e-03 3.19503175359575e-04 6.92751113390028e-04 -1.92901878464265e-03 6.01824713818015e-03 1.29664275690234e-03 -3.48673660195664e-03 -5.05012514883993e-03 -3.99179316408745e-03 3.24307032322899e-03 4.53603124812764e-04 -1.31143156185634e-04 -2.79467861156788e-03 -1.42002286810757e-03 6.70675752165111e-03 1.44520063808115e-03 -3.83856852182209e-04 -4.08846635998080e-03 -7.02888656043477e-03
 0.00000000000000e+00 0.00000000000000e+00 0.00000000000000e+00 0.00000000000000e+00 0.00000000000000e+00 0.00000000000000e+00 0.00000000000000e+00 0.00000000000000e+00 0.00000000000000e+00 0.00000000000000e+00 0.00000000000000e+00 0.00000000000000e+00 1.00000000000000e+00 0.00000000000000e+00 0.00000000000000e+00 -9.66244744962816e-02 -1.69690751935724e-01 -1.21212902681503e-02 3.42855033571686e-02 0.00000000000000e+00 9.66245415927215e-02 1.69690867623111e-01 -1.42274197790529e-01 -2.01200749402870e-01 -2.18784429912877e-01 -9.66244771096842e-02 -1.69690745962432e-01 3.63650808691000e-02 -4.45078578491246e-07 0.00000000000000e+00 1.97654770640419e-02 3.74638437503898e-02 1.31650880297596e-01 8.54012988931221e-02 -1.06432189234017e-01 -1.50513846377980e-01 -7.68268032440313e-03 -9.85738323364009e-02 -1.39400746811648e-01 8.88867126777817e-02 1.48768117162474e-01 9.71852602651547e-02 -1.51786964884621e-01 6.87221832138574e-02 -5.25932805081129e-02 9.99716758820375e-02 9.83799352918032e-02 -2.38566091665084e-02 -3.42585298344534e-02 -1.45198243187831e-01 1.50420590666234e-03 1.48025585691193e-03 -4.82186268609757e-02 -2.20561020611170e-02 6.95292360641602e-02 -2.45486198809363e-04 -5.11645090943011e-04 -6.65895681792368e-03 -1.02214434549907e-02 0.00000000000000e+00 2.35919389865016e-05 1.39838870179466e-02 -1.71553452486568e-05 -1.60651746814152e-02 5.45205070859885e-02 2.72603090526804e-05 -2.95627020516206e-02 -2.38551573428081e-02 -3.15690502878360e-05 -1.27640310841570e-02 -9.74928583054424e-03 -6.46830347614646e-03 -9.83926359417298e-04 2.00938014174211e-03 3.15869110251425e-02 -2.49477219181870e-02 -1.65478229178817e-02 5.40038608795131e-03 4.01333729246819e-02 1.49951836750661e-02 2.19643614947361e-06 4.84864677163575e-06 2.47851240267939e-04 1.34532682584636e-03 -5.61031601925310e-05 -3.16271834645879e-04 2.34356588266032e-05 -1.38537333367547e-03 -7.80980216356029e-03 3.60491042026974e-03 3.22845387164546e-04 3.19503175359575e-04 -8.92106155786333e-04 5.66763662488069e-05 -8.81357826081701e-04 4.07508058385504e-04 8.77983751156923e-05 -7.21707444536818e-04 -1.32152614926215e-03 1.16633908622562e-03 -2.58688883445265e-04 -3.61824081016472e-05 -4.58184890754042e-06 -1.11913842266104e-04 6.35795242495619e-04 4.08378201215251e-03 8.79990727629006e-04 -2.81719562776044e-04 -4.32013682055766e-03 -2.97994701353229e-03
 0.00000000000000e+00 0.00000000000000e+00 0.00000000000000e+00 0.00000000000000e+00 0.00000000000000e+00 0.00000000000000e+00 0.00000000000000e+00 0.00000000000000e+00 0.00000000000000e+00 0.00000000000000e+00 0.00000000000000e+00 0.00000000000000e+00 0.00000000000000e+00 1.00000000000000e+00 0.00000000000000e+00 0.00000000000000e+00 0.00000000000000e+00 0.00000000000000e+00 0.00000000000000e+00 1.33704011419606e-01 -9.11000289435389e-02 -1.59988784940456e-01 -2.66162454125034e-01 8.67673755003831e-02 -1.65759887932253e-02 0.00000000000000e+00 0.00000000000000e+00 0.00000000000000e+00 0.00000000000000e+00 -4.01125750951248e-01 1.86353814385498e-02 3.53218400277953e-02 1.24123711996856e-01 8.05184603896158e-02 7.81960162762747e-02 -9.59994393658422e-02 -1.06639684563053e-01 1.40166823975437e-01 -7.14922692956610e-02 -4.59666293948780e-02 -8.25836744818449e-02 1.12623347733112e-01 6.87221832138574e-02 -7.82336091274420e-02 -1.34437925242788e-01 1.27032490548524e-02 1.25009885804071e-02 1.02981928247069e-01 -3.54477760411672e-03 -2.62490002819111e-02 7.65897746816047e-02 7.53703054799153e-02 -8.96894708052262e-02 -6.95082909166375e-02 -4.24227112917073e-02 1.56122019426492e-06 3.25391342960404e-06 4.23492132548701e-05 6.50057633437862e-05 8.06569357637260e-03 -5.15225514609256e-05 -1.47616255762629e-05 3.68243667916599e-02 -1.32374304591440e-04 -8.10011962411936e-06 -2.55645440658960e-02 4.67876126959471e-05 -3.15690502878362e-05 -6.64622249660130e-03 -1.08950845496950e-04 -1.64758474673583e-02 -1.09311373241102e-02 1.31880917065138e-03 3.31865681668390e-02 4.14519719270544e-03 1.69691634406299e-03 1.12556456912568e-03 4.78701775899072e-03 -4.20362188784432e-03 4.45040067669716e-03 2.50387697591648e-06 5.52732437554693e-06 2.82543625455126e-04 1.53363573794093e-03 1.30747744602392e-04 -2.30070871688763e-04 -1.63948242604668e-04 5.21147771251206e-03 -4.35249197740071e-03 -2.54037720352299e-03 -5.52464869363467e-04 6.92751113390028e-04 5.66763662488069e-05 -3.86946906968531e-04 -5.99370121098642e-04 3.28666507162081e-03 7.08118230559952e-04 -5.69689915374402e-04 -3.48673663627999e-03 -2.17998480437213e-03 1.32774030397470e-04 1.85708919720447e-05 4.03188174499812e-04 -1.31143177384726e-04 -5.81369314840616e-05 4.37352969069795e-04 9.42426746937773e-05 1.77290253982779e-03 -3.83856834738761e-04 -4.58359259776660e-04
 0.00000000000000e+00 0.00000000000000e+00 0.00000000000000e+00 0.00000000000000e+00 0.00000000000000e+00 0.00000000000000e+00 0.00000000000000e+00 0.00000000000000e+00 0.00000000000000e+00 0.00000000000000e+00 0.00000000000000e+00 0.00000000000000e+00 0.00000000000000e+00 0.00000000000000e+00 1.00000000000000e+00 -1.30170273704959e-01 -2.28603478977838e-01 2.21368534520721e-01 1.30224354734637e-01 0.00000000000000e+00 -1.85940582588026e-02 -3.26546625572533e-02 1.46233929910559e-01 -1.71381030907957e-01 -3.06744520874628e-02 1.67358503106446e-01 2.93912992822442e-01 -6.29861682338216e-02 -9.06741602743805e-06 0.00000000000000e+00 -3.80359210812802e-03 -7.20939750674236e-03 -2.53343873059395e-02 -1.64342955105423e-02 7.34932550229168e-02 -6.47442844912889e-02 3.39382222625186e-02 8.81811594384983e-02 -9.55196872468214e-02 2.52743177911221e-02 -1.46329021302731e-02 1.18433825093235e-01 -5.25932805081129e-02 -1.34437925242788e-01 -1.90906855558061e-02 -4.90922059218584e-04 -4.83105258629369e-04 7.76883614107664e-03 -1.08822127967209e-02 1.31094479556594e-03 3.81022984253984e-02 3.74956299066388e-02 2.75121516181890e-03 -7.04171833808835e-02 -6.00816484728807e-02 -1.26802611209591e-03 -2.64283428121261e-03 -3.43959507124333e-02 -5.27975006747632e-02 5.96269532897659e-05 2.78554434786483e-02 2.41241336450956e-02 1.83021112666471e-04 4.36363043463730e-02 6.19804025080927e-02 -1.41635127288699e-04 -5.08977052235660e-02 -1.27640310841570e-02 -1.08950845496949e-04 3.00631543308913e-02 -2.22268238550147e-02 -1.47467051953231e-02 -3.68735523658685e-02 1.42376127063478e-02 2.57617323922130e-02 -4.34084054453050e-02 -2.87927940065872e-02 1.95195398001160e-02 7.00027465811493e-02 1.53369427618172e-02 -7.89829181770941e-06 -1.74355294931094e-05 -8.91262648557841e-04 -4.83773870739881e-03 1.63903088148993e-04 5.27507333311168e-04 6.28086293305231e-04 3.66193022658268e-03 6.81572121481700e-03 1.18821671524195e-02 -5.43975202203982e-04 -1.92901878464265e-03 -8.81357826081701e-04 -5.99370121098642e-04 7.38591360211497e-04 -2.43714728324012e-03 -5.25087991925889e-04 2.25309444370245e-03 1.04534587836358e-03 2.24021764572712e-03 -2.52159013035525e-03 -3.52690826128436e-04 1.28022685284933e-04 1.85421835284798e-03 1.59893343235806e-03 -2.36713278453362e-03 -5.10079832377171e-04 2.18597171376533e-04 8.03017376671145e-04 2.93068442609656e-03
 5.32229425060442e-02 1.00274918468855e-01 5.33687003470487e-01 7.20096680286451e-01 9.20397601808950e-02 -2.60337791192728e-01 0.00000000000000e+00 1.82001937406437e-01 -5.14799061649585e-01 0.00000000000000e+00 -1.05188252002345e-01 0.00000000000000e+00 -9.66244744962816e-02 0.00000000000000e+00 -1.30170273704959e-01 1.00000000000000e+00 9.04138336591563e-01 0.00000000000000e+00 0.00000000000000e+00 0.00000000000000e+00 4.56046154239383e-01 2.80152338650693e-01 -4.19223447246089e-06 -3.44390853681278e-01 1.98834224600053e-01 4.56046036282339e-01 2.80152236434319e-01 3.24691980537238e-01 -2.29597831106259e-01 0.00000000000000e+00 1.14623998218801e-02 2.20139349174520e-02 1.65452960348876e-01 3.13405541800602e-01 -7.28656771440936e-03 -8.06731057395289e-02 -5.84740268495897e-02 -3.09892783921197e-02 -3.43097244348665e-01 -2.48686068978247e-01 1.04486422043153e-02 8.38493781559420e-02 1.42225921432431e-03 7.57345542266823e-03 -5.73691064516701e-02 2.51870713817131e-01 1.23948222215606e-01 1.89712117560469e-02 -1.15898660480074e-01 -2.00557738917544e-01 2.52178767543101e-01 1.24152297949409e-01 -1.15651510028254e-01 -1.63392207904464e-01 -1.18639949448727e-01 1.79063537075657e-03 3.46298558224174e-03 3.06107132728145e-02 7.93864279593692e-02 1.92902129937153e-03 -1.73533411353842e-02 -6.83786800495651e-03 1.66322166905880e-02 -1.49622257054497e-01 -5.89567870197354e-02 -3.53530737611198e-03 1.25317251760044e-02 -6.44335249247116e-03 -1.39304383236758e-03 -1.57051939040757e-02 7.65251080184583e-02 2.61128143306826e-02 2.48982696145415e-02 -5.57498473739353e-02 -2.19320935371972e-02 7.65771986818897e-02 2.61354919709633e-02 -7.43320731540591e-05 -6.45799103900104e-02 -6.69328888589253e-03 3.15888258789622e-04 6.12721515990224e-04 5.79724213803188e-03 1.82471353898920e-02 -1.20504098507739e-04 -2.97385374782654e-03 -1.91022367445759e-03 -1.66939284751484e-03 -4.11980130360596e-02 -2.64631102410971e-02 2.04637546096734e-04 3.24390187618672e-03 -2.57225665469692e-04 1.31446777831397e-04 -2.52092200344774e-03 2.38104043943071e-02 6.04757811435612e-03 -4.43556614440572e-03 -1.41219936830591e-02 -9.08028070804033e-03 1.06474364151505e-02 2.26295765341097e-03 2.46336986550571e-04 -6.17385148862582e-03 -3.15126495270289e-03 2.37950176143662e-02 6.04276056229613e-03 7.21710604142149e-04 -1.23006682716169e-02 -1.22182539274009e-02
