Pao:
 3.90005332521967e-02 -8.95542858306276e-02 -9.01492068886413e-03 0. 3.33375736292439e-04 -4.25413518264417e-03 4.06580240181395e-03 2.59415650617675e-03 -1.19246634695943e-02 6.09199357838841e-02 -1.46261672474708e-02 0. -2.47737696693144e-04 3.50742097069924e-02 0. 4.40310188948667e-05 6.29217963477927e-02 0. 6.78404421248680e-05 4.16448000008463e-03 0. 2.72527875128470e-09 -2.13347279338075e-02 1.78330916347787e-01 3.06535701432609e-02 0. 1.81196838590527e-05 -1.31034098849879e-02
 -8.95542858306276e-02 8.36238045707174e-01 1.45912924451295e-01 0. 1.91066408494503e-03 6.17593082616512e-02 -1.74686682658945e-02 -1.52036086268036e-01 -5.42537090225331e-02 3.24264155716113e-01 -7.46130012836579e-02 0. -1.20769023160602e-03 -1.55696287338075e-01 0. 1.33768799803701e-04 -2.79314002196415e-01 0. 4.20157451802642e-04 2.25468297328113e-02 0. 3.96296436506455e-08 1.78274333492092e-01 -3.52916028928728e-01 -3.01781402995292e-02 0. 9.70127773468791e-05 1.52918877748414e-02
 -9.01492068886413e-03 1.45912924451295e-01 2.69480106266694e-02 0. 4.53982879023029e-04 1.13122268967022e-02 -2.16314589044205e-03 -2.79369994125795e-02 -1.35364275852298e-02 7.80342906657824e-02 -1.81238675614054e-02 0. -2.95223085945509e-04 -2.30533698778502e-02 0. 3.63921537084186e-05 -4.13570243217773e-02 0. 9.86365712898612e-05 5.40611831090877e-03 0. 8.47688129716382e-09 3.06413242806139e-02 -3.01605613001977e-02 8.74836070456541e-04 0. 2.33161447565014e-05 9.64634247233205e-05
 0. 0. 0. 0. 0. 0. 0. 0. 0. 0. 0. 0. 0. 0. 0. 0. 0. 0. 0. 0. 0. 0. 0. 0. 0. 0. 0. 0.
 3.33375736292439e-04 1.91066408494503e-03 4.53982879023029e-04 0. 1.42676433772793e-05 1.83288553590682e-04 -6.94908505465513e-05 -8.94916949782002e-04 -4.33563427502536e-04 2.49876371168275e-03 -5.80497614892653e-04 0. -9.70456608231192e-06 -1.51137310676120e-05 0. 1.38507340943225e-06 -2.71169300447354e-05 0. 3.03125658503222e-06 1.73102525863889e-04 0. 2.18861191782192e-10 3.59362569714361e-04 1.79524146838610e-03 4.36887185148779e-04 0. 7.46725260392553e-07 -1.75808518802189e-04
 -4.25413518264417e-03 6.17593082616512e-02 1.13122268967022e-02 0. 1.83288553590682e-04 4.76659222223959e-03 2.15096388462955e-05 -7.48783961838642e-03 -5.67111351493025e-03 3.14883665810468e-02 -7.38544247424244e-03 0. -1.18674397036927e-04 -1.00879864300096e-02 0. 1.43674918541258e-05 -1.80975270308273e-02 0. 3.99669682226200e-05 2.17291028232729e-03 0. 3.47254540495384e-09 1.30991619972898e-02 -1.52891748268501e-02 -9.72009826002745e-05 0. 9.39431330185746e-06 2.25766836276314e-04
 4.06580240181395e-03 -1.74686682658945e-02 -2.16314589044205e-03 0. -6.94908505465513e-05 2.15096388462955e-05 8.06487964745776e-02 3.43577419633237e-01 -1.72146362139791e-02 -9.10027980677356e-03 -4.38360324752419e-03 0. 5.16484339610516e-05 -5.35040320725492e-06 0. -1.21426039597576e-05 -9.46402755048242e-06 0. -8.60339263223458e-06 -1.40134166680600e-03 0. -1.25672098964480e-09 4.07514469206516e-03 -1.75094785138919e-02 -2.16912910935995e-03 0. -3.98623569803692e-06 -1.88638969574776e-05
 2.59415650617675e-03 -1.52036086268036e-01 -2.79369994125795e-02 0. -8.94916949782002e-04 -7.48783961838642e-03 3.43577419633237e-01 1.48894979485674e+00 -5.44295328280736e-02 -1.43803692140098e-01 5.96242208269079e-03 0. 6.27578381885265e-04 8.35307534712973e-06 0. -1.09877133230068e-04 1.56978601531431e-05 0. -1.64051926119561e-04 -1.32182577103942e-02 0. -1.44928306146227e-08 2.58087606977445e-03 -1.51972520183488e-01 -2.79271707152898e-02 0. -4.83245279516731e-05 7.48367444084218e-03
 -1.19246634695943e-02 -5.42537090225331e-02 -1.35364275852298e-02 0. -4.33563427502536e-04 -5.67111351493025e-03 -1.72146362139791e-02 -5.44295328280736e-02 1.78317235575011e-02 -7.67028655648826e-02 1.93829751692487e-02 0. 2.94140325825309e-04 -1.04426127013002e-05 0. -4.09569843061856e-05 -1.86574138086122e-05 0. -9.35487079831965e-05 -5.12807797864385e-03 0. -6.57206462558398e-09 -1.19063561746278e-02 -5.43338246378640e-02 -1.35481839590431e-02 0. -2.26169483826834e-05 5.67626490159224e-03
 6.09199357838841e-02 3.24264155716113e-01 7.80342906657824e-02 0. 2.49876371168275e-03 3.14883665810468e-02 -9.10027980677356e-03 -1.43803692140098e-01 -7.67028655648826e-02 4.37912546475005e-01 -1.01982570315287e-01 0. -1.70104281846162e-03 1.45205199749730e-05 0. 2.43274664336738e-04 2.54511316782852e-05 0. 5.30857141771395e-04 3.03069529230275e-02 0. 3.81443612960376e-08 6.08928676757557e-02 3.24376979384367e-01 7.80503243116078e-02 0. 1.30816754764859e-04 -3.14954583641839e-02
 -1.46261672474708e-02 -7.46130012836579e-02 -1.81238675614054e-02 0. -5.80497614892653e-04 -7.38544247424244e-03 -4.38360324752419e-03 5.96242208269079e-03 1.93829751692487e-02 -1.01982570315287e-01 2.42756291901653e-02 0. 3.94830577497215e-04 -1.22721422811745e-05 0. -5.60846674303224e-05 -2.18863388724209e-05 0. -1.23822455181057e-04 -6.99562995101352e-03 0. -8.84500831529311e-09 -1.46045776037070e-02 -7.47071867000317e-02 -1.81376614942011e-02 0. -3.03625941204072e-05 7.39149380794843e-03
 0. 0. 0. 0. 0. 0. 0. 0. 0. 0. 0. 0. 0. 0. 0. 0. 0. 0. 0. 0. 0. 0. 0. 0. 0. 0. 0. 0.
 -2.47737696693144e-04 -1.20769023160602e-03 -2.95223085945509e-04 0. -9.70456608231192e-06 -1.18674397036927e-04 5.16484339610516e-05 6.27578381885265e-04 2.94140325825309e-04 -1.70104281846162e-03 3.94830577497215e-04 0. 6.61580739665557e-06 -1.42134797916562e-05 0. -9.50721942163631e-07 -2.54961236259211e-05 0. -2.05909764454908e-06 -1.17881467635413e-04 0. -1.47233895686282e-10 -2.23279401724529e-04 -1.31625541631839e-03 -3.11296850655191e-04 0. -5.08408085733137e-07 1.25708011667958e-04
 3.50742097069924e-02 -1.55696287338075e-01 -2.30533698778502e-02 0. -1.51137310676120e-05 -1.00879864300096e-02 -5.35040320725492e-06 8.35307534712973e-06 -1.04426127013002e-05 1.45205199749730e-05 -1.22721422811745e-05 0. -1.42134797916562e-05 4.07684836746269e-02 0. 1.23970191104280e-05 7.31371942683165e-02 0. -7.15498951107076e-06 4.41340601549886e-07 0. -2.96330453976623e-09 -3.50561093652701e-02 1.55679576473335e-01 2.30553315728024e-02 0. 1.04605258530297e-08 -1.00875594243191e-02
 0. 0. 0. 0. 0. 0. 0. 0. 0. 0. 0. 0. 0. 0. 0. 0. 0. 0. 0. 0. 0. 0. 0. 0. 0. 0. 0. 0.
 4.40310188948667e-05 1.33768799803701e-04 3.63921537084186e-05 0. 1.38507340943225e-06 1.43674918541258e-05 -1.21426039597576e-05 -1.09877133230068e-04 -4.09569843061856e-05 2.43274664336738e-04 -5.60846674303224e-05 0. -9.50721942163631e-07 1.23970191104280e-05 0. 1.39535793540349e-07 2.22394636346649e-05 0. 2.92514990427685e-07 1.69042707724100e-05 0. 0. 2.27043837713031e-05 2.28454089790849e-04 5.04128230724157e-05 0. 7.27864637461443e-08 -2.05024881153269e-05
 6.29217963477927e-02 -2.79314002196415e-01 -4.13570243217773e-02 0. -2.71169300447354e-05 -1.80975270308273e-02 -9.46402755048242e-06 1.56978601531431e-05 -1.86574138086122e-05 2.54511316782852e-05 -2.18863388724209e-05 0. -2.54961236259211e-05 7.31371942683165e-02 0. 2.22394636346649e-05 1.31205497564566e-01 0. -1.28365154319473e-05 7.49182301007810e-07 0. -5.31611463495230e-09 -6.28894751947165e-02 2.79283104914345e-01 4.13603286804965e-02 0. 1.85851986352227e-08 -1.80966770116688e-02
 0. 0. 0. 0. 0. 0. 0. 0. 0. 0. 0. 0. 0. 0. 0. 0. 0. 0. 0. 0. 0. 0. 0. 0. 0. 0. 0. 0.
 6.78404421248680e-05 4.20157451802642e-04 9.86365712898612e-05 0. 3.03125658503222e-06 3.99669682226200e-05 -8.60339263223458e-06 -1.64051926119561e-04 -9.35487079831965e-05 5.30857141771395e-04 -1.23822455181057e-04 0. -2.05909764454908e-06 -7.15498951107076e-06 0. 2.92514990427685e-07 -1.28365154319473e-05 0. 6.44863875889645e-07 3.67162634411731e-05 0. 0. 8.01459901592136e-05 3.65512397804845e-04 9.05438881219113e-05 0. 1.58542586362721e-07 -3.64259861050430e-05
 4.16448000008463e-03 2.25468297328113e-02 5.40611831090877e-03 0. 1.73102525863889e-04 2.17291028232729e-03 -1.40134166680600e-03 -1.32182577103942e-02 -5.12807797864385e-03 3.03069529230275e-02 -6.99562995101352e-03 0. -1.17881467635413e-04 4.41340601549886e-07 0. 1.69042707724100e-05 7.49182301007810e-07 0. 3.67162634411731e-05 2.10487503468423e-03 0. 2.64438058576840e-09 4.16357526170788e-03 2.25503325773817e-02 5.40658997244243e-03 0. 9.06569271201183e-06 -2.17312217668234e-03
 0. 0. 0. 0. 0. 0. 0. 0. 0. 0. 0. 0. 0. 0. 0. 0. 0. 0. 0. 0. 0. 0. 0. 0. 0. 0. 0. 0.
 2.72527875128470e-09 3.96296436506455e-08 8.47688129716382e-09 0. 2.18861191782192e-10 3.47254540495384e-09 -1.25672098964480e-09 -1.44928306146227e-08 -6.57206462558398e-09 3.81443612960376e-08 -8.84500831529311e-09 0. -1.47233895686282e-10 -2.96330453976623e-09 0. 0. -5.31611463495230e-09 0. 0. 2.64438058576840e-09 0. 0. 7.82259978200899e-09 1.69970944754441e-08 5.12538260993755e-09 0. 0. -2.00605424331212e-09
 -2.13347279338075e-02 1.78274333492092e-01 3.06413242806139e-02 0. 3.59362569714361e-04 1.30991619972898e-02 4.07514469206516e-03 2.58087606977445e-03 -1.19063561746278e-02 6.08928676757557e-02 -1.46045776037070e-02 0. -2.23279401724529e-04 -3.50561093652701e-02 0. 2.27043837713031e-05 -6.28894751947165e-02 0. 8.01459901592136e-05 4.16357526170788e-03 0. 7.82259978200899e-09 3.89688281793824e-02 -8.94720775909734e-02 -9.00679549438843e-03 0. 1.81010637941831e-05 4.24945172909320e-03
 1.78330916347787e-01 -3.52916028928728e-01 -3.01605613001977e-02 0. 1.79524146838610e-03 -1.52891748268501e-02 -1.75094785138919e-02 -1.51972520183488e-01 -5.43338246378640e-02 3.24376979384367e-01 -7.47071867000317e-02 0. -1.31625541631839e-03 1.55679576473335e-01 0. 2.28454089790849e-04 2.79283104914345e-01 0. 3.65512397804845e-04 2.25503325773817e-02 0. 1.69970944754441e-08 -8.94720775909734e-02 8.36113233800740e-01 1.45911011586840e-01 0. 9.70932436278107e-05 -6.17536118410307e-02
 3.06535701432609e-02 -3.01781402995292e-02 8.74836070456541e-04 0. 4.36887185148779e-04 -9.72009826002745e-05 -2.16912910935995e-03 -2.79271707152898e-02 -1.35481839590431e-02 7.80503243116078e-02 -1.81376614942011e-02 0. -3.11296850655191e-04 2.30553315728024e-02 0. 5.04128230724157e-05 4.13603286804965e-02 0. 9.05438881219113e-05 5.40658997244243e-03 0. 5.12538260993755e-09 -9.00679549438843e-03 1.45911011586840e-01 2.69500898553370e-02 0. 2.33278583748057e-05 -1.13124265865554e-02
 0. 0. 0. 0. 0. 0. 0. 0. 0. 0. 0. 0. 0. 0. 0. 0. 0. 0. 0. 0. 0. 0. 0. 0. 0. 0. 0. 0.
 1.81196838590527e-05 9.70127773468791e-05 2.33161447565014e-05 0. 7.46725260392553e-07 9.39431330185746e-06 -3.98623569803692e-06 -4.83245279516731e-05 -2.26169483826834e-05 1.30816754764859e-04 -3.03625941204072e-05 0. -5.08408085733137e-07 1.04605258530297e-08 0. 7.27864637461443e-08 1.85851986352227e-08 0. 1.58542586362721e-07 9.06569271201183e-06 0. 0. 1.81010637941831e-05 9.70932436278107e-05 2.33278583748057e-05 0. 3.90986074407631e-08 -9.39946189109250e-06
 -1.31034098849879e-02 1.52918877748414e-02 9.64634247233205e-05 0. -1.75808518802189e-04 2.25766836276314e-04 -1.88638969574776e-05 7.48367444084218e-03 5.67626490159224e-03 -3.14954583641839e-02 7.39149380794843e-03 0. 1.25708011667958e-04 -1.00875594243191e-02 0. -2.05024881153269e-05 -1.80966770116688e-02 0. -3.64259861050430e-05 -2.17312217668234e-03 0. -2.00605424331212e-09 4.24945172909320e-03 -6.17536118410307e-02 -1.13124265865554e-02 0. -9.39946189109250e-06 4.76636736646399e-03
