S:
 1.00000000000000e+00 9.69544475373831e-01 7.78523420263646e-01 0.00000000000000e+00 0.00000000000000e+00 0.00000000000000e+00 7.28107228115177e-02 1.59653542079435e-01 4.17372980261939e-01 6.81236603295357e-01 7.48570125176863e-01 0.00000000000000e+00 0.00000000000000e+00 -5.57315848347448e-01 0.00000000000000e+00 0.00000000000000e+00 -3.89984450312187e-01 0.00000000000000e+00 0.00000000000000e+00 2.06649279488826e-01 0.00000000000000e+00 0.00000000000000e+00 3.15111991513198e-01 2.30034299158937e-01 1.05482371796516e-01 0.00000000000000e+00 0.00000000000000e+00 -2.45968532497275e-01
 9.69544475373831e-01 1.00000000000000e+00 8.97299307181686e-01 0.00000000000000e+00 0.00000000000000e+00 0.00000000000000e+00 6.67357036701297e-02 1.48286897406896e-01 3.92380547285944e-01 6.13571799970720e-01 6.27605902283116e-01 0.00000000000000e+00 0.00000000000000e+00 -5.87236022243427e-01 0.00000000000000e+00 0.00000000000000e+00 -4.57973115261997e-01 0.00000000000000e+00 0.00000000000000e+00 2.91046564092040e-01 0.00000000000000e+00 0.00000000000000e+00 2.30034299158937e-01 1.62689320945550e-01 6.69325072965458e-02 0.00000000000000e+00 0.00000000000000e+00 -2.16974011375832e-01
 7.78523420263646e-01 8.97299307181686e-01 1.00000000000000e+00 0.00000000000000e+00 0.00000000000000e+00 0.00000000000000e+00 3.52372276102191e-02 8.62098954280072e-02 2.62434325652842e-01 4.05532093038600e-01 3.77063893022598e-01 0.00000000000000e+00 0.00000000000000e+00 -4.93538224781717e-01 0.00000000000000e+00 0.00000000000000e+00 -4.52040532723011e-01 0.00000000000000e+00 0.00000000000000e+00 4.00183459133942e-01 0.00000000000000e+00 0.00000000000000e+00 1.05482371796516e-01 6.69325072965458e-02 1.80486142673195e-02 0.00000000000000e+00 0.00000000000000e+00 -1.19397624363074e-01
 0.00000000000000e+00 0.00000000000000e+00 0.00000000000000e+00 1.00000000000000e+00 0.00000000000000e+00 0.00000000000000e+00 0.00000000000000e+00 0.00000000000000e+00 0.00000000000000e+00 0.00000000000000e+00 0.00000000000000e+00 5.53760336346902e-01 0.00000000000000e+00 0.00000000000000e+00 4.29027056183592e-01 0.00000000000000e+00 0.00000000000000e+00 0.00000000000000e+00 0.00000000000000e+00 0.00000000000000e+00 -4.36019668099678e-01 0.00000000000000e+00 0.00000000000000e+00 0.00000000000000e+00 0.00000000000000e+00 1.03914477609376e-01 0.00000000000000e+00 0.00000000000000e+00
 0.00000000000000e+00 0.00000000000000e+00 0.00000000000000e+00 0.00000000000000e+00 1.00000000000000e+00 0.00000000000000e+00 0.00000000000000e+00 0.00000000000000e+00 0.00000000000000e+00 0.00000000000000e+00 0.00000000000000e+00 0.00000000000000e+00 5.53760336346902e-01 0.00000000000000e+00 0.00000000000000e+00 4.29027056183592e-01 0.00000000000000e+00 0.00000000000000e+00 -4.36019668099678e-01 0.00000000000000e+00 0.00000000000000e+00 0.00000000000000e+00 0.00000000000000e+00 0.00000000000000e+00 0.00000000000000e+00 0.00000000000000e+00 1.03914477609376e-01 0.00000000000000e+00
 0.00000000000000e+00 0.00000000000000e+00 0.00000000000000e+00 0.00000000000000e+00 0.00000000000000e+00 1.00000000000000e+00 1.35826295141928e-01 2.75504358845347e-01 5.44562925486898e-01 5.01589484013894e-01 2.86374476738429e-01 0.00000000000000e+00 0.00000000000000e+00 8.37002422140456e-02 0.00000000000000e+00 0.00000000000000e+00 -1.91027370116936e-01 0.00000000000000e+00 0.00000000000000e+00 -4.58496030008395e-02 0.00000000000000e+00 0.00000000000000e+00 2.45968532497275e-01 2.16974011375832e-01 1.19397624363074e-01 0.00000000000000e+00 0.00000000000000e+00 -2.70092933399642e-01
 7.28107228115177e-02 6.67357036701297e-02 3.52372276102191e-02 0.00000000000000e+00 0.00000000000000e+00 1.35826295141928e-01 1.00000000000000e+00 8.97384168653548e-01 3.73144577097472e-01 1.45959815321555e-01 6.26524020794744e-02 0.00000000000000e+00 0.00000000000000e+00 0.00000000000000e+00 0.00000000000000e+00 0.00000000000000e+00 0.00000000000000e+00 0.00000000000000e+00 0.00000000000000e+00 0.00000000000000e+00 0.00000000000000e+00 0.00000000000000e+00 7.28107228115176e-02 6.67357036701297e-02 3.52372276102191e-02 0.00000000000000e+00 0.00000000000000e+00 -1.35826295141928e-01
 1.59653542079435e-01 1.48286897406896e-01 8.62098954280072e-02 0.00000000000000e+00 0.00000000000000e+00 2.75504358845347e-01 8.97384168653548e-01 1.00000000000000e+00 6.78576305916329e-01 3.44651493722728e-01 1.71690813088548e-01 0.00000000000000e+00 0.00000000000000e+00 0.00000000000000e+00 0.00000000000000e+00 0.00000000000000e+00 0.00000000000000e+00 0.00000000000000e+00 0.00000000000000e+00 0.00000000000000e+00 0.00000000000000e+00 0.00000000000000e+00 1.59653542079435e-01 1.48286897406896e-01 8.62098954280072e-02 0.00000000000000e+00 0.00000000000000e+00 -2.75504358845346e-01
 4.17372980261939e-01 3.92380547285944e-01 2.62434325652842e-01 0.00000000000000e+00 0.00000000000000e+00 5.44562925486898e-01 3.73144577097472e-01 6.78576305916329e-01 1.00000000000000e+00 8.01936126100581e-01 5.19592229496787e-01 0.00000000000000e+00 0.00000000000000e+00 0.00000000000000e+00 0.00000000000000e+00 0.00000000000000e+00 0.00000000000000e+00 0.00000000000000e+00 0.00000000000000e+00 0.00000000000000e+00 0.00000000000000e+00 0.00000000000000e+00 4.17372980261939e-01 3.92380547285944e-01 2.62434325652841e-01 0.00000000000000e+00 0.00000000000000e+00 -5.44562925486898e-01
 6.81236603295357e-01 6.13571799970720e-01 4.05532093038600e-01 0.00000000000000e+00 0.00000000000000e+00 5.01589484013894e-01 1.45959815321555e-01 3.44651493722728e-01 8.01936126100581e-01 1.00000000000000e+00 8.83356651244299e-01 0.00000000000000e+00 0.00000000000000e+00 0.00000000000000e+00 0.00000000000000e+00 0.00000000000000e+00 0.00000000000000e+00 0.00000000000000e+00 0.00000000000000e+00 0.00000000000000e+00 0.00000000000000e+00 0.00000000000000e+00 6.81236603295356e-01 6.13571799970720e-01 4.05532093038600e-01 0.00000000000000e+00 0.00000000000000e+00 -5.01589484013893e-01
 7.48570125176863e-01 6.27605902283116e-01 3.77063893022598e-01 0.00000000000000e+00 0.00000000000000e+00 2.86374476738429e-01 6.26524020794744e-02 1.71690813088548e-01 5.19592229496787e-01 8.83356651244299e-01 1.00000000000000e+00 0.00000000000000e+00 0.00000000000000e+00 0.00000000000000e+00 0.00000000000000e+00 0.00000000000000e+00 0.00000000000000e+00 0.00000000000000e+00 0.00000000000000e+00 0.00000000000000e+00 0.00000000000000e+00 0.00000000000000e+00 7.48570125176864e-01 6.27605902283117e-01 3.77063893022598e-01 0.00000000000000e+00 0.00000000000000e+00 -2.86374476738429e-01
 0.00000000000000e+00 0.00000000000000e+00 0.00000000000000e+00 5.53760336346902e-01 0.00000000000000e+00 0.00000000000000e+00 0.00000000000000e+00 0.00000000000000e+00 0.00000000000000e+00 0.00000000000000e+00 0.00000000000000e+00 1.00000000000000e+00 0.00000000000000e+00 0.00000000000000e+00 7.84266949410187e-01 0.00000000000000e+00 0.00000000000000e+00 0.00000000000000e+00 0.00000000000000e+00 0.00000000000000e+00 0.00000000000000e+00 0.00000000000000e+00 0.00000000000000e+00 0.00000000000000e+00 0.00000000000000e+00 5.53760336346902e-01 0.00000000000000e+00 0.00000000000000e+00
 0.00000000000000e+00 0.00000000000000e+00 0.00000000000000e+00 0.00000000000000e+00 5.53760336346902e-01 0.00000000000000e+00 0.00000000000000e+00 0.00000000000000e+00 0.00000000000000e+00 0.00000000000000e+00 0.00000000000000e+00 0.00000000000000e+00 1.00000000000000e+00 0.00000000000000e+00 0.00000000000000e+00 7.84266949410187e-01 0.00000000000000e+00 0.00000000000000e+00 0.00000000000000e+00 0.00000000000000e+00 0.00000000000000e+00 0.00000000000000e+00 0.00000000000000e+00 0.00000000000000e+00 0.00000000000000e+00 0.00000000000000e+00 5.53760336346902e-01 0.00000000000000e+00
 -5.57315848347448e-01 -5.87236022243427e-01 -4.93538224781717e-01 0.00000000000000e+00 0.00000000000000e+00 8.37002422140456e-02 0.00000000000000e+00 0.00000000000000e+00 0.00000000000000e+00 0.00000000000000e+00 0.00000000000000e+00 0.00000000000000e+00 0.00000000000000e+00 1.00000000000000e+00 0.00000000000000e+00 0.00000000000000e+00 7.84266949410187e-01 0.00000000000000e+00 0.00000000000000e+00 0.00000000000000e+00 0.00000000000000e+00 0.00000000000000e+00 5.57315848347448e-01 5.87236022243428e-01 4.93538224781717e-01 0.00000000000000e+00 0.00000000000000e+00 8.37002422140454e-02
 0.00000000000000e+00 0.00000000000000e+00 0.00000000000000e+00 4.29027056183592e-01 0.00000000000000e+00 0.00000000000000e+00 0.00000000000000e+00 0.00000000000000e+00 0.00000000000000e+00 0.00000000000000e+00 0.00000000000000e+00 7.84266949410187e-01 0.00000000000000e+00 0.00000000000000e+00 1.00000000000000e+00 0.00000000000000e+00 0.00000000000000e+00 0.00000000000000e+00 0.00000000000000e+00 0.00000000000000e+00 0.00000000000000e+00 0.00000000000000e+00 0.00000000000000e+00 0.00000000000000e+00 0.00000000000000e+00 4.29027056183592e-01 0.00000000000000e+00 0.00000000000000e+00
 0.00000000000000e+00 0.00000000000000e+00 0.00000000000000e+00 0.00000000000000e+00 4.29027056183592e-01 0.00000000000000e+00 0.00000000000000e+00 0.00000000000000e+00 0.00000000000000e+00 0.00000000000000e+00 0.00000000000000e+00 0.00000000000000e+00 7.84266949410187e-01 0.00000000000000e+00 0.00000000000000e+00 1.00000000000000e+00 0.00000000000000e+00 0.00000000000000e+00 0.00000000000000e+00 0.00000000000000e+00 0.00000000000000e+00 0.00000000000000e+00 0.00000000000000e+00 0.00000000000000e+00 0.00000000000000e+00 0.00000000000000e+00 4.29027056183592e-01 0.00000000000000e+00
 -3.89984450312187e-01 -4.57973115261997e-01 -4.52040532723011e-01 0.00000000000000e+00 0.00000000000000e+00 -1.91027370116936e-01 0.00000000000000e+00 0.00000000000000e+00 0.00000000000000e+00 0.00000000000000e+00 0.00000000000000e+00 0.00000000000000e+00 0.00000000000000e+00 7.84266949410187e-01 0.00000000000000e+00 0.00000000000000e+00 1.00000000000000e+00 0.00000000000000e+00 0.00000000000000e+00 0.00000000000000e+00 0.00000000000000e+00 0.00000000000000e+00 3.89984450312187e-01 4.57973115261998e-01 4.52040532723010e-01 0.00000000000000e+00 0.00000000000000e+00 -1.91027370116936e-01
 0.00000000000000e+00 0.00000000000000e+00 0.00000000000000e+00 0.00000000000000e+00 0.00000000000000e+00 0.00000000000000e+00 0.00000000000000e+00 0.00000000000000e+00 0.00000000000000e+00 0.00000000000000e+00 0.00000000000000e+00 0.00000000000000e+00 0.00000000000000e+00 0.00000000000000e+00 0.00000000000000e+00 0.00000000000000e+00 0.00000000000000e+00 1.00000000000000e+00 0.00000000000000e+00 0.00000000000000e+00 0.00000000000000e+00 0.00000000000000e+00 0.00000000000000e+00 0.00000000000000e+00 0.00000000000000e+00 0.00000000000000e+00 0.00000000000000e+00 0.00000000000000e+00
 0.00000000000000e+00 0.00000000000000e+00 0.00000000000000e+00 0.00000000000000e+00 -4.36019668099678e-01 0.00000000000000e+00 0.00000000000000e+00 0.00000000000000e+00 0.00000000000000e+00 0.00000000000000e+00 0.00000000000000e+00 0.00000000000000e+00 0.00000000000000e+00 0.00000000000000e+00 0.00000000000000e+00 0.00000000000000e+00 0.00000000000000e+00 0.00000000000000e+00 1.00000000000000e+00 0.00000000000000e+00 0.00000000000000e+00 0.00000000000000e+00 0.00000000000000e+00 0.00000000000000e+00 0.00000000000000e+00 0.00000000000000e+00 4.36019668099678e-01 0.00000000000000e+00
 2.06649279488826e-01 2.91046564092040e-01 4.00183459133942e-01 0.00000000000000e+00 0.00000000000000e+00 -4.58496030008395e-02 0.00000000000000e+00 0.00000000000000e+00 0.00000000000000e+00 0.00000000000000e+00 0.00000000000000e+00 0.00000000000000e+00 0.00000000000000e+00 0.00000000000000e+00 0.00000000000000e+00 0.00000000000000e+00 0.00000000000000e+00 0.00000000000000e+00 0.00000000000000e+00 1.00000000000000e+00 0.00000000000000e+00 0.00000000000000e+00 2.06649279488826e-01 2.91046564092040e-01 4.00183459133942e-01 0.00000000000000e+00 0.00000000000000e+00 4.58496030008389e-02
 0.00000000000000e+00 0.00000000000000e+00 0.00000000000000e+00 -4.36019668099678e-01 0.00000000000000e+00 0.00000000000000e+00 0.00000000000000e+00 0.00000000000000e+00 0.00000000000000e+00 0.00000000000000e+00 0.00000000000000e+00 0.00000000000000e+00 0.00000000000000e+00 0.00000000000000e+00 0.00000000000000e+00 0.00000000000000e+00 0.00000000000000e+00 0.00000000000000e+00 0.00000000000000e+00 0.00000000000000e+00 1.00000000000000e+00 0.00000000000000e+00 0.00000000000000e+00 0.00000000000000e+00 0.00000000000000e+00 4.36019668099678e-01 0.00000000000000e+00 0.00000000000000e+00
 0.00000000000000e+00 0.00000000000000e+00 0.00000000000000e+00 0.00000000000000e+00 0.00000000000000e+00 0.00000000000000e+00 0.00000000000000e+00 0.00000000000000e+00 0.00000000000000e+00 0.00000000000000e+00 0.00000000000000e+00 0.00000000000000e+00 0.00000000000000e+00 0.00000000000000e+00 0.00000000000000e+00 0.00000000000000e+00 0.00000000000000e+00 0.00000000000000e+00 0.00000000000000e+00 0.00000000000000e+00 0.00000000000000e+00 1.00000000000000e+00 0.00000000000000e+00 0.00000000000000e+00 0.00000000000000e+00 0.00000000000000e+00 0.00000000000000e+00 0.00000000000000e+00
 3.15111991513198e-01 2.30034299158937e-01 1.05482371796516e-01 0.00000000000000e+00 0.00000000000000e+00 2.45968532497275e-01 7.28107228115176e-02 1.59653542079435e-01 4.17372980261939e-01 6.81236603295356e-01 7.48570125176864e-01 0.00000000000000e+00 0.00000000000000e+00 5.57315848347448e-01 0.00000000000000e+00 0.00000000000000e+00 3.89984450312187e-01 0.00000000000000e+00 0.00000000000000e+00 2.06649279488826e-01 0.00000000000000e+00 0.00000000000000e+00 1.00000000000000e+00 9.69544475373831e-01 7.78523420263646e-01 0.00000000000000e+00 0.00000000000000e+00 0.00000000000000e+00
 2.30034299158937e-01 1.62689320945550e-01 6.69325072965458e-02 0.00000000000000e+00 0.00000000000000e+00 2.16974011375832e-01 6.67357036701297e-02 1.48286897406896e-01 3.92380547285944e-01 6.13571799970720e-01 6.27605902283117e-01 0.00000000000000e+00 0.00000000000000e+00 5.87236022243428e-01 0.00000000000000e+00 0.00000000000000e+00 4.57973115261998e-01 0.00000000000000e+00 0.00000000000000e+00 2.91046564092040e-01 0.00000000000000e+00 0.00000000000000e+00 9.69544475373831e-01 1.00000000000000e+00 8.97299307181686e-01 0.00000000000000e+00 0.00000000000000e+00 0.00000000000000e+00
 1.05482371796516e-01 6.69325072965458e-02 1.80486142673195e-02 0.00000000000000e+00 0.00000000000000e+00 1.19397624363074e-01 3.52372276102191e-02 8.62098954280072e-02 2.62434325652841e-01 4.05532093038600e-01 3.77063893022598e-01 0.00000000000000e+00 0.00000000000000e+00 4.93538224781717e-01 0.00000000000000e+00 0.00000000000000e+00 4.52040532723010e-01 0.00000000000000e+00 0.00000000000000e+00 4.00183459133942e-01 0.00000000000000e+00 0.00000000000000e+00 7.78523420263646e-01 8.97299307181686e-01 1.00000000000000e+00 0.00000000000000e+00 0.00000000000000e+00 0.00000000000000e+00
 0.00000000000000e+00 0.00000000000000e+00 0.00000000000000e+00 1.03914477609376e-01 0.00000000000000e+00 0.00000000000000e+00 0.00000000000000e+00 0.00000000000000e+00 0.00000000000000e+00 0.00000000000000e+00 0.00000000000000e+00 5.53760336346902e-01 0.00000000000000e+00 0.00000000000000e+00 4.29027056183592e-01 0.00000000000000e+00 0.00000000000000e+00 0.00000000000000e+00 0.00000000000000e+00 0.00000000000000e+00 4.36019668099678e-01 0.00000000000000e+00 0.00000000000000e+00 0.00000000000000e+00 0.00000000000000e+00 1.00000000000000e+00 0.00000000000000e+00 0.00000000000000e+00
 0.00000000000000e+00 0.00000000000000e+00 0.00000000000000e+00 0.00000000000000e+00 1.03914477609376e-01 0.00000000000000e+00 0.00000000000000e+00 0.00000000000000e+00 0.00000000000000e+00 0.00000000000000e+00 0.00000000000000e+00 0.00000000000000e+00 5.53760336346902e-01 0.00000000000000e+00 0.00000000000000e+00 4.29027056183592e-01 0.00000000000000e+00 0.00000000000000e+00 4.36019668099678e-01 0.00000000000000e+00 0.00000000000000e+00 0.00000000000000e+00 0.00000000000000e+00 0.00000000000000e+00 0.00000000000000e+00 0.00000000000000e+00 1.00000000000000e+00 0.00000000000000e+00
 -2.45968532497275e-01 -2.16974011375832e-01 -1.19397624363074e-01 0.00000000000000e+00 0.00000000000000e+00 -2.70092933399642e-01 -1.35826295141928e-01 -2.75504358845346e-01 -5.44562925486898e-01 -5.01589484013893e-01 -2.86374476738429e-01 0.00000000000000e+00 0.00000000000000e+00 8.37002422140454e-02 0.00000000000000e+00 0.00000000000000e+00 -1.91027370116936e-01 0.00000000000000e+00 0.00000000000000e+00 4.58496030008389e-02 0.00000000000000e+00 0.00000000000000e+00 0.00000000000000e+00 0.00000000000000e+00 0.00000000000000e+00 0.00000000000000e+00 0.00000000000000e+00 1.00000000000000e+00
En:
 -2.45670832597095e+00 -2.55829882248938e+00 -2.38038431626475e+00 0.00000000000000e+00 0.00000000000000e+00 -6.65917470992689e-01 -8.62615462249365e-01 -1.17681927664960e+00 -1.71055352713444e+00 -1.98080867341750e+00 -1.76434466343094e+00 0.00000000000000e+00 -6.72209003809978e-10 1.31256855979807e+00 0.00000000000000e+00 -6.29088653199579e-10 1.19686708577226e+00 0.00000000000000e+00 -1.61747149902934e-09 -7.37955522206047e-01 0.00000000000000e+00 -4.86942049282880e-12 -8.32586905657872e-01 -6.58956433803080e-01 -3.43086333507322e-01 0.00000000000000e+00 7.03857031378904e-10 8.53443301361201e-01
 -2.55829882248938e+00 -2.79757809543294e+00 -2.85795006699290e+00 0.00000000000000e+00 0.00000000000000e+00 -6.44106597502310e-01 -7.87125628655189e-01 -1.08511885628176e+00 -1.61972958549816e+00 -1.86210338294685e+00 -1.59675584243749e+00 0.00000000000000e+00 -3.56022453878245e-10 1.49683157544351e+00 0.00000000000000e+00 -3.33137530965083e-10 1.45734157408200e+00 0.00000000000000e+00 -8.56546824649240e-10 -1.00935578317625e+00 0.00000000000000e+00 -2.64345506507857e-12 -6.58956433803080e-01 -5.01079771168562e-01 -2.31078912936328e-01 0.00000000000000e+00 6.38460962684498e-10 7.57193839760916e-01
 -2.38038431626475e+00 -2.85795006699290e+00 -3.53089957597702e+00 0.00000000000000e+00 0.00000000000000e+00 -4.47825749046913e-01 -4.03402426730152e-01 -5.97255380735644e-01 -1.07557413223876e+00 -1.33323430464568e+00 -1.11036262562020e+00 0.00000000000000e+00 -3.74810994146472e-11 1.46839983174008e+00 0.00000000000000e+00 -3.50574803918294e-11 1.54867386716069e+00 0.00000000000000e+00 -9.01396876584605e-11 -1.41155184474264e+00 0.00000000000000e+00 -2.97765004180229e-13 -3.43086333507322e-01 -2.31078912936329e-01 -7.06550513629474e-02 0.00000000000000e+00 3.14914721401718e-10 4.30720276982255e-01
 0.00000000000000e+00 0.00000000000000e+00 0.00000000000000e+00 -2.28187112787024e+00 0.00000000000000e+00 0.00000000000000e+00 0.00000000000000e+00 0.00000000000000e+00 0.00000000000000e+00 0.00000000000000e+00 0.00000000000000e+00 -1.24397364486399e+00 0.00000000000000e+00 0.00000000000000e+00 -1.21809949151779e+00 0.00000000000000e+00 0.00000000000000e+00 0.00000000000000e+00 0.00000000000000e+00 0.00000000000000e+00 1.17185676938565e+00 0.00000000000000e+00 0.00000000000000e+00 0.00000000000000e+00 0.00000000000000e+00 -2.52218834076269e-01 0.00000000000000e+00 0.00000000000000e+00
 0.00000000000000e+00 0.00000000000000e+00 0.00000000000000e+00 0.00000000000000e+00 -2.28187112787024e+00 0.00000000000000e+00 0.00000000000000e+00 -5.74545135403747e-12 -9.52192903303316e-11 -2.21384376923467e-10 -2.02572733741587e-10 0.00000000000000e+00 -1.24397364486197e+00 -3.56712047538810e-10 0.00000000000000e+00 -1.21809949151575e+00 -3.33803425380276e-10 0.00000000000000e+00 1.17185676939089e+00 -4.95525425876918e-10 0.00000000000000e+00 0.00000000000000e+00 7.03857031401682e-10 6.38460962668696e-10 3.14914721380893e-10 0.00000000000000e+00 -2.52218834066934e-01 -1.36088539337360e-09
 -6.65917470992689e-01 -6.44106597502310e-01 -4.47825749046913e-01 0.00000000000000e+00 0.00000000000000e+00 -2.82310812014562e+00 -1.63697469593872e+00 -2.13818620816197e+00 -2.52301410036481e+00 -1.94218211717671e+00 -1.13121504276379e+00 0.00000000000000e+00 -7.07330559583739e-10 1.81921618381349e-01 0.00000000000000e+00 -6.61817488972359e-10 9.05181476059923e-01 0.00000000000000e+00 -1.70163805549195e-09 -1.53413940289867e-01 0.00000000000000e+00 -5.31461030158335e-12 -8.53443301361201e-01 -7.57193839760917e-01 -4.30720276982256e-01 0.00000000000000e+00 1.36088539341127e-09 1.11109695278768e+00
 -8.62615462249365e-01 -7.87125628655189e-01 -4.03402426730152e-01 0.00000000000000e+00 0.00000000000000e+00 -1.63697469593872e+00 -2.27095652172456e+01 -1.62871324740408e+01 -4.14547356682507e+00 -1.42693563558295e+00 -5.75746904486736e-01 0.00000000000000e+00 0.00000000000000e+00 0.00000000000000e+00 0.00000000000000e+00 0.00000000000000e+00 0.00000000000000e+00 0.00000000000000e+00 0.00000000000000e+00 -4.59910301056981e-03 0.00000000000000e+00 0.00000000000000e+00 -8.62615462249366e-01 -7.87125628655189e-01 -4.03402426730153e-01 0.00000000000000e+00 0.00000000000000e+00 1.63697469593871e+00
 -1.17681927664960e+00 -1.08511885628176e+00 -5.97255380735644e-01 0.00000000000000e+00 -5.74545135403747e-12 -2.13818620816197e+00 -1.62871324740408e+01 -1.35895620092573e+01 -5.47573240666670e+00 -2.32135291368981e+00 -1.05547823249718e+00 0.00000000000000e+00 0.00000000000000e+00 0.00000000000000e+00 0.00000000000000e+00 0.00000000000000e+00 0.00000000000000e+00 0.00000000000000e+00 0.00000000000000e+00 -2.68003430151101e-02 0.00000000000000e+00 0.00000000000000e+00 -1.17681927664960e+00 -1.08511885628176e+00 -5.97255380735645e-01 0.00000000000000e+00 -5.74545136412315e-12 2.13818620816198e+00
 -1.71055352713444e+00 -1.61972958549816e+00 -1.07557413223876e+00 0.00000000000000e+00 -9.52192903303316e-11 -2.52301410036481e+00 -4.14547356682507e+00 -5.47573240666670e+00 -5.30703893148931e+00 -3.44495528356447e+00 -1.99613206992181e+00 0.00000000000000e+00 0.00000000000000e+00 0.00000000000000e+00 0.00000000000000e+00 0.00000000000000e+00 0.00000000000000e+00 0.00000000000000e+00 0.00000000000000e+00 -1.29362243584609e-01 0.00000000000000e+00 0.00000000000000e+00 -1.71055352713445e+00 -1.61972958549816e+00 -1.07557413223876e+00 0.00000000000000e+00 -9.52192903564950e-11 2.52301410036481e+00
 -1.98080867341750e+00 -1.86210338294685e+00 -1.33323430464568e+00 0.00000000000000e+00 -2.21384376923467e-10 -1.94218211717671e+00 -1.42693563558295e+00 -2.32135291368981e+00 -3.44495528356447e+00 -3.24460111159435e+00 -2.42833070785773e+00 0.00000000000000e+00 0.00000000000000e+00 0.00000000000000e+00 0.00000000000000e+00 0.00000000000000e+00 0.00000000000000e+00 0.00000000000000e+00 0.00000000000000e+00 -1.94650417313813e-01 0.00000000000000e+00 0.00000000000000e+00 -1.98080867341750e+00 -1.86210338294685e+00 -1.33323430464568e+00 0.00000000000000e+00 -2.21384377190053e-10 1.94218211717671e+00
 -1.76434466343094e+00 -1.59675584243749e+00 -1.11036262562020e+00 0.00000000000000e+00 -2.02572733741587e-10 -1.13121504276379e+00 -5.75746904486736e-01 -1.05547823249718e+00 -1.99613206992181e+00 -2.42833070785773e+00 -2.21713615170384e+00 0.00000000000000e+00 0.00000000000000e+00 0.00000000000000e+00 0.00000000000000e+00 0.00000000000000e+00 0.00000000000000e+00 0.00000000000000e+00 0.00000000000000e+00 -1.62958710233180e-01 0.00000000000000e+00 0.00000000000000e+00 -1.76434466343094e+00 -1.59675584243749e+00 -1.11036262562020e+00 0.00000000000000e+00 -2.02572734113109e-10 1.13121504276379e+00
 0.00000000000000e+00 0.00000000000000e+00 0.00000000000000e+00 -1.24397364486399e+00 0.00000000000000e+00 0.00000000000000e+00 0.00000000000000e+00 0.00000000000000e+00 0.00000000000000e+00 0.00000000000000e+00 0.00000000000000e+00 -2.19382407379089e+00 0.00000000000000e+00 0.00000000000000e+00 -2.35562640182081e+00 0.00000000000000e+00 0.00000000000000e+00 0.00000000000000e+00 0.00000000000000e+00 0.00000000000000e+00 0.00000000000000e+00 0.00000000000000e+00 0.00000000000000e+00 0.00000000000000e+00 0.00000000000000e+00 -1.24397364486399e+00 0.00000000000000e+00 0.00000000000000e+00
 -6.72209003809978e-10 -3.56022453878245e-10 -3.74810994146472e-11 0.00000000000000e+00 -1.24397364486197e+00 -7.07330559583739e-10 0.00000000000000e+00 0.00000000000000e+00 0.00000000000000e+00 0.00000000000000e+00 0.00000000000000e+00 0.00000000000000e+00 -2.19382407379089e+00 0.00000000000000e+00 0.00000000000000e+00 -2.35562640182081e+00 0.00000000000000e+00 0.00000000000000e+00 0.00000000000000e+00 0.00000000000000e+00 0.00000000000000e+00 0.00000000000000e+00 -6.72209004117312e-10 -3.56022453972489e-10 -3.74810995010986e-11 0.00000000000000e+00 -1.24397364486197e+00 7.07330559519139e-10
 1.31256855979807e+00 1.49683157544351e+00 1.46839983174008e+00 0.00000000000000e+00 -3.56712047538810e-10 1.81921618381349e-01 0.00000000000000e+00 0.00000000000000e+00 0.00000000000000e+00 0.00000000000000e+00 0.00000000000000e+00 0.00000000000000e+00 0.00000000000000e+00 -2.41424186148187e+00 0.00000000000000e+00 0.00000000000000e+00 -2.55907445329813e+00 0.00000000000000e+00 0.00000000000000e+00 0.00000000000000e+00 0.00000000000000e+00 0.00000000000000e+00 -1.31256855979807e+00 -1.49683157544351e+00 -1.46839983174009e+00 0.00000000000000e+00 3.56712047183904e-10 1.81921618381349e-01
 0.00000000000000e+00 0.00000000000000e+00 0.00000000000000e+00 -1.21809949151779e+00 0.00000000000000e+00 0.00000000000000e+00 0.00000000000000e+00 0.00000000000000e+00 0.00000000000000e+00 0.00000000000000e+00 0.00000000000000e+00 -2.35562640182081e+00 0.00000000000000e+00 0.00000000000000e+00 -3.76411599689083e+00 0.00000000000000e+00 0.00000000000000e+00 0.00000000000000e+00 0.00000000000000e+00 0.00000000000000e+00 0.00000000000000e+00 0.00000000000000e+00 0.00000000000000e+00 0.00000000000000e+00 0.00000000000000e+00 -1.21809949151779e+00 0.00000000000000e+00 0.00000000000000e+00
 -6.29088653199579e-10 -3.33137530965083e-10 -3.50574803918294e-11 0.00000000000000e+00 -1.21809949151575e+00 -6.61817488972359e-10 0.00000000000000e+00 0.00000000000000e+00 0.00000000000000e+00 0.00000000000000e+00 0.00000000000000e+00 0.00000000000000e+00 -2.35562640182081e+00 0.00000000000000e+00 0.00000000000000e+00 -3.76411599689083e+00 0.00000000000000e+00 0.00000000000000e+00 0.00000000000000e+00 0.00000000000000e+00 0.00000000000000e+00 0.00000000000000e+00 -6.29088652610670e-10 -3.33137530788278e-10 -3.50574803694582e-11 0.00000000000000e+00 -1.21809949151575e+00 6.61817488412632e-10
 1.19686708577226e+00 1.45734157408200e+00 1.54867386716069e+00 0.00000000000000e+00 -3.33803425380276e-10 9.05181476059923e-01 0.00000000000000e+00 0.00000000000000e+00 0.00000000000000e+00 0.00000000000000e+00 0.00000000000000e+00 0.00000000000000e+00 0.00000000000000e+00 -2.55907445329813e+00 0.00000000000000e+00 0.00000000000000e+00 -3.99695231385328e+00 0.00000000000000e+00 0.00000000000000e+00 0.00000000000000e+00 0.00000000000000e+00 0.00000000000000e+00 -1.19686708577226e+00 -1.45734157408200e+00 -1.54867386716069e+00 0.00000000000000e+00 3.33803425013814e-10 9.05181476059922e-01
 0.00000000000000e+00 0.00000000000000e+00 0.00000000000000e+00 0.00000000000000e+00 0.00000000000000e+00 0.00000000000000e+00 0.00000000000000e+00 0.00000000000000e+00 0.00000000000000e+00 0.00000000000000e+00 0.00000000000000e+00 0.00000000000000e+00 0.00000000000000e+00 0.00000000000000e+00 0.00000000000000e+00 0.00000000000000e+00 0.00000000000000e+00 -3.25527917781206e+00 0.00000000000000e+00 0.00000000000000e+00 0.00000000000000e+00 0.00000000000000e+00 0.00000000000000e+00 0.00000000000000e+00 0.00000000000000e+00 0.00000000000000e+00 0.00000000000000e+00 0.00000000000000e+00
 -1.61747149902934e-09 -8.56546824649240e-10 -9.01396876584605e-11 0.00000000000000e+00 1.17185676939089e+00 -1.70163805549195e-09 0.00000000000000e+00 0.00000000000000e+00 0.00000000000000e+00 0.00000000000000e+00 0.00000000000000e+00 0.00000000000000e+00 0.00000000000000e+00 0.00000000000000e+00 0.00000000000000e+00 0.00000000000000e+00 0.00000000000000e+00 0.00000000000000e+00 -3.37733379773059e+00 0.00000000000000e+00 0.00000000000000e+00 0.00000000000000e+00 1.61747149900345e-09 8.56546824457101e-10 9.01396873588245e-11 0.00000000000000e+00 -1.17185676939089e+00 -1.70163805560307e-09
 -7.37955522206047e-01 -1.00935578317625e+00 -1.41155184474264e+00 0.00000000000000e+00 -4.95525425876918e-10 -1.53413940289867e-01 -4.59910301056981e-03 -2.68003430151101e-02 -1.29362243584609e-01 -1.94650417313813e-01 -1.62958710233180e-01 0.00000000000000e+00 0.00000000000000e+00 0.00000000000000e+00 0.00000000000000e+00 0.00000000000000e+00 0.00000000000000e+00 0.00000000000000e+00 0.00000000000000e+00 -3.58138051170413e+00 0.00000000000000e+00 0.00000000000000e+00 -7.37955522206048e-01 -1.00935578317624e+00 -1.41155184474264e+00 0.00000000000000e+00 -4.95525426657155e-10 1.53413940289867e-01
 0.00000000000000e+00 0.00000000000000e+00 0.00000000000000e+00 1.17185676938565e+00 0.00000000000000e+00 0.00000000000000e+00 0.00000000000000e+00 0.00000000000000e+00 0.00000000000000e+00 0.00000000000000e+00 0.00000000000000e+00 0.00000000000000e+00 0.00000000000000e+00 0.00000000000000e+00 0.00000000000000e+00 0.00000000000000e+00 0.00000000000000e+00 0.00000000000000e+00 0.00000000000000e+00 0.00000000000000e+00 -3.37733379773059e+00 0.00000000000000e+00 0.00000000000000e+00 0.00000000000000e+00 0.00000000000000e+00 -1.17185676938565e+00 0.00000000000000e+00 0.00000000000000e+00
 -4.86942049282880e-12 -2.64345506507857e-12 -2.97765004180229e-13 0.00000000000000e+00 0.00000000000000e+00 -5.31461030158335e-12 0.00000000000000e+00 0.00000000000000e+00 0.00000000000000e+00 0.00000000000000e+00 0.00000000000000e+00 0.00000000000000e+00 0.00000000000000e+00 0.00000000000000e+00 0.00000000000000e+00 0.00000000000000e+00 0.00000000000000e+00 0.00000000000000e+00 0.00000000000000e+00 0.00000000000000e+00 0.00000000000000e+00 -3.25527917781205e+00 -4.86942045080422e-12 -2.64345517857471e-12 -2.97765125914466e-13 0.00000000000000e+00 0.00000000000000e+00 5.31461025069269e-12
 -8.32586905657872e-01 -6.58956433803080e-01 -3.43086333507322e-01 0.00000000000000e+00 7.03857031401682e-10 -8.53443301361201e-01 -8.62615462249366e-01 -1.17681927664960e+00 -1.71055352713445e+00 -1.98080867341750e+00 -1.76434466343094e+00 0.00000000000000e+00 -6.72209004117312e-10 -1.31256855979807e+00 0.00000000000000e+00 -6.29088652610670e-10 -1.19686708577226e+00 0.00000000000000e+00 1.61747149900345e-09 -7.37955522206048e-01 0.00000000000000e+00 -4.86942045080422e-12 -2.45670832597095e+00 -2.55829882248938e+00 -2.38038431626475e+00 0.00000000000000e+00 0.00000000000000e+00 6.65917470992690e-01
 -6.58956433803080e-01 -5.01079771168562e-01 -2.31078912936329e-01 0.00000000000000e+00 6.38460962668696e-10 -7.57193839760917e-01 -7.87125628655189e-01 -1.08511885628176e+00 -1.61972958549816e+00 -1.86210338294685e+00 -1.59675584243749e+00 0.00000000000000e+00 -3.56022453972489e-10 -1.49683157544351e+00 0.00000000000000e+00 -3.33137530788278e-10 -1.45734157408200e+00 0.00000000000000e+00 8.56546824457101e-10 -1.00935578317624e+00 0.00000000000000e+00 -2.64345517857471e-12 -2.55829882248938e+00 -2.79757809543294e+00 -2.85795006699290e+00 0.00000000000000e+00 0.00000000000000e+00 6.44106597502311e-01
 -3.43086333507322e-01 -2.31078912936328e-01 -7.06550513629474e-02 0.00000000000000e+00 3.14914721380893e-10 -4.30720276982256e-01 -4.03402426730153e-01 -5.97255380735645e-01 -1.07557413223876e+00 -1.33323430464568e+00 -1.11036262562020e+00 0.00000000000000e+00 -3.74810995010986e-11 -1.46839983174009e+00 0.00000000000000e+00 -3.50574803694582e-11 -1.54867386716069e+00 0.00000000000000e+00 9.01396873588245e-11 -1.41155184474264e+00 0.00000000000000e+00 -2.97765125914466e-13 -2.38038431626475e+00 -2.85795006699290e+00 -3.53089957597702e+00 0.00000000000000e+00 0.00000000000000e+00 4.47825749046913e-01
 0.00000000000000e+00 0.00000000000000e+00 0.00000000000000e+00 -2.52218834076269e-01 0.00000000000000e+00 0.00000000000000e+00 0.00000000000000e+00 0.00000000000000e+00 0.00000000000000e+00 0.00000000000000e+00 0.00000000000000e+00 -1.24397364486399e+00 0.00000000000000e+00 0.00000000000000e+00 -1.21809949151779e+00 0.00000000000000e+00 0.00000000000000e+00 0.00000000000000e+00 0.00000000000000e+00 0.00000000000000e+00 -1.17185676938565e+00 0.00000000000000e+00 0.00000000000000e+00 0.00000000000000e+00 0.00000000000000e+00 -2.28187112787024e+00 0.00000000000000e+00 0.00000000000000e+00
 7.03857031378904e-10 6.38460962684498e-10 3.14914721401718e-10 0.00000000000000e+00 -2.52218834066934e-01 1.36088539341127e-09 0.00000000000000e+00 -5.74545136412315e-12 -9.52192903564950e-11 -2.21384377190053e-10 -2.02572734113109e-10 0.00000000000000e+00 -1.24397364486197e+00 3.56712047183904e-10 0.00000000000000e+00 -1.21809949151575e+00 3.33803425013814e-10 0.00000000000000e+00 -1.17185676939089e+00 -4.95525426657155e-10 0.00000000000000e+00 0.00000000000000e+00 0.00000000000000e+00 0.00000000000000e+00 0.00000000000000e+00 0.00000000000000e+00 -2.28187112787024e+00 0.00000000000000e+00
 8.53443301361201e-01 7.57193839760916e-01 4.30720276982255e-01 0.00000000000000e+00 -1.36088539337360e-09 1.11109695278768e+00 1.63697469593871e+00 2.13818620816198e+00 2.52301410036481e+00 1.94218211717671e+00 1.13121504276379e+00 0.00000000000000e+00 7.07330559519139e-10 1.81921618381349e-01 0.00000000000000e+00 6.61817488412632e-10 9.05181476059922e-01 0.00000000000000e+00 -1.70163805560307e-09 1.53413940289867e-01 0.00000000000000e+00 5.31461025069269e-12 6.65917470992690e-01 6.44106597502311e-01 4.47825749046913e-01 0.00000000000000e+00 0.00000000000000e+00 -2.82310812014562e+00
T:
 2.38050000000001e-01 3.07733416483654e-01 4.24373116385716e-01 0.00000000000000e+00 0.00000000000000e+00 0.00000000000000e+00 5.43937445417992e-03 1.58358911369553e-02 6.15919025200548e-02 9.55564726300293e-02 7.52443540940989e-02 0.00000000000000e+00 0.00000000000000e+00 -1.50636644683050e-01 0.00000000000000e+00 0.00000000000000e+00 -1.50994733492189e-01 0.00000000000000e+00 0.00000000000000e+00 1.61503448737681e-01 0.00000000000000e+00 0.00000000000000e+00 8.12566084899004e-03 1.71059128808642e-03 -4.44204296040060e-03 0.00000000000000e+00 0.00000000000000e+00 -2.29208547376345e-02
 3.07733416483654e-01 4.23200000000001e-01 6.52157136459652e-01 0.00000000000000e+00 0.00000000000000e+00 0.00000000000000e+00 6.45432770030165e-06 6.99997982664219e-03 5.73624372925163e-02 9.85947281029010e-02 7.34331525973345e-02 0.00000000000000e+00 0.00000000000000e+00 -1.82034275381476e-01 0.00000000000000e+00 0.00000000000000e+00 -1.95117052172077e-01 0.00000000000000e+00 0.00000000000000e+00 2.44491424942215e-01 0.00000000000000e+00 0.00000000000000e+00 1.71059128808699e-03 -4.53558435111256e-03 -8.55296849711781e-03 0.00000000000000e+00 0.00000000000000e+00 -1.40515506553499e-02
 4.24373116385716e-01 6.52157136459652e-01 1.24820000000000e+00 0.00000000000000e+00 0.00000000000000e+00 0.00000000000000e+00 -1.70949615660807e-02 -2.64758238561077e-02 1.45873425205028e-02 7.49685496014419e-02 5.55536723458055e-02 0.00000000000000e+00 0.00000000000000e+00 -1.84728106276319e-01 0.00000000000000e+00 0.00000000000000e+00 -2.08224955301302e-01 0.00000000000000e+00 0.00000000000000e+00 3.73624454501497e-01 0.00000000000000e+00 0.00000000000000e+00 -4.44204296040064e-03 -8.55296849711790e-03 -8.13160046617240e-03 0.00000000000000e+00 0.00000000000000e+00 5.41745933926616e-03
 0.00000000000000e+00 0.00000000000000e+00 0.00000000000000e+00 7.81250000000001e-01 0.00000000000000e+00 0.00000000000000e+00 0.00000000000000e+00 0.00000000000000e+00 0.00000000000000e+00 0.00000000000000e+00 0.00000000000000e+00 1.70796226530851e-01 0.00000000000000e+00 0.00000000000000e+00 1.85232157679836e-01 0.00000000000000e+00 0.00000000000000e+00 0.00000000000000e+00 0.00000000000000e+00 0.00000000000000e+00 -3.53533509874257e-01 0.00000000000000e+00 0.00000000000000e+00 0.00000000000000e+00 0.00000000000000e+00 7.19285666659156e-03 0.00000000000000e+00 0.00000000000000e+00
 0.00000000000000e+00 0.00000000000000e+00 0.00000000000000e+00 0.00000000000000e+00 7.81250000000001e-01 0.00000000000000e+00 0.00000000000000e+00 0.00000000000000e+00 0.00000000000000e+00 0.00000000000000e+00 0.00000000000000e+00 0.00000000000000e+00 1.70796226530851e-01 0.00000000000000e+00 0.00000000000000e+00 1.85232157679836e-01 0.00000000000000e+00 0.00000000000000e+00 -3.53533509874257e-01 0.00000000000000e+00 0.00000000000000e+00 0.00000000000000e+00 0.00000000000000e+00 0.00000000000000e+00 0.00000000000000e+00 0.00000000000000e+00 7.19285666659156e-03 0.00000000000000e+00
 0.00000000000000e+00 0.00000000000000e+00 0.00000000000000e+00 0.00000000000000e+00 0.00000000000000e+00 7.81250000000001e-01 4.81141968636765e-02 1.14332976045452e-01 2.57735617424815e-01 1.86807624047859e-01 6.58975367690430e-02 0.00000000000000e+00 0.00000000000000e+00 -1.04838072155044e-01 0.00000000000000e+00 0.00000000000000e+00 -3.11240766350859e-01 0.00000000000000e+00 0.00000000000000e+00 1.93602595393818e-01 0.00000000000000e+00 0.00000000000000e+00 2.29208547376345e-02 1.40515506553501e-02 -5.41745933926610e-03 0.00000000000000e+00 0.00000000000000e+00 -7.05654983112877e-02
 5.43937445417992e-03 6.45432770030165e-06 -1.70949615660807e-02 0.00000000000000e+00 0.00000000000000e+00 4.81141968636765e-02 1.49058000000000e+01 7.79055092174894e+00 -3.46352796461874e-01 -4.01126764466698e-01 -2.22353374980054e-01 0.00000000000000e+00 0.00000000000000e+00 0.00000000000000e+00 0.00000000000000e+00 0.00000000000000e+00 0.00000000000000e+00 0.00000000000000e+00 0.00000000000000e+00 0.00000000000000e+00 0.00000000000000e+00 0.00000000000000e+00 5.43937445416875e-03 6.45432769095406e-06 -1.70949615660840e-02 0.00000000000000e+00 0.00000000000000e+00 -4.81141968636547e-02
 1.58358911369553e-02 6.99997982664219e-03 -2.64758238561077e-02 0.00000000000000e+00 0.00000000000000e+00 1.14332976045452e-01 7.79055092174894e+00 5.05620000000001e+00 4.53153257090926e-01 -1.35172315838054e-01 -1.47413732117827e-01 0.00000000000000e+00 0.00000000000000e+00 0.00000000000000e+00 0.00000000000000e+00 0.00000000000000e+00 0.00000000000000e+00 0.00000000000000e+00 0.00000000000000e+00 0.00000000000000e+00 0.00000000000000e+00 0.00000000000000e+00 1.58358911369552e-02 6.99997982664061e-03 -2.64758238561078e-02 0.00000000000000e+00 0.00000000000000e+00 -1.14332976045449e-01
 6.15919025200548e-02 5.73624372925163e-02 1.45873425205028e-02 0.00000000000000e+00 0.00000000000000e+00 2.57735617424815e-01 -3.46352796461874e-01 4.53153257090926e-01 8.21400000000003e-01 2.95165956813421e-01 6.01687801757280e-02 0.00000000000000e+00 0.00000000000000e+00 0.00000000000000e+00 0.00000000000000e+00 0.00000000000000e+00 0.00000000000000e+00 0.00000000000000e+00 0.00000000000000e+00 0.00000000000000e+00 0.00000000000000e+00 0.00000000000000e+00 6.15919025200588e-02 5.73624372925176e-02 1.45873425205027e-02 0.00000000000000e+00 0.00000000000000e+00 -2.57735617424816e-01
 9.55564726300293e-02 9.85947281029010e-02 7.49685496014419e-02 0.00000000000000e+00 0.00000000000000e+00 1.86807624047859e-01 -4.01126764466698e-01 -1.35172315838054e-01 2.95165956813421e-01 2.48066666666667e-01 1.25848877580605e-01 0.00000000000000e+00 0.00000000000000e+00 0.00000000000000e+00 0.00000000000000e+00 0.00000000000000e+00 0.00000000000000e+00 0.00000000000000e+00 0.00000000000000e+00 0.00000000000000e+00 0.00000000000000e+00 0.00000000000000e+00 9.55564726300458e-02 9.85947281029036e-02 7.49685496014406e-02 0.00000000000000e+00 0.00000000000000e+00 -1.86807624047856e-01
 7.52443540940989e-02 7.34331525973345e-02 5.55536723458055e-02 0.00000000000000e+00 0.00000000000000e+00 6.58975367690430e-02 -2.22353374980054e-01 -1.47413732117827e-01 6.01687801757280e-02 1.25848877580605e-01 1.01400000000000e-01 0.00000000000000e+00 0.00000000000000e+00 0.00000000000000e+00 0.00000000000000e+00 0.00000000000000e+00 0.00000000000000e+00 0.00000000000000e+00 0.00000000000000e+00 0.00000000000000e+00 0.00000000000000e+00 0.00000000000000e+00 7.52443540940824e-02 7.34331525973080e-02 5.55536723457983e-02 0.00000000000000e+00 0.00000000000000e+00 -6.58975367690369e-02
