S:
 1.00000000000000e+00 9.69544475373831e-01 7.78523420263646e-01 0.00000000000000e+00 0.00000000000000e+00 1.10575534520795e-18 8.66485191442273e-01 8.04202209166433e-01 5.77379421950521e-01 -4.47826665051412e-17 -2.01419920723353e-18 -4.12341602099634e-01
 9.69544475373831e-01 1.00000000000000e+00 8.97299307181686e-01 0.00000000000000e+00 0.00000000000000e+00 8.51210861618233e-19 8.04202209166434e-01 7.83355506990665e-01 6.06519772113581e-01 -4.14797660865542e-17 -2.00002910391040e-18 -5.09299706416249e-01
 7.78523420263646e-01 8.97299307181686e-01 1.00000000000000e+00 0.00000000000000e+00 0.00000000000000e+00 0.00000000000000e+00 5.77379421950521e-01 6.06519772113581e-01 5.29807102319782e-01 -2.74663911930447e-17 -1.33553809947844e-18 -5.81401982087858e-01
 0.00000000000000e+00 0.00000000000000e+00 0.00000000000000e+00 1.00000000000000e+00 0.00000000000000e+00 0.00000000000000e+00 -4.48806218407739e-17 -4.13807377019608e-17 -2.74618000289001e-17 7.52552699213076e-01 -6.48551637734321e-18 3.00667152522510e-17
 0.00000000000000e+00 0.00000000000000e+00 0.00000000000000e+00 0.00000000000000e+00 1.00000000000000e+00 -2.54787897262870e-19 -1.84663411735672e-18 -1.86098884439300e-18 -1.31412524653464e-18 -6.44961925524755e-18 7.52552699213076e-01 1.39417941572471e-18
 1.10575534520795e-18 8.51210861618233e-19 0.00000000000000e+00 0.00000000000000e+00 -2.54787897262870e-19 1.00000000000000e+00 4.12341602099634e-01 5.09299706416249e-01 5.81401982087858e-01 -2.99306732896963e-17 -1.26118844564407e-18 3.50838400390733e-01
 8.66485191442273e-01 8.04202209166434e-01 5.77379421950521e-01 -4.48806218407739e-17 -1.84663411735672e-18 4.12341602099634e-01 1.00000000000000e+00 9.69544475373831e-01 7.78523420263646e-01 0.00000000000000e+00 0.00000000000000e+00 1.10575534520795e-18
 8.04202209166433e-01 7.83355506990665e-01 6.06519772113581e-01 -4.13807377019608e-17 -1.86098884439300e-18 5.09299706416249e-01 9.69544475373831e-01 1.00000000000000e+00 8.97299307181686e-01 0.00000000000000e+00 0.00000000000000e+00 8.51210861618233e-19
 5.77379421950521e-01 6.06519772113581e-01 5.29807102319782e-01 -2.74618000289001e-17 -1.31412524653464e-18 5.81401982087858e-01 7.78523420263646e-01 8.97299307181686e-01 1.00000000000000e+00 0.00000000000000e+00 0.00000000000000e+00 0.00000000000000e+00
 -4.47826665051412e-17 -4.14797660865542e-17 -2.74663911930447e-17 7.52552699213076e-01 -6.44961925524755e-18 -2.99306732896963e-17 0.00000000000000e+00 0.00000000000000e+00 0.00000000000000e+00 1.00000000000000e+00 0.00000000000000e+00 0.00000000000000e+00
 -2.01419920723353e-18 -2.00002910391040e-18 -1.33553809947844e-18 -6.48551637734321e-18 7.52552699213076e-01 -1.26118844564407e-18 0.00000000000000e+00 0.00000000000000e+00 0.00000000000000e+00 0.00000000000000e+00 1.00000000000000e+00 -2.54787897262870e-19
 -4.12341602099634e-01 -5.09299706416249e-01 -5.81401982087858e-01 3.00667152522510e-17 1.39417941572471e-18 3.50838400390733e-01 1.10575534520795e-18 8.51210861618233e-19 0.00000000000000e+00 0.00000000000000e+00 -2.54787897262870e-19 1.00000000000000e+00
En:
 -1.20070786627553e+00 -1.31818646082149e+00 -1.37947660526897e+00 2.65507995231537e-17 -9.02884509188486e-19 -2.04996413308223e-01 -1.03225468638952e+00 -1.07994896283501e+00 -9.94972737303987e-01 5.04949899610539e-17 2.31041375235705e-18 6.81248328501199e-01
 -1.31818646082149e+00 -1.50971044257697e+00 -1.70901694178330e+00 2.77699381175796e-17 1.23395157615361e-18 -2.18203323980058e-01 -1.07994896283501e+00 -1.16058671056366e+00 -1.10971662700761e+00 5.08343327716982e-17 2.10079738230244e-18 8.69810281003679e-01
 -1.37947660526897e+00 -1.70901694178330e+00 -2.26636898025114e+00 2.44315773398715e-17 4.90961739307038e-18 -1.89734094958827e-01 -9.94972737303987e-01 -1.10971662700761e+00 -1.11001952814451e+00 4.06921914414087e-17 1.84196464657248e-18 1.13544135677299e+00
 2.65507995231537e-17 2.77699381175796e-17 2.44315773398715e-17 -1.09884437724829e+00 4.14742632173590e-18 7.62614974081802e-18 5.06293090005262e-17 5.08613558444842e-17 4.06629540147274e-17 -8.18655174563982e-01 7.09369623626702e-18 -4.08713362412097e-17
 -9.02884509188486e-19 1.23395157615361e-18 4.90961739307038e-18 4.14742632173590e-18 -1.09884437724829e+00 3.06638961150978e-19 2.17005974208878e-18 2.21542950871198e-18 1.79776808303952e-18 7.15886593922491e-18 -8.18655174563982e-01 -1.85620710787972e-18
 -2.04996413308223e-01 -2.18203323980058e-01 -1.89734094958827e-01 7.62614974081802e-18 3.06638961150978e-19 -1.27140944241714e+00 -6.81248328501199e-01 -8.69810281003678e-01 -1.13544135677299e+00 4.08175457252250e-17 1.55739465665526e-18 -2.08476677302162e-01
 -1.03225468638952e+00 -1.07994896283501e+00 -9.94972737303987e-01 5.06293090005262e-17 2.17005974208878e-18 -6.81248328501199e-01 -1.20070786627553e+00 -1.31818646082149e+00 -1.37947660526897e+00 2.65063853359591e-17 -9.82335998612240e-19 2.04996413308223e-01
 -1.07994896283501e+00 -1.16058671056366e+00 -1.10971662700761e+00 5.08613558444842e-17 2.21542950871198e-18 -8.69810281003678e-01 -1.31818646082149e+00 -1.50971044257697e+00 -1.70901694178330e+00 2.76931577250049e-17 1.18715207074906e-18 2.18203323980059e-01
 -9.94972737303987e-01 -1.10971662700761e+00 -1.11001952814451e+00 4.06629540147274e-17 1.79776808303952e-18 -1.13544135677299e+00 -1.37947660526897e+00 -1.70901694178330e+00 -2.26636898025115e+00 2.42917995889963e-17 4.82089614626985e-18 1.89734094958827e-01
 5.04949899610539e-17 5.08343327716982e-17 4.06921914414087e-17 -8.18655174563982e-01 7.15886593922491e-18 4.08175457252250e-17 2.65063853359591e-17 2.76931577250049e-17 2.42917995889963e-17 -1.09884437724829e+00 4.08348190975002e-18 -7.63825728746005e-18
 2.31041375235705e-18 2.10079738230244e-18 1.84196464657248e-18 7.09369623626702e-18 -8.18655174563982e-01 1.55739465665526e-18 -9.82335998612240e-19 1.18715207074906e-18 4.82089614626985e-18 4.08348190975002e-18 -1.09884437724829e+00 -3.62697120873249e-19
 6.81248328501199e-01 8.69810281003679e-01 1.13544135677299e+00 -4.08713362412097e-17 -1.85620710787972e-18 -2.08476677302162e-01 2.04996413308223e-01 2.18203323980059e-01 1.89734094958827e-01 -7.63825728746005e-18 -3.62697120873249e-19 -1.27140944241714e+00
T:
 2.38050000000001e-01 3.07733416483654e-01 4.24373116385716e-01 -0.00000000000000e+00 -0.00000000000000e+00 -1.38219418150993e-19 1.49861066981552e-01 1.70554667014094e-01 1.63120379389404e-01 -5.95169986307448e-18 -2.38693895267244e-19 -2.21780776123258e-01
 3.07733416483654e-01 4.23200000000001e-01 6.52157136459652e-01 -0.00000000000000e+00 -8.51210861618233e-19 -4.25605430809117e-19 1.70554667014094e-01 2.02353836300836e-01 2.04415065235162e-01 -5.17371974693094e-18 -2.25270153162784e-19 -3.20369997933743e-01
 4.24373116385716e-01 6.52157136459652e-01 1.24820000000000e+00 -0.00000000000000e+00 -9.57879878452662e-19 -0.00000000000000e+00 1.63120379389401e-01 2.04415065235164e-01 2.15610202118609e-01 1.06603709533445e-18 2.63018769553935e-20 -4.78691275124618e-01
 -0.00000000000000e+00 -0.00000000000000e+00 -0.00000000000000e+00 7.81250000000001e-01 -0.00000000000000e+00 -0.00000000000000e+00 -3.07074296340298e-17 -3.28717509807781e-17 -2.77875816463440e-17 4.35387171944766e-01 -3.72499089668834e-18 4.03675392005467e-17
 -0.00000000000000e+00 -8.51210861618233e-19 -9.57879878452662e-19 -0.00000000000000e+00 7.81250000000001e-01 2.81789431493817e-19 -1.26753139232902e-18 -1.37311730609832e-18 -1.15297517951945e-18 -3.74546574700101e-18 4.35387171944766e-01 1.96874991981420e-18
 -1.38219418150993e-19 -4.25605430809117e-19 -0.00000000000000e+00 -0.00000000000000e+00 2.81789431493817e-19 7.81250000000001e-01 2.21780776123261e-01 3.20369997933741e-01 4.78691275124621e-01 -1.48380868760389e-17 -5.42350070992069e-19 -1.34966536775636e-02
 1.49861066981552e-01 1.70554667014094e-01 1.63120379389401e-01 -3.07074296340298e-17 -1.26753139232902e-18 2.21780776123261e-01 2.38050000000001e-01 3.07733416483654e-01 4.24373116385716e-01 -0.00000000000000e+00 -0.00000000000000e+00 -1.38219418150993e-19
 1.70554667014094e-01 2.02353836300836e-01 2.04415065235164e-01 -3.28717509807781e-17 -1.37311730609832e-18 3.20369997933741e-01 3.07733416483654e-01 4.23200000000001e-01 6.52157136459652e-01 -0.00000000000000e+00 -8.51210861618233e-19 -4.25605430809117e-19
 1.63120379389404e-01 2.04415065235162e-01 2.15610202118609e-01 -2.77875816463440e-17 -1.15297517951945e-18 4.78691275124621e-01 4.24373116385716e-01 6.52157136459652e-01 1.24820000000000e+00 -0.00000000000000e+00 -9.57879878452662e-19 -0.00000000000000e+00
 -5.95169986307448e-18 -5.17371974693094e-18 1.06603709533445e-18 4.35387171944766e-01 -3.74546574700101e-18 -1.48380868760389e-17 -0.00000000000000e+00 -0.00000000000000e+00 -0.00000000000000e+00 7.81250000000001e-01 -0.00000000000000e+00 -0.00000000000000e+00
 -2.38693895267244e-19 -2.25270153162784e-19 2.63018769553935e-20 -3.72499089668834e-18 4.35387171944766e-01 -5.42350070992069e-19 -0.00000000000000e+00 -8.51210861618233e-19 -9.57879878452662e-19 -0.00000000000000e+00 7.81250000000001e-01 2.81789431493817e-19
 -2.21780776123258e-01 -3.20369997933743e-01 -4.78691275124618e-01 4.03675392005467e-17 1.96874991981420e-18 -1.34966536775636e-02 -1.38219418150993e-19 -4.25605430809117e-19 -0.00000000000000e+00 -0.00000000000000e+00 2.81789431493817e-19 7.81250000000001e-01
