A:
 6.29224614162353e+00 8.18419944359619e+00 1.03746955609809e+01 1.28472297458189e+01 0.00000000000000e+00 0.00000000000000e+00 0.00000000000000e+00 0.00000000000000e+00 0.00000000000000e+00 0.00000000000000e+00 4.03041904101450e+00 5.72741898052779e+00 7.88733195249206e+00 1.04949104984305e+01 0.00000000000000e+00 -2.90447831831446e+00 0.00000000000000e+00 0.00000000000000e+00 -3.52229005073326e+00 0.00000000000000e+00
 8.18419944359619e+00 1.09314481858048e+01 1.42183172981978e+01 1.80238414734201e+01 0.00000000000000e+00 0.00000000000000e+00 0.00000000000000e+00 0.00000000000000e+00 0.00000000000000e+00 0.00000000000000e+00 5.72741898052780e+00 8.16397573028248e+00 1.13077637207969e+01 1.51652000705103e+01 0.00000000000000e+00 -3.62802444800603e+00 0.00000000000000e+00 0.00000000000000e+00 -4.48244102426084e+00 0.00000000000000e+00
 1.03746955609809e+01 1.42183172981978e+01 1.89910815230923e+01 2.47013221250875e+01 0.00000000000000e+00 0.00000000000000e+00 0.00000000000000e+00 0.00000000000000e+00 0.00000000000000e+00 0.00000000000000e+00 7.88733195249216e+00 1.13077637207969e+01 1.58005663568214e+01 2.14306352209418e+01 0.00000000000000e+00 -4.22509425439749e+00 0.00000000000000e+00 0.00000000000000e+00 -5.34455004528772e+00 0.00000000000000e+00
 1.28472297458189e+01 1.80238414734201e+01 2.47013221250875e+01 3.29929915310837e+01 0.00000000000000e+00 0.00000000000000e+00 0.00000000000000e+00 0.00000000000000e+00 0.00000000000000e+00 0.00000000000000e+00 1.04949104984307e+01 1.51652000705102e+01 2.14306352209416e+01 2.94824965885600e+01 0.00000000000000e+00 -4.56461096421052e+00 0.00000000000000e+00 0.00000000000000e+00 -5.93232329371375e+00 0.00000000000000e+00
 0.00000000000000e+00 0.00000000000000e+00 0.00000000000000e+00 0.00000000000000e+00 5.34070369631429e+00 0.00000000000000e+00 0.00000000000000e+00 6.34077990610480e+00 0.00000000000000e+00 0.00000000000000e+00 0.00000000000000e+00 0.00000000000000e+00 0.00000000000000e+00 0.00000000000000e+00 3.54880272103472e+00 0.00000000000000e+00 0.00000000000000e+00 4.50141292687884e+00 0.00000000000000e+00 0.00000000000000e+00
 0.00000000000000e+00 0.00000000000000e+00 0.00000000000000e+00 0.00000000000000e+00 0.00000000000000e+00 5.34070369631429e+00 0.00000000000000e+00 0.00000000000000e+00 6.34077990610480e+00 0.00000000000000e+00 2.90447831831444e+00 3.62802444800606e+00 4.22509425439748e+00 4.56461096421052e+00 0.00000000000000e+00 9.44811981496634e-01 0.00000000000000e+00 0.00000000000000e+00 1.69258583128296e+00 0.00000000000000e+00
 0.00000000000000e+00 0.00000000000000e+00 0.00000000000000e+00 0.00000000000000e+00 0.00000000000000e+00 0.00000000000000e+00 5.34070369631429e+00 0.00000000000000e+00 0.00000000000000e+00 6.34077990610480e+00 0.00000000000000e+00 0.00000000000000e+00 -1.00984434190368e-15 -1.39143646400630e-15 0.00000000000000e+00 0.00000000000000e+00 3.54880272103472e+00 0.00000000000000e+00 0.00000000000000e+00 4.50141292687884e+00
 0.00000000000000e+00 0.00000000000000e+00 0.00000000000000e+00 0.00000000000000e+00 6.34077990610480e+00 0.00000000000000e+00 0.00000000000000e+00 7.79082034049972e+00 0.00000000000000e+00 0.00000000000000e+00 0.00000000000000e+00 0.00000000000000e+00 0.00000000000000e+00 0.00000000000000e+00 4.50141292687884e+00 0.00000000000000e+00 0.00000000000000e+00 5.83078656201972e+00 0.00000000000000e+00 0.00000000000000e+00
 0.00000000000000e+00 0.00000000000000e+00 0.00000000000000e+00 0.00000000000000e+00 0.00000000000000e+00 6.34077990610480e+00 0.00000000000000e+00 0.00000000000000e+00 7.79082034049972e+00 0.00000000000000e+00 3.52229005073324e+00 4.48244102426076e+00 5.34455004528769e+00 5.93232329371381e+00 0.00000000000000e+00 1.69258583128296e+00 0.00000000000000e+00 0.00000000000000e+00 2.71110725426712e+00 0.00000000000000e+00
 0.00000000000000e+00 0.00000000000000e+00 0.00000000000000e+00 0.00000000000000e+00 0.00000000000000e+00 0.00000000000000e+00 6.34077990610480e+00 0.00000000000000e+00 0.00000000000000e+00 7.79082034049972e+00 0.00000000000000e+00 0.00000000000000e+00 -1.23959028621902e-15 -1.72179319258455e-15 0.00000000000000e+00 0.00000000000000e+00 4.50141292687884e+00 0.00000000000000e+00 0.00000000000000e+00 5.83078656201972e+00
 4.03041904101450e+00 5.72741898052780e+00 7.88733195249216e+00 1.04949104984307e+01 0.00000000000000e+00 2.90447831831444e+00 0.00000000000000e+00 0.00000000000000e+00 3.52229005073324e+00 0.00000000000000e+00 6.29224614162353e+00 8.18419944359619e+00 1.03746955609809e+01 1.28472297458189e+01 0.00000000000000e+00 0.00000000000000e+00 0.00000000000000e+00 0.00000000000000e+00 0.00000000000000e+00 0.00000000000000e+00
 5.72741898052779e+00 8.16397573028248e+00 1.13077637207969e+01 1.51652000705102e+01 0.00000000000000e+00 3.62802444800606e+00 0.00000000000000e+00 0.00000000000000e+00 4.48244102426076e+00 0.00000000000000e+00 8.18419944359619e+00 1.09314481858048e+01 1.42183172981978e+01 1.80238414734201e+01 0.00000000000000e+00 0.00000000000000e+00 0.00000000000000e+00 0.00000000000000e+00 0.00000000000000e+00 0.00000000000000e+00
 7.88733195249206e+00 1.13077637207969e+01 1.58005663568214e+01 2.14306352209416e+01 0.00000000000000e+00 4.22509425439748e+00 -1.00984434190368e-15 0.00000000000000e+00 5.34455004528769e+00 -1.23959028621902e-15 1.03746955609809e+01 1.42183172981978e+01 1.89910815230923e+01 2.47013221250875e+01 0.00000000000000e+00 0.00000000000000e+00 0.00000000000000e+00 0.00000000000000e+00 0.00000000000000e+00 0.00000000000000e+00
 1.04949104984305e+01 1.51652000705103e+01 2.14306352209418e+01 2.94824965885600e+01 0.00000000000000e+00 4.56461096421052e+00 -1.39143646400630e-15 0.00000000000000e+00 5.93232329371381e+00 -1.72179319258455e-15 1.28472297458189e+01 1.80238414734201e+01 2.47013221250875e+01 3.29929915310837e+01 0.00000000000000e+00 0.00000000000000e+00 0.00000000000000e+00 0.00000000000000e+00 0.00000000000000e+00 0.00000000000000e+00
 0.00000000000000e+00 0.00000000000000e+00 0.00000000000000e+00 0.00000000000000e+00 3.54880272103472e+00 0.00000000000000e+00 0.00000000000000e+00 4.50141292687884e+00 0.00000000000000e+00 0.00000000000000e+00 0.00000000000000e+00 0.00000000000000e+00 0.00000000000000e+00 0.00000000000000e+00 5.34070369631429e+00 0.00000000000000e+00 0.00000000000000e+00 6.34077990610480e+00 0.00000000000000e+00 0.00000000000000e+00
 -2.90447831831446e+00 -3.62802444800603e+00 -4.22509425439749e+00 -4.56461096421052e+00 0.00000000000000e+00 9.44811981496634e-01 0.00000000000000e+00 0.00000000000000e+00 1.69258583128296e+00 0.00000000000000e+00 0.00000000000000e+00 0.00000000000000e+00 0.00000000000000e+00 0.00000000000000e+00 0.00000000000000e+00 5.34070369631429e+00 0.00000000000000e+00 0.00000000000000e+00 6.34077990610480e+00 0.00000000000000e+00
 0.00000000000000e+00 0.00000000000000e+00 0.00000000000000e+00 0.00000000000000e+00 0.00000000000000e+00 0.00000000000000e+00 3.54880272103472e+00 0.00000000000000e+00 0.00000000000000e+00 4.50141292687884e+00 0.00000000000000e+00 0.00000000000000e+00 0.00000000000000e+00 0.00000000000000e+00 0.00000000000000e+00 0.00000000000000e+00 5.34070369631429e+00 0.00000000000000e+00 0.00000000000000e+00 6.34077990610480e+00
 0.00000000000000e+00 0.00000000000000e+00 0.00000000000000e+00 0.00000000000000e+00 4.50141292687884e+00 0.00000000000000e+00 0.00000000000000e+00 5.83078656201972e+00 0.00000000000000e+00 0.00000000000000e+00 0.00000000000000e+00 0.00000000000000e+00 0.00000000000000e+00 0.00000000000000e+00 6.34077990610480e+00 0.00000000000000e+00 0.00000000000000e+00 7.79082034049972e+00 0.00000000000000e+00 0.00000000000000e+00
 -3.52229005073326e+00 -4.48244102426084e+00 -5.34455004528772e+00 -5.93232329371375e+00 0.00000000000000e+00 1.69258583128296e+00 0.00000000000000e+00 0.00000000000000e+00 2.71110725426712e+00 0.00000000000000e+00 0.00000000000000e+00 0.00000000000000e+00 0.00000000000000e+00 0.00000000000000e+00 0.00000000000000e+00 6.34077990610480e+00 0.00000000000000e+00 0.00000000000000e+00 7.79082034049972e+00 0.00000000000000e+00
 0.00000000000000e+00 0.00000000000000e+00 0.00000000000000e+00 0.00000000000000e+00 0.00000000000000e+00 0.00000000000000e+00 4.50141292687884e+00 0.00000000000000e+00 0.00000000000000e+00 5.83078656201972e+00 0.00000000000000e+00 0.00000000000000e+00 0.00000000000000e+00 0.00000000000000e+00 0.00000000000000e+00 0.00000000000000e+00 6.34077990610480e+00 0.00000000000000e+00 0.00000000000000e+00 7.79082034049972e+00
