Pao:
 6.17321328314532e-02 3.23815033507859e-01 -2.79049360982314e-02 -1.87365721996975e-02 6.60710646137496e-03 1.75137738707370e-05 0. -2.70556411098183e-03 -6.28849997268240e-05 0. -9.14346635545057e-03 0. 0. -1.68229687861707e-03 -1.05634250700258e-05 3.47052755906405e-08 -9.25217919669258e-03 -1.34141393063872e-02 -4.26071965063430e-03 1.10023525456690e-05 0. -2.50115293567740e-04
 3.23815033507859e-01 1.69865762708481e+00 -1.45858457751072e-01 -1.02748478663992e-01 3.59829965251648e-02 2.17525501237954e-05 0. -1.53566330696872e-02 -2.45582065870995e-04 0. -4.92550141781372e-02 0. 0. -9.04267633561479e-03 -5.65237794834808e-05 1.91610930199294e-07 -5.19514073389781e-02 -7.60027311793682e-02 -2.36887644020807e-02 5.83652280227247e-05 0. -9.09068763503450e-04
 -2.79049360982314e-02 -1.45858457751072e-01 1.55639350323228e-02 -1.70387746583824e-02 4.58417263502467e-03 -4.08389770456883e-04 0. -5.42892591588221e-03 5.09801657155128e-04 0. -3.25247113694729e-03 0. 0. -4.85885564334744e-04 -1.58475337666074e-06 3.89429591382159e-08 -1.53470026701356e-02 -2.61443926472771e-02 -5.72310403387244e-03 -1.24635813833613e-06 0. 2.41430734724990e-03
 -1.87365721996975e-02 -1.02748478663992e-01 -1.70387746583824e-02 2.26254752453376e-01 -6.74693254621398e-02 3.45753535690120e-03 0. 5.83397635776498e-02 -4.14332161976730e-03 0. 6.66378769493522e-02 0. 0. 1.12875698937851e-02 5.81984275820635e-05 -4.82921426223240e-07 1.71676040031068e-01 2.82571018252326e-01 6.74341134822603e-02 -3.55669290272480e-05 0. -1.98227472170852e-02
 6.60710646137496e-03 3.59829965251648e-02 4.58417263502467e-03 -6.74693254621398e-02 2.01366828693298e-02 -1.02589046937397e-03 0. -1.73609358912439e-02 1.22866111969194e-03 0. -1.99328935208414e-02 0. 0. -3.37862961522500e-03 -1.74521507629373e-05 1.43917922393760e-07 -5.11097822842239e-02 -8.40936463895808e-02 -2.00864690701122e-02 1.07426206655276e-05 0. 5.87909989699192e-03
 1.75137738707370e-05 2.17525501237954e-05 -4.08389770456883e-04 3.45753535690120e-03 -1.02589046937397e-03 5.43707000240699e-05 0. 9.02257119206005e-04 -6.53664100257440e-05 0. 1.00003143437918e-03 0. 0. 1.68717931546871e-04 8.60365520520935e-07 -7.40650321272991e-09 2.64855048477764e-03 4.36855580907214e-03 1.03718405879154e-03 -5.02841673311718e-07 0. -3.12474014153165e-04
 0. 0. 0. 0. 0. 0. 0. 0. 0. 0. 0. 0. 0. 0. 0. 0. 0. 0. 0. 0. 0. 0.
 -2.70556411098183e-03 -1.53566330696872e-02 -5.42892591588221e-03 5.83397635776498e-02 -1.73609358912439e-02 9.02257119206005e-04 0. 1.51179829680645e-02 -1.08269555176771e-03 0. 1.70545272438395e-02 0. 0. 2.88409409962823e-03 1.48035756052156e-05 -1.24707958466831e-07 4.44420060063682e-02 7.32136289923294e-02 1.74346311062352e-02 -8.88634484044327e-06 0. -5.17810975084458e-03
 -6.28849997268240e-05 -2.45582065870995e-04 5.09801657155128e-04 -4.14332161976730e-03 1.22866111969194e-03 -6.53664100257440e-05 0. -1.08269555176771e-03 7.86141937240598e-05 0. -1.19585932406659e-03 0. 0. -2.01661915453316e-04 -1.02701618567519e-06 8.87922944504306e-09 -3.17733466866852e-03 -5.24199107079311e-03 -1.24382625613015e-03 5.96968765071777e-07 0. 3.75768775947306e-04
 0. 0. 0. 0. 0. 0. 0. 0. 0. 0. 0. 0. 0. 0. 0. 0. 0. 0. 0. 0. 0. 0.
 -9.14346635545057e-03 -4.92550141781372e-02 -3.25247113694729e-03 6.66378769493522e-02 -1.99328935208414e-02 1.00003143437918e-03 0. 1.70545272438395e-02 -1.19585932406659e-03 0. 1.98449392569169e-02 0. 0. 3.36951120816325e-03 1.74869348300766e-05 -1.41914421243612e-07 5.02639827318028e-02 8.26229474943346e-02 1.97813603121451e-02 -1.09607050586625e-05 0. -5.72436409691981e-03
 0. 0. 0. 0. 0. 0. 0. 0. 0. 0. 0. 0. 0. 0. 0. 0. 0. 0. 0. 0. 0. 0.
 0. 0. 0. 0. 0. 0. 0. 0. 0. 0. 0. 0. 0. 0. 0. 0. 0. 0. 0. 0. 0. 0.
 -1.68229687861707e-03 -9.04267633561479e-03 -4.85885564334744e-04 1.12875698937851e-02 -3.37862961522500e-03 1.68717931546871e-04 0. 2.88409409962823e-03 -2.01661915453316e-04 0. 3.36951120816325e-03 0. 0. 5.72408880180974e-04 2.97479745344636e-06 -2.40266869587380e-08 8.50303560168891e-03 1.39730732673578e-02 3.34776272768741e-03 -1.87447270744640e-06 0. -9.65434299636054e-04
 -1.05634250700258e-05 -5.65237794834808e-05 -1.58475337666074e-06 5.81984275820635e-05 -1.74521507629373e-05 8.60365520520935e-07 0. 1.48035756052156e-05 -1.02701618567519e-06 0. 1.74869348300766e-05 0. 0. 2.97479745344636e-06 1.55183279713565e-08 -1.23715015947935e-10 4.36855593908863e-05 7.17312731415881e-05 1.72194217046516e-05 -9.91770720708015e-09 0. -4.91836041008485e-06
 3.47052755906405e-08 1.91610930199294e-07 3.89429591382159e-08 -4.82921426223240e-07 1.43917922393760e-07 -7.40650321272991e-09 0. -1.24707958466831e-07 8.87922944504306e-09 0. -1.41914421243612e-07 0. 0. -2.40266869587380e-08 -1.23715015947935e-10 0. -3.66863930133900e-07 -6.04000871914731e-07 -1.44048618981269e-07 0. 0. 4.24761263294216e-08
 -9.25217919669258e-03 -5.19514073389781e-02 -1.53470026701356e-02 1.71676040031068e-01 -5.11097822842239e-02 2.64855048477764e-03 0. 4.44420060063682e-02 -3.17733466866852e-03 0. 5.02639827318028e-02 0. 0. 8.50303560168891e-03 4.36855593908863e-05 -3.66863930133900e-07 1.30672736533790e-01 2.15231120996262e-01 5.12763904540693e-02 -2.63225658087440e-05 0. -1.51970238903353e-02
 -1.34141393063872e-02 -7.60027311793682e-02 -2.61443926472771e-02 2.82571018252326e-01 -8.40936463895808e-02 4.36855580907214e-03 0. 7.32136289923294e-02 -5.24199107079311e-03 0. 8.26229474943346e-02 0. 0. 1.39730732673578e-02 7.17312731415881e-05 -6.04000871914731e-07 2.15231120996262e-01 3.54561811956039e-01 8.44385349775653e-02 -4.30828260497240e-05 0. -2.50706525516003e-02
 -4.26071965063430e-03 -2.36887644020807e-02 -5.72310403387244e-03 6.74341134822603e-02 -2.00864690701122e-02 1.03718405879154e-03 0. 1.74346311062352e-02 -1.24382625613015e-03 0. 1.97813603121451e-02 0. 0. 3.34776272768741e-03 1.72194217046516e-05 -1.44048618981269e-07 5.12763904540693e-02 8.44385349775653e-02 2.01275171131042e-02 -1.04233406845182e-05 0. -5.94967794880795e-03
 1.10023525456690e-05 5.83652280227247e-05 -1.24635813833613e-06 -3.55669290272480e-05 1.07426206655276e-05 -5.02841673311718e-07 0. -8.88634484044327e-06 5.96968765071777e-07 0. -1.09607050586625e-05 0. 0. -1.87447270744640e-06 -9.91770720708015e-09 0. -2.63225658087440e-05 -4.30828260497240e-05 -1.04233406845182e-05 6.66974388732467e-09 0. 2.86285008432310e-06
 0. 0. 0. 0. 0. 0. 0. 0. 0. 0. 0. 0. 0. 0. 0. 0. 0. 0. 0. 0. 0. 0.
 -2.50115293567740e-04 -9.09068763503450e-04 2.41430734724990e-03 -1.98227472170852e-02 5.87909989699192e-03 -3.12474014153165e-04 0. -5.17810975084458e-03 3.75768775947306e-04 0. -5.72436409691981e-03 0. 0. -9.65434299636054e-04 -4.91836041008485e-06 4.24761263294216e-08 -1.51970238903353e-02 -2.50706525516003e-02 -5.94967794880795e-03 2.86285008432310e-06 0. 1.79618224987355e-03
