S:
 1.00000000000000e+00 8.64094738426381e-01 5.45511191076192e-01 7.87247463349108e-02 3.55797216947765e-02 0.00000000000000e+00 0.00000000000000e+00 0.00000000000000e+00 0.00000000000000e+00 0.00000000000000e+00 0.00000000000000e+00 0.00000000000000e+00 0.00000000000000e+00 0.00000000000000e+00 0.00000000000000e+00 0.00000000000000e+00 6.62504792689005e-02 5.23235923056033e-02 1.85304814022512e-02 0.00000000000000e+00 0.00000000000000e+00 -1.10602924888070e-01
 8.64094738426381e-01 1.00000000000000e+00 8.84148833489102e-01 2.40268165902662e-01 1.23433270467734e-01 0.00000000000000e+00 0.00000000000000e+00 0.00000000000000e+00 0.00000000000000e+00 0.00000000000000e+00 0.00000000000000e+00 0.00000000000000e+00 0.00000000000000e+00 0.00000000000000e+00 0.00000000000000e+00 0.00000000000000e+00 1.66909860547197e-01 1.36908078811129e-01 6.08264146593405e-02 0.00000000000000e+00 0.00000000000000e+00 -2.55263935972006e-01
 5.45511191076192e-01 8.84148833489102e-01 1.00000000000000e+00 4.02100255877147e-01 2.20332733960166e-01 0.00000000000000e+00 0.00000000000000e+00 0.00000000000000e+00 0.00000000000000e+00 0.00000000000000e+00 0.00000000000000e+00 0.00000000000000e+00 0.00000000000000e+00 0.00000000000000e+00 0.00000000000000e+00 0.00000000000000e+00 2.65182955591933e-01 2.22177271477416e-01 1.10698640940244e-01 0.00000000000000e+00 0.00000000000000e+00 -3.75876317769666e-01
 7.87247463349108e-02 2.40268165902662e-01 4.02100255877147e-01 1.00000000000000e+00 9.09478805271888e-01 0.00000000000000e+00 0.00000000000000e+00 0.00000000000000e+00 0.00000000000000e+00 0.00000000000000e+00 0.00000000000000e+00 0.00000000000000e+00 0.00000000000000e+00 0.00000000000000e+00 0.00000000000000e+00 0.00000000000000e+00 6.50737034245426e-01 5.21615832889429e-01 2.93500925093194e-01 0.00000000000000e+00 0.00000000000000e+00 -2.52015374915284e-01
 3.55797216947765e-02 1.23433270467734e-01 2.20332733960166e-01 9.09478805271888e-01 1.00000000000000e+00 0.00000000000000e+00 0.00000000000000e+00 0.00000000000000e+00 0.00000000000000e+00 0.00000000000000e+00 0.00000000000000e+00 0.00000000000000e+00 0.00000000000000e+00 0.00000000000000e+00 0.00000000000000e+00 0.00000000000000e+00 5.71818783038606e-01 4.30299247545709e-01 2.24091185267259e-01 0.00000000000000e+00 0.00000000000000e+00 -9.86966510595507e-02
 0.00000000000000e+00 0.00000000000000e+00 0.00000000000000e+00 0.00000000000000e+00 0.00000000000000e+00 1.00000000000000e+00 0.00000000000000e+00 0.00000000000000e+00 7.44935539027802e-01 0.00000000000000e+00 0.00000000000000e+00 0.00000000000000e+00 0.00000000000000e+00 0.00000000000000e+00 0.00000000000000e+00 0.00000000000000e+00 0.00000000000000e+00 0.00000000000000e+00 0.00000000000000e+00 4.05399158171613e-01 0.00000000000000e+00 0.00000000000000e+00
 0.00000000000000e+00 0.00000000000000e+00 0.00000000000000e+00 0.00000000000000e+00 0.00000000000000e+00 0.00000000000000e+00 1.00000000000000e+00 0.00000000000000e+00 0.00000000000000e+00 7.44935539027802e-01 0.00000000000000e+00 0.00000000000000e+00 0.00000000000000e+00 0.00000000000000e+00 0.00000000000000e+00 0.00000000000000e+00 0.00000000000000e+00 0.00000000000000e+00 0.00000000000000e+00 0.00000000000000e+00 4.05399158171613e-01 0.00000000000000e+00
 0.00000000000000e+00 0.00000000000000e+00 0.00000000000000e+00 0.00000000000000e+00 0.00000000000000e+00 0.00000000000000e+00 0.00000000000000e+00 1.00000000000000e+00 0.00000000000000e+00 0.00000000000000e+00 7.44935539027802e-01 0.00000000000000e+00 0.00000000000000e+00 0.00000000000000e+00 0.00000000000000e+00 0.00000000000000e+00 5.85534027327379e-01 5.59334167356797e-01 3.97780259522926e-01 0.00000000000000e+00 0.00000000000000e+00 -5.37132313715935e-03
 0.00000000000000e+00 0.00000000000000e+00 0.00000000000000e+00 0.00000000000000e+00 0.00000000000000e+00 7.44935539027802e-01 0.00000000000000e+00 0.00000000000000e+00 1.00000000000000e+00 0.00000000000000e+00 0.00000000000000e+00 0.00000000000000e+00 0.00000000000000e+00 0.00000000000000e+00 0.00000000000000e+00 0.00000000000000e+00 0.00000000000000e+00 0.00000000000000e+00 0.00000000000000e+00 3.39150755562342e-01 0.00000000000000e+00 0.00000000000000e+00
 0.00000000000000e+00 0.00000000000000e+00 0.00000000000000e+00 0.00000000000000e+00 0.00000000000000e+00 0.00000000000000e+00 7.44935539027802e-01 0.00000000000000e+00 0.00000000000000e+00 1.00000000000000e+00 0.00000000000000e+00 0.00000000000000e+00 0.00000000000000e+00 0.00000000000000e+00 0.00000000000000e+00 0.00000000000000e+00 0.00000000000000e+00 0.00000000000000e+00 0.00000000000000e+00 0.00000000000000e+00 3.39150755562342e-01 0.00000000000000e+00
 0.00000000000000e+00 0.00000000000000e+00 0.00000000000000e+00 0.00000000000000e+00 0.00000000000000e+00 0.00000000000000e+00 0.00000000000000e+00 7.44935539027802e-01 0.00000000000000e+00 0.00000000000000e+00 1.00000000000000e+00 0.00000000000000e+00 0.00000000000000e+00 0.00000000000000e+00 0.00000000000000e+00 0.00000000000000e+00 4.35809474126181e-01 4.62411785892832e-01 3.73885255652461e-01 0.00000000000000e+00 0.00000000000000e+00 -2.88544070622978e-01
 0.00000000000000e+00 0.00000000000000e+00 0.00000000000000e+00 0.00000000000000e+00 0.00000000000000e+00 0.00000000000000e+00 0.00000000000000e+00 0.00000000000000e+00 0.00000000000000e+00 0.00000000000000e+00 0.00000000000000e+00 1.00000000000000e+00 0.00000000000000e+00 0.00000000000000e+00 0.00000000000000e+00 0.00000000000000e+00 0.00000000000000e+00 0.00000000000000e+00 0.00000000000000e+00 0.00000000000000e+00 0.00000000000000e+00 0.00000000000000e+00
 0.00000000000000e+00 0.00000000000000e+00 0.00000000000000e+00 0.00000000000000e+00 0.00000000000000e+00 0.00000000000000e+00 0.00000000000000e+00 0.00000000000000e+00 0.00000000000000e+00 0.00000000000000e+00 0.00000000000000e+00 0.00000000000000e+00 1.00000000000000e+00 0.00000000000000e+00 0.00000000000000e+00 0.00000000000000e+00 0.00000000000000e+00 0.00000000000000e+00 0.00000000000000e+00 0.00000000000000e+00 5.11309502153775e-01 0.00000000000000e+00
 0.00000000000000e+00 0.00000000000000e+00 0.00000000000000e+00 0.00000000000000e+00 0.00000000000000e+00 0.00000000000000e+00 0.00000000000000e+00 0.00000000000000e+00 0.00000000000000e+00 0.00000000000000e+00 0.00000000000000e+00 0.00000000000000e+00 0.00000000000000e+00 1.00000000000000e+00 0.00000000000000e+00 0.00000000000000e+00 3.36278321454654e-01 4.12927094418204e-01 4.32362767522919e-01 0.00000000000000e+00 0.00000000000000e+00 4.64683173128318e-02
 0.00000000000000e+00 0.00000000000000e+00 0.00000000000000e+00 0.00000000000000e+00 0.00000000000000e+00 0.00000000000000e+00 0.00000000000000e+00 0.00000000000000e+00 0.00000000000000e+00 0.00000000000000e+00 0.00000000000000e+00 0.00000000000000e+00 0.00000000000000e+00 0.00000000000000e+00 1.00000000000000e+00 0.00000000000000e+00 0.00000000000000e+00 0.00000000000000e+00 0.00000000000000e+00 5.11309502153775e-01 0.00000000000000e+00 0.00000000000000e+00
 0.00000000000000e+00 0.00000000000000e+00 0.00000000000000e+00 0.00000000000000e+00 0.00000000000000e+00 0.00000000000000e+00 0.00000000000000e+00 0.00000000000000e+00 0.00000000000000e+00 0.00000000000000e+00 0.00000000000000e+00 0.00000000000000e+00 0.00000000000000e+00 0.00000000000000e+00 0.00000000000000e+00 1.00000000000000e+00 0.00000000000000e+00 0.00000000000000e+00 0.00000000000000e+00 0.00000000000000e+00 0.00000000000000e+00 0.00000000000000e+00
 6.62504792689005e-02 1.66909860547197e-01 2.65182955591933e-01 6.50737034245426e-01 5.71818783038606e-01 0.00000000000000e+00 0.00000000000000e+00 5.85534027327379e-01 0.00000000000000e+00 0.00000000000000e+00 4.35809474126181e-01 0.00000000000000e+00 0.00000000000000e+00 3.36278321454654e-01 0.00000000000000e+00 0.00000000000000e+00 1.00000000000000e+00 9.69544475373831e-01 7.78523420263646e-01 0.00000000000000e+00 0.00000000000000e+00 0.00000000000000e+00
 5.23235923056033e-02 1.36908078811129e-01 2.22177271477416e-01 5.21615832889429e-01 4.30299247545709e-01 0.00000000000000e+00 0.00000000000000e+00 5.59334167356797e-01 0.00000000000000e+00 0.00000000000000e+00 4.62411785892832e-01 0.00000000000000e+00 0.00000000000000e+00 4.12927094418204e-01 0.00000000000000e+00 0.00000000000000e+00 9.69544475373831e-01 1.00000000000000e+00 8.97299307181686e-01 0.00000000000000e+00 0.00000000000000e+00 0.00000000000000e+00
 1.85304814022512e-02 6.08264146593405e-02 1.10698640940244e-01 2.93500925093194e-01 2.24091185267259e-01 0.00000000000000e+00 0.00000000000000e+00 3.97780259522926e-01 0.00000000000000e+00 0.00000000000000e+00 3.73885255652461e-01 0.00000000000000e+00 0.00000000000000e+00 4.32362767522919e-01 0.00000000000000e+00 0.00000000000000e+00 7.78523420263646e-01 8.97299307181686e-01 1.00000000000000e+00 0.00000000000000e+00 0.00000000000000e+00 0.00000000000000e+00
 0.00000000000000e+00 0.00000000000000e+00 0.00000000000000e+00 0.00000000000000e+00 0.00000000000000e+00 4.05399158171613e-01 0.00000000000000e+00 0.00000000000000e+00 3.39150755562342e-01 0.00000000000000e+00 0.00000000000000e+00 0.00000000000000e+00 0.00000000000000e+00 0.00000000000000e+00 5.11309502153775e-01 0.00000000000000e+00 0.00000000000000e+00 0.00000000000000e+00 0.00000000000000e+00 1.00000000000000e+00 0.00000000000000e+00 0.00000000000000e+00
 0.00000000000000e+00 0.00000000000000e+00 0.00000000000000e+00 0.00000000000000e+00 0.00000000000000e+00 0.00000000000000e+00 4.05399158171613e-01 0.00000000000000e+00 0.00000000000000e+00 3.39150755562342e-01 0.00000000000000e+00 0.00000000000000e+00 5.11309502153775e-01 0.00000000000000e+00 0.00000000000000e+00 0.00000000000000e+00 0.00000000000000e+00 0.00000000000000e+00 0.00000000000000e+00 0.00000000000000e+00 1.00000000000000e+00 0.00000000000000e+00
 -1.10602924888070e-01 -2.55263935972006e-01 -3.75876317769666e-01 -2.52015374915284e-01 -9.86966510595507e-02 0.00000000000000e+00 0.00000000000000e+00 -5.37132313715935e-03 0.00000000000000e+00 0.00000000000000e+00 -2.88544070622978e-01 0.00000000000000e+00 0.00000000000000e+00 4.64683173128318e-02 0.00000000000000e+00 0.00000000000000e+00 0.00000000000000e+00 0.00000000000000e+00 0.00000000000000e+00 0.00000000000000e+00 0.00000000000000e+00 1.00000000000000e+00
En:
 -1.30533333332924e+01 -8.71295526861049e+00 -3.78221088838354e+00 -4.13566852928308e-01 -1.79084210717954e-01 0.00000000000000e+00 0.00000000000000e+00 -3.25836279098459e-03 0.00000000000000e+00 0.00000000000000e+00 -1.02775653308247e-02 0.00000000000000e+00 0.00000000000000e+00 -1.17766517842429e-03 0.00000000000000e+00 0.00000000000000e+00 -4.44876551460554e-01 -3.48115037037974e-01 -1.16594515761475e-01 0.00000000000000e+00 0.00000000000000e+00 7.51262504371933e-01
 -8.71295526861049e+00 -7.11332998502712e+00 -4.37947197675589e+00 -7.86242964264720e-01 -3.76676648163641e-01 0.00000000000000e+00 0.00000000000000e+00 -1.71898273219862e-02 0.00000000000000e+00 0.00000000000000e+00 -3.81829149123577e-02 0.00000000000000e+00 0.00000000000000e+00 -1.03629530058812e-02 0.00000000000000e+00 0.00000000000000e+00 -6.40498863849853e-01 -5.17487247997919e-01 -2.09477652028173e-01 0.00000000000000e+00 0.00000000000000e+00 1.03416629566557e+00
 -3.78221088838354e+00 -4.37947197675589e+00 -3.87329080785251e+00 -1.04993824788787e+00 -5.38663043260733e-01 0.00000000000000e+00 0.00000000000000e+00 -3.48408449529298e-02 0.00000000000000e+00 0.00000000000000e+00 -6.71507496879321e-02 0.00000000000000e+00 0.00000000000000e+00 -2.35267331970521e-02 0.00000000000000e+00 0.00000000000000e+00 -7.55564165622561e-01 -6.30027353864568e-01 -3.00247995454673e-01 0.00000000000000e+00 0.00000000000000e+00 1.14822250792567e+00
 -4.13566852928308e-01 -7.86242964264720e-01 -1.04993824788787e+00 -1.29104911540957e+00 -9.99881820916440e-01 0.00000000000000e+00 0.00000000000000e+00 -1.08715897980854e-01 0.00000000000000e+00 0.00000000000000e+00 -1.02692160551057e-01 0.00000000000000e+00 0.00000000000000e+00 -7.32240988127024e-02 0.00000000000000e+00 0.00000000000000e+00 -9.70019980398922e-01 -8.48906339601432e-01 -5.70645556611522e-01 0.00000000000000e+00 0.00000000000000e+00 5.86515448851479e-01
 -1.79084210717954e-01 -3.76676648163641e-01 -5.38663043260733e-01 -9.99881820916440e-01 -8.99905439795412e-01 0.00000000000000e+00 0.00000000000000e+00 -8.94770051646412e-02 0.00000000000000e+00 0.00000000000000e+00 -7.11388976180675e-02 0.00000000000000e+00 0.00000000000000e+00 -5.45493048507910e-02 0.00000000000000e+00 0.00000000000000e+00 -7.43609781525924e-01 -6.30186519529193e-01 -4.12881837380504e-01 0.00000000000000e+00 0.00000000000000e+00 2.84175701437599e-01
 0.00000000000000e+00 0.00000000000000e+00 0.00000000000000e+00 0.00000000000000e+00 0.00000000000000e+00 -1.12482174701657e+00 0.00000000000000e+00 0.00000000000000e+00 -1.20811584487794e+00 0.00000000000000e+00 0.00000000000000e+00 0.00000000000000e+00 0.00000000000000e+00 0.00000000000000e+00 -6.29385680461369e-02 0.00000000000000e+00 0.00000000000000e+00 0.00000000000000e+00 0.00000000000000e+00 -5.47752327620904e-01 0.00000000000000e+00 0.00000000000000e+00
 0.00000000000000e+00 0.00000000000000e+00 0.00000000000000e+00 0.00000000000000e+00 0.00000000000000e+00 0.00000000000000e+00 -1.12482174701657e+00 0.00000000000000e+00 0.00000000000000e+00 -1.20811584487794e+00 0.00000000000000e+00 0.00000000000000e+00 -6.29385680461369e-02 0.00000000000000e+00 0.00000000000000e+00 0.00000000000000e+00 0.00000000000000e+00 0.00000000000000e+00 0.00000000000000e+00 0.00000000000000e+00 -5.47752327620904e-01 0.00000000000000e+00
 -3.25836279098459e-03 -1.71898273219862e-02 -3.48408449529298e-02 -1.08715897980854e-01 -8.94770051646412e-02 0.00000000000000e+00 0.00000000000000e+00 -1.20761255574511e+00 0.00000000000000e+00 0.00000000000000e+00 -1.28209920241685e+00 0.00000000000000e+00 0.00000000000000e+00 -1.41662992981298e-01 0.00000000000000e+00 0.00000000000000e+00 -8.76364905695318e-01 -9.09885376252969e-01 -7.77413842764684e-01 0.00000000000000e+00 0.00000000000000e+00 2.31163637736779e-01
 0.00000000000000e+00 0.00000000000000e+00 0.00000000000000e+00 0.00000000000000e+00 0.00000000000000e+00 -1.20811584487794e+00 0.00000000000000e+00 0.00000000000000e+00 -2.09593495018863e+00 0.00000000000000e+00 0.00000000000000e+00 0.00000000000000e+00 0.00000000000000e+00 0.00000000000000e+00 -6.74939210103577e-02 0.00000000000000e+00 0.00000000000000e+00 0.00000000000000e+00 0.00000000000000e+00 -5.67000619757349e-01 0.00000000000000e+00 0.00000000000000e+00
 0.00000000000000e+00 0.00000000000000e+00 0.00000000000000e+00 0.00000000000000e+00 0.00000000000000e+00 0.00000000000000e+00 -1.20811584487794e+00 0.00000000000000e+00 0.00000000000000e+00 -2.09593495018863e+00 0.00000000000000e+00 0.00000000000000e+00 -6.74939210103577e-02 0.00000000000000e+00 0.00000000000000e+00 0.00000000000000e+00 0.00000000000000e+00 0.00000000000000e+00 0.00000000000000e+00 0.00000000000000e+00 -5.67000619757349e-01 0.00000000000000e+00
 -1.02775653308247e-02 -3.81829149123577e-02 -6.71507496879321e-02 -1.02692160551057e-01 -7.11388976180675e-02 0.00000000000000e+00 0.00000000000000e+00 -1.28209920241685e+00 0.00000000000000e+00 0.00000000000000e+00 -2.18206529588069e+00 0.00000000000000e+00 0.00000000000000e+00 -1.46080373051154e-01 0.00000000000000e+00 0.00000000000000e+00 -8.38439316746843e-01 -9.17733791389171e-01 -8.12250313867061e-01 0.00000000000000e+00 0.00000000000000e+00 7.36465414769745e-01
 0.00000000000000e+00 0.00000000000000e+00 0.00000000000000e+00 0.00000000000000e+00 0.00000000000000e+00 0.00000000000000e+00 0.00000000000000e+00 0.00000000000000e+00 0.00000000000000e+00 0.00000000000000e+00 0.00000000000000e+00 -1.45766511981477e+00 0.00000000000000e+00 0.00000000000000e+00 0.00000000000000e+00 0.00000000000000e+00 0.00000000000000e+00 0.00000000000000e+00 0.00000000000000e+00 0.00000000000000e+00 0.00000000000000e+00 0.00000000000000e+00
 0.00000000000000e+00 0.00000000000000e+00 0.00000000000000e+00 0.00000000000000e+00 0.00000000000000e+00 0.00000000000000e+00 -6.29385680461369e-02 0.00000000000000e+00 0.00000000000000e+00 -6.74939210103577e-02 0.00000000000000e+00 0.00000000000000e+00 -1.50558076595367e+00 0.00000000000000e+00 0.00000000000000e+00 0.00000000000000e+00 0.00000000000000e+00 0.00000000000000e+00 0.00000000000000e+00 0.00000000000000e+00 -7.71042888383351e-01 0.00000000000000e+00
 -1.17766517842429e-03 -1.03629530058812e-02 -2.35267331970521e-02 -7.32240988127024e-02 -5.45493048507910e-02 0.00000000000000e+00 0.00000000000000e+00 -1.41662992981298e-01 0.00000000000000e+00 0.00000000000000e+00 -1.46080373051154e-01 0.00000000000000e+00 0.00000000000000e+00 -1.59137703863381e+00 0.00000000000000e+00 0.00000000000000e+00 -6.62416468884579e-01 -8.23693492610261e-01 -9.43123511482362e-01 0.00000000000000e+00 0.00000000000000e+00 1.26999086395441e-01
 0.00000000000000e+00 0.00000000000000e+00 0.00000000000000e+00 0.00000000000000e+00 0.00000000000000e+00 -6.29385680461369e-02 0.00000000000000e+00 0.00000000000000e+00 -6.74939210103577e-02 0.00000000000000e+00 0.00000000000000e+00 0.00000000000000e+00 0.00000000000000e+00 0.00000000000000e+00 -1.50558076595367e+00 0.00000000000000e+00 0.00000000000000e+00 0.00000000000000e+00 0.00000000000000e+00 -7.71042888383351e-01 0.00000000000000e+00 0.00000000000000e+00
 0.00000000000000e+00 0.00000000000000e+00 0.00000000000000e+00 0.00000000000000e+00 0.00000000000000e+00 0.00000000000000e+00 0.00000000000000e+00 0.00000000000000e+00 0.00000000000000e+00 0.00000000000000e+00 0.00000000000000e+00 0.00000000000000e+00 0.00000000000000e+00 0.00000000000000e+00 0.00000000000000e+00 -1.45766511981477e+00 0.00000000000000e+00 0.00000000000000e+00 0.00000000000000e+00 0.00000000000000e+00 0.00000000000000e+00 0.00000000000000e+00
 -4.44876551460554e-01 -6.40498863849853e-01 -7.55564165622561e-01 -9.70019980398922e-01 -7.43609781525924e-01 0.00000000000000e+00 0.00000000000000e+00 -8.76364905695318e-01 0.00000000000000e+00 0.00000000000000e+00 -8.38439316746843e-01 0.00000000000000e+00 0.00000000000000e+00 -6.62416468884579e-01 0.00000000000000e+00 0.00000000000000e+00 -1.64111684588114e+00 -1.72358445099527e+00 -1.65836593201055e+00 0.00000000000000e+00 0.00000000000000e+00 3.32836985251560e-01
 -3.48115037037974e-01 -5.17487247997919e-01 -6.30027353864568e-01 -8.48906339601432e-01 -6.30186519529193e-01 0.00000000000000e+00 0.00000000000000e+00 -9.09885376252969e-01 0.00000000000000e+00 0.00000000000000e+00 -9.17733791389171e-01 0.00000000000000e+00 0.00000000000000e+00 -8.23693492610261e-01 0.00000000000000e+00 0.00000000000000e+00 -1.72358445099527e+00 -1.90493801173773e+00 -2.01656610060360e+00 0.00000000000000e+00 0.00000000000000e+00 3.09592141679223e-01
 -1.16594515761475e-01 -2.09477652028173e-01 -3.00247995454673e-01 -5.70645556611522e-01 -4.12881837380504e-01 0.00000000000000e+00 0.00000000000000e+00 -7.77413842764684e-01 0.00000000000000e+00 0.00000000000000e+00 -8.12250313867061e-01 0.00000000000000e+00 0.00000000000000e+00 -9.43123511482362e-01 0.00000000000000e+00 0.00000000000000e+00 -1.65836593201055e+00 -2.01656610060360e+00 -2.57956167100071e+00 0.00000000000000e+00 0.00000000000000e+00 1.98759174085170e-01
 0.00000000000000e+00 0.00000000000000e+00 0.00000000000000e+00 0.00000000000000e+00 0.00000000000000e+00 -5.47752327620904e-01 0.00000000000000e+00 0.00000000000000e+00 -5.67000619757349e-01 0.00000000000000e+00 0.00000000000000e+00 0.00000000000000e+00 0.00000000000000e+00 0.00000000000000e+00 -7.71042888383351e-01 0.00000000000000e+00 0.00000000000000e+00 0.00000000000000e+00 0.00000000000000e+00 -1.52097799842992e+00 0.00000000000000e+00 0.00000000000000e+00
 0.00000000000000e+00 0.00000000000000e+00 0.00000000000000e+00 0.00000000000000e+00 0.00000000000000e+00 0.00000000000000e+00 -5.47752327620904e-01 0.00000000000000e+00 0.00000000000000e+00 -5.67000619757349e-01 0.00000000000000e+00 0.00000000000000e+00 -7.71042888383351e-01 0.00000000000000e+00 0.00000000000000e+00 0.00000000000000e+00 0.00000000000000e+00 0.00000000000000e+00 0.00000000000000e+00 0.00000000000000e+00 -1.52097799842992e+00 0.00000000000000e+00
 7.51262504371933e-01 1.03416629566557e+00 1.14822250792567e+00 5.86515448851479e-01 2.84175701437599e-01 0.00000000000000e+00 0.00000000000000e+00 2.31163637736779e-01 0.00000000000000e+00 0.00000000000000e+00 7.36465414769745e-01 0.00000000000000e+00 0.00000000000000e+00 1.26999086395441e-01 0.00000000000000e+00 0.00000000000000e+00 3.32836985251560e-01 3.09592141679223e-01 1.98759174085170e-01 0.00000000000000e+00 0.00000000000000e+00 -1.76955164583583e+00
T:
 8.98880000000001e+00 4.14005071074849e+00 1.85037396013047e-01 -1.60220603740811e-01 -8.34747710588384e-02 0.00000000000000e+00 0.00000000000000e+00 0.00000000000000e+00 0.00000000000000e+00 0.00000000000000e+00 0.00000000000000e+00 0.00000000000000e+00 0.00000000000000e+00 0.00000000000000e+00 0.00000000000000e+00 0.00000000000000e+00 3.09292003699904e-04 -4.86589274090372e-03 -1.18604384445356e-02 0.00000000000000e+00 0.00000000000000e+00 -1.19764542927298e-02
 4.14005071074849e+00 2.55380000000001e+00 8.19252309111006e-01 -8.14509082410025e-02 -6.23008860474143e-02 0.00000000000000e+00 0.00000000000000e+00 0.00000000000000e+00 0.00000000000000e+00 0.00000000000000e+00 0.00000000000000e+00 0.00000000000000e+00 0.00000000000000e+00 0.00000000000000e+00 0.00000000000000e+00 0.00000000000000e+00 6.15496069760527e-03 -3.97982713137861e-03 -2.28412655805554e-02 0.00000000000000e+00 0.00000000000000e+00 -5.15513715081991e-02
 1.85037396013047e-01 8.19252309111006e-01 9.28266666666669e-01 1.29744349229694e-02 -2.64178948018238e-02 0.00000000000000e+00 0.00000000000000e+00 0.00000000000000e+00 0.00000000000000e+00 0.00000000000000e+00 0.00000000000000e+00 0.00000000000000e+00 0.00000000000000e+00 0.00000000000000e+00 0.00000000000000e+00 0.00000000000000e+00 1.55257922108459e-02 2.95591460368591e-03 -2.53034863116476e-02 0.00000000000000e+00 0.00000000000000e+00 -9.66480667889805e-02
 -1.60220603740811e-01 -8.14509082410025e-02 1.29744349229694e-02 7.70666666666667e-02 4.37459305335780e-02 0.00000000000000e+00 0.00000000000000e+00 0.00000000000000e+00 0.00000000000000e+00 0.00000000000000e+00 0.00000000000000e+00 0.00000000000000e+00 0.00000000000000e+00 0.00000000000000e+00 0.00000000000000e+00 0.00000000000000e+00 4.98710375216328e-02 4.54464366793252e-02 3.04835349014978e-02 0.00000000000000e+00 0.00000000000000e+00 -4.73859133584105e-02
 -8.34747710588384e-02 -6.23008860474143e-02 -2.64178948018238e-02 4.37459305335780e-02 3.52666666666668e-02 0.00000000000000e+00 0.00000000000000e+00 0.00000000000000e+00 0.00000000000000e+00 0.00000000000000e+00 0.00000000000000e+00 0.00000000000000e+00 0.00000000000000e+00 0.00000000000000e+00 0.00000000000000e+00 0.00000000000000e+00 2.84189643535870e-02 2.42821727883691e-02 1.58137095138849e-02 0.00000000000000e+00 0.00000000000000e+00 -6.85619100680384e-03
 0.00000000000000e+00 0.00000000000000e+00 0.00000000000000e+00 0.00000000000000e+00 0.00000000000000e+00 1.80000000000000e-01 0.00000000000000e+00 0.00000000000000e+00 2.68176794050009e-01 0.00000000000000e+00 0.00000000000000e+00 0.00000000000000e+00 0.00000000000000e+00 0.00000000000000e+00 0.00000000000000e+00 0.00000000000000e+00 0.00000000000000e+00 0.00000000000000e+00 0.00000000000000e+00 8.22880929362251e-02 0.00000000000000e+00 0.00000000000000e+00
 0.00000000000000e+00 0.00000000000000e+00 0.00000000000000e+00 0.00000000000000e+00 0.00000000000000e+00 0.00000000000000e+00 1.80000000000000e-01 0.00000000000000e+00 0.00000000000000e+00 2.68176794050009e-01 0.00000000000000e+00 0.00000000000000e+00 0.00000000000000e+00 0.00000000000000e+00 0.00000000000000e+00 0.00000000000000e+00 0.00000000000000e+00 0.00000000000000e+00 0.00000000000000e+00 0.00000000000000e+00 8.22880929362251e-02 0.00000000000000e+00
 0.00000000000000e+00 0.00000000000000e+00 0.00000000000000e+00 0.00000000000000e+00 0.00000000000000e+00 0.00000000000000e+00 0.00000000000000e+00 1.80000000000000e-01 0.00000000000000e+00 0.00000000000000e+00 2.68176794050009e-01 0.00000000000000e+00 0.00000000000000e+00 0.00000000000000e+00 0.00000000000000e+00 0.00000000000000e+00 1.04035630913518e-01 1.11763630679280e-01 9.07035933557309e-02 0.00000000000000e+00 0.00000000000000e+00 -7.82993116705828e-02
 0.00000000000000e+00 0.00000000000000e+00 0.00000000000000e+00 0.00000000000000e+00 0.00000000000000e+00 2.68176794050009e-01 0.00000000000000e+00 0.00000000000000e+00 7.20000000000001e-01 0.00000000000000e+00 0.00000000000000e+00 0.00000000000000e+00 0.00000000000000e+00 0.00000000000000e+00 0.00000000000000e+00 0.00000000000000e+00 0.00000000000000e+00 0.00000000000000e+00 0.00000000000000e+00 9.44123203866732e-02 0.00000000000000e+00 0.00000000000000e+00
 0.00000000000000e+00 0.00000000000000e+00 0.00000000000000e+00 0.00000000000000e+00 0.00000000000000e+00 0.00000000000000e+00 2.68176794050009e-01 0.00000000000000e+00 0.00000000000000e+00 7.20000000000001e-01 0.00000000000000e+00 0.00000000000000e+00 0.00000000000000e+00 0.00000000000000e+00 0.00000000000000e+00 0.00000000000000e+00 0.00000000000000e+00 0.00000000000000e+00 0.00000000000000e+00 0.00000000000000e+00 9.44123203866732e-02 0.00000000000000e+00
 0.00000000000000e+00 0.00000000000000e+00 0.00000000000000e+00 0.00000000000000e+00 0.00000000000000e+00 0.00000000000000e+00 0.00000000000000e+00 2.68176794050009e-01 0.00000000000000e+00 0.00000000000000e+00 7.20000000000001e-01 0.00000000000000e+00 0.00000000000000e+00 0.00000000000000e+00 0.00000000000000e+00 0.00000000000000e+00 1.09605905936767e-01 1.23602540264620e-01 9.58007012661364e-02 0.00000000000000e+00 0.00000000000000e+00 -2.34306502508710e-01
 0.00000000000000e+00 0.00000000000000e+00 0.00000000000000e+00 0.00000000000000e+00 0.00000000000000e+00 0.00000000000000e+00 0.00000000000000e+00 0.00000000000000e+00 0.00000000000000e+00 0.00000000000000e+00 0.00000000000000e+00 7.20000000000002e-01 0.00000000000000e+00 0.00000000000000e+00 0.00000000000000e+00 0.00000000000000e+00 0.00000000000000e+00 0.00000000000000e+00 0.00000000000000e+00 0.00000000000000e+00 0.00000000000000e+00 0.00000000000000e+00
 0.00000000000000e+00 0.00000000000000e+00 0.00000000000000e+00 0.00000000000000e+00 0.00000000000000e+00 0.00000000000000e+00 0.00000000000000e+00 0.00000000000000e+00 0.00000000000000e+00 0.00000000000000e+00 0.00000000000000e+00 0.00000000000000e+00 7.20000000000002e-01 0.00000000000000e+00 0.00000000000000e+00 0.00000000000000e+00 0.00000000000000e+00 0.00000000000000e+00 0.00000000000000e+00 0.00000000000000e+00 2.46869973784890e-01 0.00000000000000e+00
 0.00000000000000e+00 0.00000000000000e+00 0.00000000000000e+00 0.00000000000000e+00 0.00000000000000e+00 0.00000000000000e+00 0.00000000000000e+00 0.00000000000000e+00 0.00000000000000e+00 0.00000000000000e+00 0.00000000000000e+00 0.00000000000000e+00 0.00000000000000e+00 7.20000000000001e-01 0.00000000000000e+00 0.00000000000000e+00 1.50982275571970e-01 2.01006515504611e-01 2.33343901341714e-01 0.00000000000000e+00 0.00000000000000e+00 -1.37352507521674e-01
 0.00000000000000e+00 0.00000000000000e+00 0.00000000000000e+00 0.00000000000000e+00 0.00000000000000e+00 0.00000000000000e+00 0.00000000000000e+00 0.00000000000000e+00 0.00000000000000e+00 0.00000000000000e+00 0.00000000000000e+00 0.00000000000000e+00 0.00000000000000e+00 0.00000000000000e+00 7.20000000000002e-01 0.00000000000000e+00 0.00000000000000e+00 0.00000000000000e+00 0.00000000000000e+00 2.46869973784890e-01 0.00000000000000e+00 0.00000000000000e+00
 0.00000000000000e+00 0.00000000000000e+00 0.00000000000000e+00 0.00000000000000e+00 0.00000000000000e+00 0.00000000000000e+00 0.00000000000000e+00 0.00000000000000e+00 0.00000000000000e+00 0.00000000000000e+00 0.00000000000000e+00 0.00000000000000e+00 0.00000000000000e+00 0.00000000000000e+00 0.00000000000000e+00 7.20000000000001e-01 0.00000000000000e+00 0.00000000000000e+00 0.00000000000000e+00 0.00000000000000e+00 0.00000000000000e+00 0.00000000000000e+00
 3.09292003699904e-04 6.15496069760527e-03 1.55257922108459e-02 4.98710375216328e-02 2.84189643535870e-02 0.00000000000000e+00 0.00000000000000e+00 1.04035630913518e-01 0.00000000000000e+00 0.00000000000000e+00 1.09605905936767e-01 0.00000000000000e+00 0.00000000000000e+00 1.50982275571970e-01 0.00000000000000e+00 0.00000000000000e+00 2.38050000000001e-01 3.07733416483654e-01 4.24373116385716e-01 0.00000000000000e+00 0.00000000000000e+00 0.00000000000000e+00
 -4.86589274090372e-03 -3.97982713137861e-03 2.95591460368591e-03 4.54464366793252e-02 2.42821727883691e-02 0.00000000000000e+00 0.00000000000000e+00 1.11763630679280e-01 0.00000000000000e+00 0.00000000000000e+00 1.23602540264620e-01 0.00000000000000e+00 0.00000000000000e+00 2.01006515504611e-01 0.00000000000000e+00 0.00000000000000e+00 3.07733416483654e-01 4.23200000000001e-01 6.52157136459652e-01 0.00000000000000e+00 0.00000000000000e+00 0.00000000000000e+00
 -1.18604384445356e-02 -2.28412655805554e-02 -2.53034863116476e-02 3.04835349014978e-02 1.58137095138849e-02 0.00000000000000e+00 0.00000000000000e+00 9.07035933557309e-02 0.00000000000000e+00 0.00000000000000e+00 9.58007012661364e-02 0.00000000000000e+00 0.00000000000000e+00 2.33343901341714e-01 0.00000000000000e+00 0.00000000000000e+00 4.24373116385716e-01 6.52157136459652e-01 1.24820000000000e+00 0.00000000000000e+00 0.00000000000000e+00 0.00000000000000e+00
 0.00000000000000e+00 0.00000000000000e+00 0.00000000000000e+00 0.00000000000000e+00 0.00000000000000e+00 8.22880929362251e-02 0.00000000000000e+00 0.00000000000000e+00 9.44123203866732e-02 0.00000000000000e+00 0.00000000000000e+00 0.00000000000000e+00 0.00000000000000e+00 0.00000000000000e+00 2.46869973784890e-01 0.00000000000000e+00 0.00000000000000e+00 0.00000000000000e+00 0.00000000000000e+00 7.81250000000001e-01 0.00000000000000e+00 0.00000000000000e+00
 0.00000000000000e+00 0.00000000000000e+00 0.00000000000000e+00 0.00000000000000e+00 0.00000000000000e+00 0.00000000000000e+00 8.22880929362251e-02 0.00000000000000e+00 0.00000000000000e+00 9.44123203866732e-02 0.00000000000000e+00 0.00000000000000e+00 2.46869973784890e-01 0.00000000000000e+00 0.00000000000000e+00 0.00000000000000e+00 0.00000000000000e+00 0.00000000000000e+00 0.00000000000000e+00 0.00000000000000e+00 7.81250000000001e-01 0.00000000000000e+00
 -1.19764542927298e-02 -5.15513715081991e-02 -9.66480667889805e-02 -4.73859133584105e-02 -6.85619100680384e-03 0.00000000000000e+00 0.00000000000000e+00 -7.82993116705828e-02 0.00000000000000e+00 0.00000000000000e+00 -2.34306502508710e-01 0.00000000000000e+00 0.00000000000000e+00 -1.37352507521674e-01 0.00000000000000e+00 0.00000000000000e+00 0.00000000000000e+00 0.00000000000000e+00 0.00000000000000e+00 0.00000000000000e+00 0.00000000000000e+00 7.81250000000001e-01
