Pao:
 1.19703534586595e-01 3.67967600367183e-01 5.56698850384389e-02 -3.83557345249551e-02 1.19183400692568e-02 8.12244853067064e-04 9.54909910666717e-04 -3.08397026000474e-03 8.54017455873065e-05 -4.69877758865555e-02 -5.53225665050263e-03 1.80091083292235e-04 -1.05610921622467e-02 1.23807885141828e-04 1.06791753359393e-03 -3.66942268733673e-04 1.38392880288002e-03 1.07356473167115e-05 2.79218778029102e-03 -1.29226063035018e-02 8.91455775145829e-03 -3.49074164194461e-03 -7.20128479344340e-05 -2.45900007843741e-03 2.51425257114085e-04 1.72661487777427e-02 -7.69109164596096e-02 -3.98145414716942e-03 -1.65147238787726e-04 6.62949759329002e-03 -3.16206605700675e-03
 3.67967600367183e-01 1.35968255719799e+00 -3.34430108813154e-01 -2.07960765694690e-01 -3.65721277977885e-02 -3.88203796337693e-03 3.82935929794863e-02 3.68075094324065e-02 -9.82096637516567e-04 1.25123276527925e-01 3.09007239301397e-02 -1.10321248747751e-03 3.87850750664991e-02 1.37993393034060e-02 -4.27561377086012e-03 3.92391481189419e-03 -6.25908670378905e-03 -6.27479395227140e-05 -2.11588775863944e-03 7.22505639843236e-02 -8.28369818173381e-02 -3.99197148689781e-02 2.76212064119797e-04 1.08626888656701e-02 1.07646121336547e-02 -2.96566232409069e-02 1.49578310407608e-01 -4.82039736266063e-02 2.21258980262120e-04 -3.27784821424354e-03 9.84069659860854e-03
 5.56698850384389e-02 -3.34430108813154e-01 1.24682094941152e+00 1.89299088632205e-01 1.67587777710035e-01 1.51005923272141e-02 -1.14650543719171e-01 -1.14171994849222e-01 3.93749037888809e-03 -6.18925284184875e-01 -3.06318286371136e-01 4.09700051328224e-03 -1.61051882858860e-01 -9.83517443707283e-02 1.68295380552351e-02 -1.29378209588982e-02 9.88470844743683e-03 1.59981283928926e-04 2.62000011199500e-02 -9.59111337508416e-02 -1.63571233794956e-01 4.83321725492997e-02 -1.13345780104355e-03 -4.86792384528061e-02 1.08178280438942e-02 1.47242649286679e-01 -7.39780406343404e-01 7.67072410572678e-02 -1.39428146274286e-03 3.62185171999197e-02 -5.27263890599415e-02
 -3.83557345249551e-02 -2.07960765694690e-01 1.89299088632205e-01 4.76620342572389e-01 -5.50683073101710e-02 1.19585891672576e-03 -3.36350306896213e-02 -9.33697472925693e-03 3.80127308816574e-04 1.44663417721837e-01 -1.51920623509797e-02 3.04188312525542e-04 5.30081462996118e-02 -3.90855752814671e-03 1.90297552569071e-03 5.40707201830658e-04 1.91993208374072e-03 -2.89883552934565e-05 -2.07620064228661e-02 -6.58233107570677e-02 9.87558896516619e-02 9.52747110058252e-02 -2.08621847889767e-04 2.18034161692852e-03 -2.56546563021938e-02 -1.10623131044360e-01 3.56904902244712e-01 1.31082509774959e-01 -7.54202252065915e-04 -5.27639836894480e-02 9.82822677911179e-03
 1.19183400692568e-02 -3.65721277977885e-02 1.67587777710035e-01 -5.50683073101710e-02 3.96206258465463e-02 2.33139515350618e-03 -8.17415824063997e-03 -1.67743522758143e-02 4.40431150390581e-04 -1.35147884213645e-01 -1.93200402045809e-02 6.08453474380388e-04 -3.83851469670928e-02 -5.61678273603293e-03 2.65851736996588e-03 -2.13091699608503e-03 3.62086074684462e-03 4.26941886059949e-05 8.22910506673979e-03 -2.98732139004246e-02 1.89360867872586e-02 -6.68551395102520e-03 -1.59874951890696e-04 -7.86900367465279e-03 1.38047849774717e-03 5.32963275224563e-02 -2.19578618857869e-01 -1.05221514432436e-02 -1.48102619988408e-04 1.91562543655864e-02 -9.79493848431948e-03
 8.12244853067064e-04 -3.88203796337693e-03 1.51005923272141e-02 1.19585891672576e-03 2.33139515350618e-03 1.90052887719137e-04 -1.15789216061031e-03 -1.39707545614934e-03 4.25932832885723e-05 -8.45555450043055e-03 -2.59984180923157e-03 5.03633068182732e-05 -2.25162750701963e-03 -8.01388648094357e-04 2.17706939236685e-04 -1.59538836220904e-04 2.20933446223613e-04 2.55789882975040e-06 3.87301018285854e-04 -2.17264315259888e-03 4.47769602548234e-04 4.87607563816462e-04 -1.42798541893503e-05 -5.95022549708279e-04 -1.89488727016330e-05 2.51119635195604e-03 -1.16201320227760e-02 6.72318690548350e-04 -1.83039089427241e-05 7.41493151143076e-04 -6.59299783147224e-04
 9.54909910666717e-04 3.82935929794863e-02 -1.14650543719171e-01 -3.36350306896213e-02 -8.17415824063997e-03 -1.15789216061031e-03 1.93705676637676e-02 1.05188064073278e-02 -5.96580585204726e-04 3.25015063412718e-02 7.77727041283472e-02 -3.67790753291881e-04 7.41470285706030e-03 2.65136909037821e-02 -9.94843387115795e-04 1.25283523984877e-03 3.44742718089175e-03 7.96178823350860e-06 -1.14259318936206e-03 -3.80100846416406e-02 1.27434902004554e-01 -2.53043177709793e-03 7.75397673044724e-05 4.91468690601575e-03 -9.30573326225946e-03 8.26404251412105e-03 -1.30020513133093e-02 -9.70879940368458e-03 2.64507573144389e-05 5.54958655210949e-03 5.20889673496920e-03
 -3.08397026000474e-03 3.68075094324065e-02 -1.14171994849222e-01 -9.33697472925693e-03 -1.67743522758143e-02 -1.39707545614934e-03 1.05188064073278e-02 1.06747724148989e-02 -3.73181649162813e-04 6.06839931442591e-02 3.01382489828372e-02 -3.81782974398125e-04 1.61329391436318e-02 9.78174511855005e-03 -1.53363147104225e-03 1.24477809790203e-03 -7.65830785386110e-04 -1.51378044238399e-05 -2.85527886486780e-03 6.32556211952252e-03 2.07770194193943e-02 -2.64346926332971e-03 1.01832864188455e-04 4.66528134845916e-03 -1.78252762463225e-03 -1.55170716220136e-02 7.46680492605664e-02 -4.72637915593137e-03 1.11099901633010e-04 -4.21630250144496e-03 5.19719566487838e-03
 8.54017455873065e-05 -9.82096637516567e-04 3.93749037888809e-03 3.80127308816574e-04 4.40431150390581e-04 4.25932832885723e-05 -5.96580585204726e-04 -3.73181649162813e-04 1.96734757733026e-05 -1.60481505105836e-03 -2.47743435093475e-03 1.31635890749231e-05 -4.10265769902821e-04 -8.42167400244209e-04 3.78963632012004e-05 -4.65476019382793e-05 -9.77777247193153e-05 -8.09150940079102e-08 8.37092472009271e-05 1.15595838587407e-03 -4.01939277778839e-03 -4.00213205638193e-05 -2.73920719883417e-06 -1.81438767153666e-04 3.21278206142954e-04 2.82215733207784e-05 -6.75232371378178e-04 1.35592699113087e-04 -5.81240332870520e-07 -5.70939920732000e-05 -2.04717643943229e-04
 -4.69877758865555e-02 1.25123276527925e-01 -6.18925284184875e-01 1.44663417721837e-01 -1.35147884213645e-01 -8.45555450043055e-03 3.25015063412718e-02 6.06839931442591e-02 -1.60481505105836e-03 4.66314249985279e-01 6.96919362507197e-02 -2.20259409824345e-03 1.30904725396148e-01 2.00218689669235e-02 -9.71810937652970e-03 7.51217087774008e-03 -1.32168490340337e-02 -1.49136019102106e-04 -2.70427284314273e-02 1.14954016761200e-01 -8.07397998233064e-02 1.32085572871698e-02 5.95463514281750e-04 2.77994935948345e-02 -1.88517990074507e-03 -1.77992264684337e-01 7.44702341194231e-01 2.28903978411513e-02 6.23299848791496e-04 -6.25653895321428e-02 3.38154399470802e-02
 -5.53225665050263e-03 3.09007239301397e-02 -3.06318286371136e-01 -1.51920623509797e-02 -1.93200402045809e-02 -2.59984180923157e-03 7.77727041283472e-02 3.01382489828372e-02 -2.47743435093475e-03 6.96919362507197e-02 3.92088819128741e-01 -1.03969820187927e-03 1.57184518322322e-02 1.35509834237775e-01 -9.17701796651566e-04 4.24625003390813e-03 2.47088350638178e-02 8.65342578561965e-05 -5.72304190887741e-03 -2.81502322527493e-01 7.73158726051285e-01 2.55623772000585e-02 1.04891864010222e-04 1.74218293361571e-02 -6.20965258597093e-02 6.08486664964776e-02 -1.85242342721379e-01 -7.88343247665140e-04 -4.29610939108230e-04 2.93705410971772e-02 2.03257583263711e-02
 1.80091083292235e-04 -1.10321248747751e-03 4.09700051328224e-03 3.04188312525542e-04 6.08453474380388e-04 5.03633068182732e-05 -3.67790753291881e-04 -3.81782974398125e-04 1.31635890749231e-05 -2.20259409824345e-03 -1.03969820187927e-03 1.36998677853822e-05 -5.85007137196915e-04 -3.35369945041352e-04 5.56092623879681e-05 -4.44620496070604e-05 3.12410065380723e-05 5.61128531347464e-07 1.03899141233381e-04 -2.67337990742674e-04 -6.51256711756288e-04 9.45595076727644e-05 -3.68656890101822e-06 -1.67088859822518e-04 5.72339111570026e-05 5.76760380760751e-04 -2.75625539100920e-03 1.65455847175986e-04 -4.12869154049484e-06 1.59721281434217e-04 -1.86390592949250e-04
 -1.05610921622467e-02 3.87850750664991e-02 -1.61051882858860e-01 5.30081462996118e-02 -3.83851469670928e-02 -2.25162750701963e-03 7.41470285706030e-03 1.61329391436318e-02 -4.10265769902821e-04 1.30904725396148e-01 1.57184518322322e-02 -5.85007137196915e-04 3.72207091343272e-02 4.41167519334816e-03 -2.58339175038532e-03 2.04415746990084e-03 -3.72544653431948e-03 -4.22748102259640e-05 -7.94461754937082e-03 3.14055202311122e-02 -2.47184736168565e-02 6.17974408646513e-03 1.55013301308659e-04 7.52536109367772e-03 -8.19050574808912e-04 -5.22716696158258e-02 2.14910077195859e-01 1.00894986201896e-02 1.47686958064393e-04 -1.88281160262783e-02 9.36834620212573e-03
 1.23807885141828e-04 1.37993393034060e-02 -9.83517443707283e-02 -3.90855752814671e-03 -5.61678273603293e-03 -8.01388648094357e-04 2.65136909037821e-02 9.78174511855005e-03 -8.42167400244209e-04 2.00218689669235e-02 1.35509834237775e-01 -3.35369945041352e-04 4.41167519334816e-03 4.69140826818978e-02 -1.95103655211955e-04 1.40239665950454e-03 8.75728142149647e-03 3.15031846235023e-05 -1.83245410246157e-03 -9.96919017160679e-02 2.70541032670514e-01 9.38316712991079e-03 2.81265486027948e-05 5.76796014492019e-03 -2.17579781483983e-02 2.23723710287326e-02 -7.03071719273345e-02 3.69849107689384e-04 -1.63366418766008e-04 1.05508291587030e-02 6.76298774486565e-03
 1.06791753359393e-03 -4.27561377086012e-03 1.68295380552351e-02 1.90297552569071e-03 2.65851736996588e-03 2.17706939236685e-04 -9.94843387115795e-04 -1.53363147104225e-03 3.78963632012004e-05 -9.71810937652970e-03 -9.17701796651566e-04 5.56092623879681e-05 -2.58339175038532e-03 -1.95103655211955e-04 2.62094863289451e-04 -1.68515828787789e-04 4.13901815861896e-04 3.57270459278673e-06 4.13786981288206e-04 -4.34960526989669e-03 5.12613617321921e-03 8.51562522368248e-04 -1.70415836133121e-05 -6.20678552479085e-04 -4.11927635103331e-04 3.27535926752346e-03 -1.47914949092821e-02 9.67605436179838e-04 -2.57976065786844e-05 1.00973261560923e-03 -6.73186946274582e-04
 -3.66942268733673e-04 3.92391481189419e-03 -1.29378209588982e-02 5.40707201830658e-04 -2.13091699608503e-03 -1.59538836220904e-04 1.25283523984877e-03 1.24477809790203e-03 -4.65476019382793e-05 7.51217087774008e-03 4.24625003390813e-03 -4.44620496070604e-05 2.04415746990084e-03 1.40239665950454e-03 -1.68515828787789e-04 1.52524556113801e-04 -2.33176049346550e-05 -1.61677786279474e-06 -4.07443549533659e-04 -1.58709692642778e-04 4.45448561617174e-03 8.85232123355928e-05 1.09972289193999e-05 5.74382272742682e-04 -4.32042104768535e-04 -1.99781449187052e-03 9.24403932690922e-03 -8.18435086194477e-05 8.82802655858280e-06 -5.91856271028705e-04 6.67519375726868e-04
 1.38392880288002e-03 -6.25908670378905e-03 9.88470844743683e-03 1.91993208374072e-03 3.62086074684462e-03 2.20933446223613e-04 3.44742718089175e-03 -7.65830785386110e-04 -9.77777247193153e-05 -1.32168490340337e-02 2.47088350638178e-02 3.12410065380723e-05 -3.72544653431948e-03 8.75728142149647e-03 4.13901815861896e-04 -2.33176049346550e-05 2.41423915923348e-03 1.23807930387105e-05 3.95052021274866e-04 -2.67824885402168e-02 6.12235250827389e-02 3.16116492502253e-03 -2.37548973155051e-05 3.59979034381225e-05 -4.89631145128055e-03 1.02027303971451e-02 -3.98697904510910e-02 1.55627215767187e-03 -7.48217621320736e-05 3.88053337531639e-03 1.26405464224520e-04
 1.07356473167115e-05 -6.27479395227140e-05 1.59981283928926e-04 -2.89883552934565e-05 4.26941886059949e-05 2.55789882975040e-06 7.96178823350860e-06 -1.51378044238399e-05 -8.09150940079102e-08 -1.49136019102106e-04 8.65342578561965e-05 5.61128531347464e-07 -4.22748102259640e-05 3.15031846235023e-05 3.57270459278673e-06 -1.61677786279474e-06 1.23807930387105e-05 8.06148891252064e-08 7.37363001516830e-06 -1.30169982754297e-04 2.62404577089291e-04 8.48134072858302e-06 -2.10377831714043e-07 -5.44317820522427e-06 -1.89950937828524e-05 7.89134070783574e-05 -3.16540340859127e-04 -6.50126501499543e-07 -4.08773858228652e-07 2.91694814634530e-05 -6.41432520373928e-06
 2.79218778029102e-03 -2.11588775863944e-03 2.62000011199500e-02 -2.07620064228661e-02 8.22910506673979e-03 3.87301018285854e-04 -1.14259318936206e-03 -2.85527886486780e-03 8.37092472009271e-05 -2.70427284314273e-02 -5.72304190887741e-03 1.03899141233381e-04 -7.94461754937082e-03 -1.83245410246157e-03 4.13786981288206e-04 -4.07443549533659e-04 3.95052021274866e-04 7.37363001516830e-06 1.94598486506051e-03 -1.49641997078630e-03 -4.66566278095074e-03 -3.62141929533907e-03 -2.29491994244971e-05 -1.51946246335527e-03 1.29773535502020e-03 1.13315608828712e-02 -4.47537372891554e-02 -4.95452049856475e-03 -3.78382612543278e-06 4.33277052736611e-03 -2.05330769263154e-03
 -1.29226063035018e-02 7.22505639843236e-02 -9.59111337508416e-02 -6.58233107570677e-02 -2.98732139004246e-02 -2.17264315259888e-03 -3.80100846416406e-02 6.32556211952252e-03 1.15595838587407e-03 1.14954016761200e-01 -2.81502322527493e-01 -2.67337990742674e-04 3.14055202311122e-02 -9.96919017160679e-02 -4.34960526989669e-03 -1.58709692642778e-04 -2.67824885402168e-02 -1.30169982754297e-04 -1.49641997078630e-03 3.02199091410970e-01 -6.95673060773683e-01 -4.38278118646832e-02 2.55758967154575e-04 -1.95824783640663e-03 5.74430777547660e-02 -9.77869946605987e-02 3.85740212651618e-01 -2.89999722691534e-02 8.76492747289447e-04 -3.66173995294112e-02 -3.87680542667009e-03
 8.91455775145829e-03 -8.28369818173381e-02 -1.63571233794956e-01 9.87558896516619e-02 1.89360867872586e-02 4.47769602548234e-04 1.27434902004554e-01 2.07770194193943e-02 -4.01939277778839e-03 -8.07397998233064e-02 7.73158726051285e-01 -6.51256711756288e-04 -2.47184736168565e-02 2.70541032670514e-01 5.12613617321921e-03 4.45448561617174e-03 6.12235250827389e-02 2.62404577089291e-04 -4.66566278095074e-03 -6.95673060773683e-01 1.72309904426190e+00 9.00140409773241e-02 -2.55569537055617e-04 2.00753068621451e-02 -1.41415873375606e-01 1.88566527839672e-01 -6.93331741317681e-01 4.53595239562147e-02 -1.66041466607531e-03 7.65796128561854e-02 2.59598899317268e-02
 -3.49074164194461e-03 -3.99197148689781e-02 4.83321725492997e-02 9.52747110058252e-02 -6.68551395102520e-03 4.87607563816462e-04 -2.53043177709793e-03 -2.64346926332971e-03 -4.00213205638193e-05 1.32085572871698e-02 2.55623772000585e-02 9.45595076727644e-05 6.17974408646513e-03 9.38316712991079e-03 8.51562522368248e-04 8.85232123355928e-05 3.16116492502253e-03 8.48134072858302e-06 -3.62141929533907e-03 -4.38278118646832e-02 9.00140409773241e-02 2.23020800070940e-02 -6.85261089638550e-05 4.80428620891217e-04 -1.06824202929926e-02 -9.98046996275490e-03 2.41166596796702e-02 2.74903841359294e-02 -2.36435801885002e-04 -5.88098294600279e-03 2.08451497174241e-03
 -7.20128479344340e-05 2.76212064119797e-04 -1.13345780104355e-03 -2.08621847889767e-04 -1.59874951890696e-04 -1.42798541893503e-05 7.75397673044724e-05 1.01832864188455e-04 -2.73920719883417e-06 5.95463514281750e-04 1.04891864010222e-04 -3.68656890101822e-06 1.55013301308659e-04 2.81265486027948e-05 -1.70415836133121e-05 1.09972289193999e-05 -2.37548973155051e-05 -2.10377831714043e-07 -2.29491994244971e-05 2.55758967154575e-04 -2.55569537055617e-04 -6.85261089638550e-05 1.12957016877441e-06 4.07753389503917e-05 2.38317579156922e-05 -1.79597060971586e-04 8.48207579194188e-04 -8.55539151853969e-05 1.73343701936299e-06 -5.07435545789257e-05 4.30068271542661e-05
 -2.45900007843741e-03 1.08626888656701e-02 -4.86792384528061e-02 2.18034161692852e-03 -7.86900367465279e-03 -5.95022549708279e-04 4.91468690601575e-03 4.66528134845916e-03 -1.81438767153666e-04 2.77994935948345e-02 1.74218293361571e-02 -1.67088859822518e-04 7.52536109367772e-03 5.76796014492019e-03 -6.20678552479085e-04 5.74382272742682e-04 3.59979034381225e-05 -5.44317820522427e-06 -1.51946246335527e-03 -1.95824783640663e-03 2.00753068621451e-02 4.80428620891217e-04 4.07753389503917e-05 2.18073076601475e-03 -1.88689944264294e-03 -7.00495264440838e-03 3.29148548766140e-02 -2.71839010495681e-04 3.10156630486844e-05 -2.02673471091936e-03 2.53701204039533e-03
 2.51425257114085e-04 1.07646121336547e-02 1.08178280438942e-02 -2.56546563021938e-02 1.38047849774717e-03 -1.89488727016330e-05 -9.30573326225946e-03 -1.78252762463225e-03 3.21278206142954e-04 -1.88517990074507e-03 -6.20965258597093e-02 5.72339111570026e-05 -8.19050574808912e-04 -2.17579781483983e-02 -4.11927635103331e-04 -4.32042104768535e-04 -4.89631145128055e-03 -1.89950937828524e-05 1.29773535502020e-03 5.74430777547660e-02 -1.41415873375606e-01 -1.06824202929926e-02 2.38317579156922e-05 -1.88689944264294e-03 1.22854139241688e-02 -9.99486686613936e-03 3.79086492869172e-02 -8.43059242077980e-03 1.56399658754823e-04 -3.85350110488043e-03 -2.67172546062660e-03
 1.72661487777427e-02 -2.96566232409069e-02 1.47242649286679e-01 -1.10623131044360e-01 5.32963275224563e-02 2.51119635195604e-03 8.26404251412105e-03 -1.55170716220136e-02 2.82215733207784e-05 -1.77992264684337e-01 6.08486664964776e-02 5.76760380760751e-04 -5.22716696158258e-02 2.23723710287326e-02 3.27535926752346e-03 -1.99781449187052e-03 1.02027303971451e-02 7.89134070783574e-05 1.13315608828712e-02 -9.77869946605987e-02 1.88566527839672e-01 -9.98046996275490e-03 -1.79597060971586e-04 -7.00495264440838e-03 -9.99486686613936e-03 9.32431825820705e-02 -3.63015590873898e-01 -2.34210079621452e-02 -2.43290695599548e-04 3.60485889661242e-02 -9.50444642136140e-03
 -7.69109164596096e-02 1.49578310407608e-01 -7.39780406343404e-01 3.56904902244712e-01 -2.19578618857869e-01 -1.16201320227760e-02 -1.30020513133093e-02 7.46680492605664e-02 -6.75232371378178e-04 7.44702341194231e-01 -1.85242342721379e-01 -2.75625539100920e-03 2.14910077195859e-01 -7.03071719273345e-02 -1.47914949092821e-02 9.24403932690922e-03 -3.98697904510910e-02 -3.16540340859127e-04 -4.47537372891554e-02 3.85740212651618e-01 -6.93331741317681e-01 2.41166596796702e-02 8.48207579194188e-04 3.29148548766140e-02 3.79086492869172e-02 -3.63015590873898e-01 1.44197344942765e+00 6.81116840173014e-02 1.16848088453388e-03 -1.36789890202366e-01 4.23312624870873e-02
 -3.98145414716942e-03 -4.82039736266063e-02 7.67072410572678e-02 1.31082509774959e-01 -1.05221514432436e-02 6.72318690548350e-04 -9.70879940368458e-03 -4.72637915593137e-03 1.35592699113087e-04 2.28903978411513e-02 -7.88343247665140e-04 1.65455847175986e-04 1.00894986201896e-02 3.69849107689384e-04 9.67605436179838e-04 -8.18435086194477e-05 1.55627215767187e-03 -6.50126501499543e-07 -4.95452049856475e-03 -2.89999722691534e-02 4.53595239562147e-02 2.74903841359294e-02 -8.55539151853969e-05 -2.71839010495681e-04 -8.43059242077980e-03 -2.34210079621452e-02 6.81116840173014e-02 3.70681845341449e-02 -2.58713570926608e-04 -1.21128467386146e-02 1.73594294755316e-03
 -1.65147238787726e-04 2.21258980262120e-04 -1.39428146274286e-03 -7.54202252065915e-04 -1.48102619988408e-04 -1.83039089427241e-05 2.64507573144389e-05 1.11099901633010e-04 -5.81240332870520e-07 6.23299848791496e-04 -4.29610939108230e-04 -4.12869154049484e-06 1.47686958064393e-04 -1.63366418766008e-04 -2.57976065786844e-05 8.82802655858280e-06 -7.48217621320736e-05 -4.08773858228652e-07 -3.78382612543278e-06 8.76492747289447e-04 -1.66041466607531e-03 -2.36435801885002e-04 1.73343701936299e-06 3.10156630486844e-05 1.56399658754823e-04 -2.43290695599548e-04 1.16848088453388e-03 -2.58713570926608e-04 4.08759718719250e-06 -6.56306760712199e-05 2.20773750682947e-05
 6.62949759329002e-03 -3.27784821424354e-03 3.62185171999197e-02 -5.27639836894480e-02 1.91562543655864e-02 7.41493151143076e-04 5.54958655210949e-03 -4.21630250144496e-03 -5.70939920732000e-05 -6.25653895321428e-02 2.93705410971772e-02 1.59721281434217e-04 -1.88281160262783e-02 1.05508291587030e-02 1.00973261560923e-03 -5.91856271028705e-04 3.88053337531639e-03 2.91694814634530e-05 4.33277052736611e-03 -3.66173995294112e-02 7.65796128561854e-02 -5.88098294600279e-03 -5.07435545789257e-05 -2.02673471091936e-03 -3.85350110488043e-03 3.60485889661242e-02 -1.36789890202366e-01 -1.21128467386146e-02 -6.56306760712199e-05 1.43904044734537e-02 -3.04670833426671e-03
 -3.16206605700675e-03 9.84069659860854e-03 -5.27263890599415e-02 9.82822677911179e-03 -9.79493848431948e-03 -6.59299783147224e-04 5.20889673496920e-03 5.19719566487838e-03 -2.04717643943229e-04 3.38154399470802e-02 2.03257583263711e-02 -1.86390592949250e-04 9.36834620212573e-03 6.76298774486565e-03 -6.73186946274582e-04 6.67519375726868e-04 1.26405464224520e-04 -6.41432520373928e-06 -2.05330769263154e-03 -3.87680542667009e-03 2.59598899317268e-02 2.08451497174241e-03 4.30068271542661e-05 2.53701204039533e-03 -2.67172546062660e-03 -9.50444642136140e-03 4.23312624870873e-02 1.73594294755316e-03 2.20773750682947e-05 -3.04670833426671e-03 3.06525578609701e-03
