S:
 1.00000000000000e+00 9.33746663323380e-01 8.48174731285821e-02 2.06008557949724e-01 5.88563812688154e-01 0.00000000000000e+00 0.00000000000000e+00 0.00000000000000e+00 0.00000000000000e+00 0.00000000000000e+00 0.00000000000000e+00 0.00000000000000e+00 0.00000000000000e+00 0.00000000000000e+00 0.00000000000000e+00 0.00000000000000e+00 0.00000000000000e+00 0.00000000000000e+00 0.00000000000000e+00 5.05597710904781e-02 4.83510685512178e-02 2.82999344182765e-02 0.00000000000000e+00 0.00000000000000e+00 -9.76650084009713e-02 5.05584494888477e-02 4.83493837950460e-02 2.82982424551105e-02 0.00000000000000e+00 -9.53923603692409e-02 2.09335441572614e-02
 9.33746663323380e-01 1.00000000000000e+00 1.84625621394150e-01 3.89601358737497e-01 8.27780645579333e-01 0.00000000000000e+00 0.00000000000000e+00 0.00000000000000e+00 0.00000000000000e+00 0.00000000000000e+00 0.00000000000000e+00 0.00000000000000e+00 0.00000000000000e+00 0.00000000000000e+00 0.00000000000000e+00 0.00000000000000e+00 0.00000000000000e+00 0.00000000000000e+00 0.00000000000000e+00 9.52681823945185e-02 9.15954212198487e-02 5.57969384463991e-02 0.00000000000000e+00 0.00000000000000e+00 -1.78076297150340e-01 9.52657510187920e-02 9.15923087047887e-02 5.57937006379065e-02 0.00000000000000e+00 -1.73932840066236e-01 3.81689977460553e-02
 8.48174731285821e-02 1.84625621394150e-01 1.00000000000000e+00 8.59289762910996e-01 3.82985958180948e-01 0.00000000000000e+00 0.00000000000000e+00 0.00000000000000e+00 0.00000000000000e+00 0.00000000000000e+00 0.00000000000000e+00 0.00000000000000e+00 0.00000000000000e+00 0.00000000000000e+00 0.00000000000000e+00 0.00000000000000e+00 0.00000000000000e+00 0.00000000000000e+00 0.00000000000000e+00 7.08935475497059e-01 6.52413169563298e-01 4.48326568860869e-01 0.00000000000000e+00 0.00000000000000e+00 -5.17035316746919e-01 7.08927353839890e-01 6.52403895778952e-01 4.48317645394890e-01 0.00000000000000e+00 -5.05019324958923e-01 1.10824853252157e-01
 2.06008557949724e-01 3.89601358737497e-01 8.59289762910996e-01 1.00000000000000e+00 6.87414645860961e-01 0.00000000000000e+00 0.00000000000000e+00 0.00000000000000e+00 0.00000000000000e+00 0.00000000000000e+00 0.00000000000000e+00 0.00000000000000e+00 0.00000000000000e+00 0.00000000000000e+00 0.00000000000000e+00 0.00000000000000e+00 0.00000000000000e+00 0.00000000000000e+00 0.00000000000000e+00 4.89078235182176e-01 4.72405219652066e-01 3.39940876827530e-01 0.00000000000000e+00 0.00000000000000e+00 -5.87470255077239e-01 4.89069620907539e-01 4.72394515555032e-01 3.39929097578668e-01 0.00000000000000e+00 -5.73811264969418e-01 1.25921021418028e-01
 5.88563812688154e-01 8.27780645579333e-01 3.82985958180948e-01 6.87414645860961e-01 1.00000000000000e+00 0.00000000000000e+00 0.00000000000000e+00 0.00000000000000e+00 0.00000000000000e+00 0.00000000000000e+00 0.00000000000000e+00 0.00000000000000e+00 0.00000000000000e+00 0.00000000000000e+00 0.00000000000000e+00 0.00000000000000e+00 0.00000000000000e+00 0.00000000000000e+00 0.00000000000000e+00 1.83437987718623e-01 1.77649431434124e-01 1.14529089424549e-01 0.00000000000000e+00 0.00000000000000e+00 -3.23452505857973e-01 1.83433507212912e-01 1.77643671153395e-01 1.14522817865049e-01 0.00000000000000e+00 -3.15927509961128e-01 6.93292676128962e-02
 0.00000000000000e+00 0.00000000000000e+00 0.00000000000000e+00 0.00000000000000e+00 0.00000000000000e+00 1.00000000000000e+00 0.00000000000000e+00 0.00000000000000e+00 8.06677080198925e-01 0.00000000000000e+00 0.00000000000000e+00 3.84249853570430e-01 0.00000000000000e+00 0.00000000000000e+00 0.00000000000000e+00 0.00000000000000e+00 0.00000000000000e+00 0.00000000000000e+00 0.00000000000000e+00 0.00000000000000e+00 0.00000000000000e+00 0.00000000000000e+00 5.98972286970131e-01 0.00000000000000e+00 0.00000000000000e+00 0.00000000000000e+00 0.00000000000000e+00 0.00000000000000e+00 5.98964149756033e-01 0.00000000000000e+00 0.00000000000000e+00
 0.00000000000000e+00 0.00000000000000e+00 0.00000000000000e+00 0.00000000000000e+00 0.00000000000000e+00 0.00000000000000e+00 1.00000000000000e+00 0.00000000000000e+00 0.00000000000000e+00 8.06677080198925e-01 0.00000000000000e+00 0.00000000000000e+00 3.84249853570430e-01 0.00000000000000e+00 0.00000000000000e+00 0.00000000000000e+00 0.00000000000000e+00 0.00000000000000e+00 0.00000000000000e+00 0.00000000000000e+00 0.00000000000000e+00 0.00000000000000e+00 0.00000000000000e+00 5.98972286970131e-01 0.00000000000000e+00 5.27400910456485e-01 5.66169137668398e-01 4.94216906015865e-01 0.00000000000000e+00 1.77274955860780e-01 9.25383262021971e-02
 0.00000000000000e+00 0.00000000000000e+00 0.00000000000000e+00 0.00000000000000e+00 0.00000000000000e+00 0.00000000000000e+00 0.00000000000000e+00 1.00000000000000e+00 0.00000000000000e+00 0.00000000000000e+00 8.06677080198925e-01 0.00000000000000e+00 0.00000000000000e+00 3.84249853570430e-01 0.00000000000000e+00 0.00000000000000e+00 0.00000000000000e+00 0.00000000000000e+00 0.00000000000000e+00 5.39947039767688e-01 5.79638931271766e-01 5.05977680280270e-01 0.00000000000000e+00 0.00000000000000e+00 1.56983858138753e-01 -1.15736419613543e-01 -1.24243981362701e-01 -1.08454297443762e-01 0.00000000000000e+00 9.25383262021973e-02 5.78656914142045e-01
 0.00000000000000e+00 0.00000000000000e+00 0.00000000000000e+00 0.00000000000000e+00 0.00000000000000e+00 8.06677080198925e-01 0.00000000000000e+00 0.00000000000000e+00 1.00000000000000e+00 0.00000000000000e+00 0.00000000000000e+00 7.49136997611633e-01 0.00000000000000e+00 0.00000000000000e+00 0.00000000000000e+00 0.00000000000000e+00 0.00000000000000e+00 0.00000000000000e+00 0.00000000000000e+00 0.00000000000000e+00 0.00000000000000e+00 0.00000000000000e+00 4.92782752210829e-01 0.00000000000000e+00 0.00000000000000e+00 0.00000000000000e+00 0.00000000000000e+00 0.00000000000000e+00 4.92771634285930e-01 0.00000000000000e+00 0.00000000000000e+00
 0.00000000000000e+00 0.00000000000000e+00 0.00000000000000e+00 0.00000000000000e+00 0.00000000000000e+00 0.00000000000000e+00 8.06677080198925e-01 0.00000000000000e+00 0.00000000000000e+00 1.00000000000000e+00 0.00000000000000e+00 0.00000000000000e+00 7.49136997611633e-01 0.00000000000000e+00 0.00000000000000e+00 0.00000000000000e+00 0.00000000000000e+00 0.00000000000000e+00 0.00000000000000e+00 0.00000000000000e+00 0.00000000000000e+00 0.00000000000000e+00 0.00000000000000e+00 4.92782752210829e-01 0.00000000000000e+00 3.93946898554371e-01 4.72263565243944e-01 4.90249813927484e-01 0.00000000000000e+00 -8.33818511314361e-02 1.26435014100287e-01
 0.00000000000000e+00 0.00000000000000e+00 0.00000000000000e+00 0.00000000000000e+00 0.00000000000000e+00 0.00000000000000e+00 0.00000000000000e+00 8.06677080198925e-01 0.00000000000000e+00 0.00000000000000e+00 1.00000000000000e+00 0.00000000000000e+00 0.00000000000000e+00 7.49136997611633e-01 0.00000000000000e+00 0.00000000000000e+00 0.00000000000000e+00 0.00000000000000e+00 0.00000000000000e+00 4.03321913642388e-01 4.83504281611731e-01 5.01923443735933e-01 0.00000000000000e+00 0.00000000000000e+00 -1.11111873690598e-01 -8.64503694486969e-02 -1.03636707998764e-01 -1.07583731948931e-01 0.00000000000000e+00 1.26435014100287e-01 4.65025880428415e-01
 0.00000000000000e+00 0.00000000000000e+00 0.00000000000000e+00 0.00000000000000e+00 0.00000000000000e+00 3.84249853570430e-01 0.00000000000000e+00 0.00000000000000e+00 7.49136997611633e-01 0.00000000000000e+00 0.00000000000000e+00 1.00000000000000e+00 0.00000000000000e+00 0.00000000000000e+00 0.00000000000000e+00 0.00000000000000e+00 0.00000000000000e+00 0.00000000000000e+00 0.00000000000000e+00 0.00000000000000e+00 0.00000000000000e+00 0.00000000000000e+00 1.96285772995259e-01 0.00000000000000e+00 0.00000000000000e+00 0.00000000000000e+00 0.00000000000000e+00 0.00000000000000e+00 1.96278816605134e-01 0.00000000000000e+00 0.00000000000000e+00
 0.00000000000000e+00 0.00000000000000e+00 0.00000000000000e+00 0.00000000000000e+00 0.00000000000000e+00 0.00000000000000e+00 3.84249853570430e-01 0.00000000000000e+00 0.00000000000000e+00 7.49136997611633e-01 0.00000000000000e+00 0.00000000000000e+00 1.00000000000000e+00 0.00000000000000e+00 0.00000000000000e+00 0.00000000000000e+00 0.00000000000000e+00 0.00000000000000e+00 0.00000000000000e+00 0.00000000000000e+00 0.00000000000000e+00 0.00000000000000e+00 0.00000000000000e+00 1.96285772995259e-01 0.00000000000000e+00 1.47529736788794e-01 1.88522689975643e-01 2.10966149108455e-01 0.00000000000000e+00 -1.64212444264559e-01 7.91086382443257e-02
 0.00000000000000e+00 0.00000000000000e+00 0.00000000000000e+00 0.00000000000000e+00 0.00000000000000e+00 0.00000000000000e+00 0.00000000000000e+00 3.84249853570430e-01 0.00000000000000e+00 0.00000000000000e+00 7.49136997611633e-01 0.00000000000000e+00 0.00000000000000e+00 1.00000000000000e+00 0.00000000000000e+00 0.00000000000000e+00 0.00000000000000e+00 0.00000000000000e+00 0.00000000000000e+00 1.51042590866764e-01 1.93012901226313e-01 2.15994638816171e-01 0.00000000000000e+00 0.00000000000000e+00 -1.81569080537478e-01 -3.23749223483225e-02 -4.13706929986332e-02 -4.62958373286386e-02 0.00000000000000e+00 7.91086382443258e-02 1.78918682465478e-01
 0.00000000000000e+00 0.00000000000000e+00 0.00000000000000e+00 0.00000000000000e+00 0.00000000000000e+00 0.00000000000000e+00 0.00000000000000e+00 0.00000000000000e+00 0.00000000000000e+00 0.00000000000000e+00 0.00000000000000e+00 0.00000000000000e+00 0.00000000000000e+00 0.00000000000000e+00 1.00000000000000e+00 0.00000000000000e+00 0.00000000000000e+00 0.00000000000000e+00 0.00000000000000e+00 0.00000000000000e+00 0.00000000000000e+00 0.00000000000000e+00 0.00000000000000e+00 0.00000000000000e+00 0.00000000000000e+00 0.00000000000000e+00 0.00000000000000e+00 0.00000000000000e+00 3.82293493776829e-01 0.00000000000000e+00 0.00000000000000e+00
 0.00000000000000e+00 0.00000000000000e+00 0.00000000000000e+00 0.00000000000000e+00 0.00000000000000e+00 0.00000000000000e+00 0.00000000000000e+00 0.00000000000000e+00 0.00000000000000e+00 0.00000000000000e+00 0.00000000000000e+00 0.00000000000000e+00 0.00000000000000e+00 0.00000000000000e+00 0.00000000000000e+00 1.00000000000000e+00 0.00000000000000e+00 0.00000000000000e+00 0.00000000000000e+00 0.00000000000000e+00 0.00000000000000e+00 0.00000000000000e+00 0.00000000000000e+00 3.91395877503614e-01 0.00000000000000e+00 -6.11343146920741e-02 -8.97503219543889e-02 -1.35174631067276e-01 0.00000000000000e+00 5.81686656607898e-02 3.51118507080937e-01
 0.00000000000000e+00 0.00000000000000e+00 0.00000000000000e+00 0.00000000000000e+00 0.00000000000000e+00 0.00000000000000e+00 0.00000000000000e+00 0.00000000000000e+00 0.00000000000000e+00 0.00000000000000e+00 0.00000000000000e+00 0.00000000000000e+00 0.00000000000000e+00 0.00000000000000e+00 0.00000000000000e+00 0.00000000000000e+00 1.00000000000000e+00 0.00000000000000e+00 0.00000000000000e+00 1.68585596343048e-01 2.47498875260952e-01 3.72766687146989e-01 0.00000000000000e+00 0.00000000000000e+00 5.08744785487985e-02 -7.26746464227951e-02 -1.06692500721087e-01 -1.60691561975089e-01 0.00000000000000e+00 -5.18385083362181e-02 -1.33931262854636e-01
 0.00000000000000e+00 0.00000000000000e+00 0.00000000000000e+00 0.00000000000000e+00 0.00000000000000e+00 0.00000000000000e+00 0.00000000000000e+00 0.00000000000000e+00 0.00000000000000e+00 0.00000000000000e+00 0.00000000000000e+00 0.00000000000000e+00 0.00000000000000e+00 0.00000000000000e+00 0.00000000000000e+00 0.00000000000000e+00 0.00000000000000e+00 1.00000000000000e+00 0.00000000000000e+00 0.00000000000000e+00 0.00000000000000e+00 0.00000000000000e+00 3.91395877503613e-01 0.00000000000000e+00 0.00000000000000e+00 0.00000000000000e+00 0.00000000000000e+00 0.00000000000000e+00 -8.38930675583901e-02 0.00000000000000e+00 0.00000000000000e+00
 0.00000000000000e+00 0.00000000000000e+00 0.00000000000000e+00 0.00000000000000e+00 0.00000000000000e+00 0.00000000000000e+00 0.00000000000000e+00 0.00000000000000e+00 0.00000000000000e+00 0.00000000000000e+00 0.00000000000000e+00 0.00000000000000e+00 0.00000000000000e+00 0.00000000000000e+00 0.00000000000000e+00 0.00000000000000e+00 0.00000000000000e+00 0.00000000000000e+00 1.00000000000000e+00 0.00000000000000e+00 0.00000000000000e+00 0.00000000000000e+00 0.00000000000000e+00 0.00000000000000e+00 0.00000000000000e+00 -1.39291907147266e-01 -2.04492249157881e-01 -3.07989584149701e-01 0.00000000000000e+00 -5.86119435310204e-02 -7.10308666095895e-02
 5.05597710904781e-02 9.52681823945185e-02 7.08935475497059e-01 4.89078235182176e-01 1.83437987718623e-01 0.00000000000000e+00 0.00000000000000e+00 5.39947039767688e-01 0.00000000000000e+00 0.00000000000000e+00 4.03321913642388e-01 0.00000000000000e+00 0.00000000000000e+00 1.51042590866764e-01 0.00000000000000e+00 0.00000000000000e+00 1.68585596343048e-01 0.00000000000000e+00 0.00000000000000e+00 1.00000000000000e+00 9.69544475373831e-01 7.78523420263646e-01 0.00000000000000e+00 0.00000000000000e+00 0.00000000000000e+00 5.20746203850687e-01 4.24542811318978e-01 2.33592442021972e-01 0.00000000000000e+00 -2.46073434436182e-01 3.05924212411270e-01
 4.83510685512178e-02 9.15954212198487e-02 6.52413169563298e-01 4.72405219652066e-01 1.77649431434124e-01 0.00000000000000e+00 0.00000000000000e+00 5.79638931271766e-01 0.00000000000000e+00 0.00000000000000e+00 4.83504281611731e-01 0.00000000000000e+00 0.00000000000000e+00 1.93012901226313e-01 0.00000000000000e+00 0.00000000000000e+00 2.47498875260952e-01 0.00000000000000e+00 0.00000000000000e+00 9.69544475373831e-01 1.00000000000000e+00 8.97299307181686e-01 0.00000000000000e+00 0.00000000000000e+00 0.00000000000000e+00 4.24542811318979e-01 3.48858407289150e-01 1.87910265548266e-01 0.00000000000000e+00 -2.54860678765578e-01 3.16848718776190e-01
 2.82999344182765e-02 5.57969384463991e-02 4.48326568860869e-01 3.39940876827530e-01 1.14529089424549e-01 0.00000000000000e+00 0.00000000000000e+00 5.05977680280270e-01 0.00000000000000e+00 0.00000000000000e+00 5.01923443735933e-01 0.00000000000000e+00 0.00000000000000e+00 2.15994638816171e-01 0.00000000000000e+00 0.00000000000000e+00 3.72766687146989e-01 0.00000000000000e+00 0.00000000000000e+00 7.78523420263646e-01 8.97299307181686e-01 1.00000000000000e+00 0.00000000000000e+00 0.00000000000000e+00 0.00000000000000e+00 2.33592442021971e-01 1.87910265548266e-01 8.69889893101230e-02 0.00000000000000e+00 -1.94539255780271e-01 2.41855723857461e-01
 0.00000000000000e+00 0.00000000000000e+00 0.00000000000000e+00 0.00000000000000e+00 0.00000000000000e+00 5.98972286970131e-01 0.00000000000000e+00 0.00000000000000e+00 4.92782752210829e-01 0.00000000000000e+00 0.00000000000000e+00 1.96285772995259e-01 0.00000000000000e+00 0.00000000000000e+00 0.00000000000000e+00 0.00000000000000e+00 0.00000000000000e+00 3.91395877503613e-01 0.00000000000000e+00 0.00000000000000e+00 0.00000000000000e+00 0.00000000000000e+00 1.00000000000000e+00 0.00000000000000e+00 0.00000000000000e+00 0.00000000000000e+00 0.00000000000000e+00 0.00000000000000e+00 2.75947220781576e-01 0.00000000000000e+00 0.00000000000000e+00
 0.00000000000000e+00 0.00000000000000e+00 0.00000000000000e+00 0.00000000000000e+00 0.00000000000000e+00 0.00000000000000e+00 5.98972286970131e-01 0.00000000000000e+00 0.00000000000000e+00 4.92782752210829e-01 0.00000000000000e+00 0.00000000000000e+00 1.96285772995259e-01 0.00000000000000e+00 0.00000000000000e+00 3.91395877503614e-01 0.00000000000000e+00 0.00000000000000e+00 0.00000000000000e+00 0.00000000000000e+00 0.00000000000000e+00 0.00000000000000e+00 0.00000000000000e+00 1.00000000000000e+00 0.00000000000000e+00 2.46073434436182e-01 2.54860678765578e-01 1.94539255780271e-01 0.00000000000000e+00 4.06821662313419e-02 2.92486983351473e-01
 -9.76650084009713e-02 -1.78076297150340e-01 -5.17035316746919e-01 -5.87470255077239e-01 -3.23452505857973e-01 0.00000000000000e+00 0.00000000000000e+00 1.56983858138753e-01 0.00000000000000e+00 0.00000000000000e+00 -1.11111873690598e-01 0.00000000000000e+00 0.00000000000000e+00 -1.81569080537478e-01 0.00000000000000e+00 0.00000000000000e+00 5.08744785487985e-02 0.00000000000000e+00 0.00000000000000e+00 0.00000000000000e+00 0.00000000000000e+00 0.00000000000000e+00 0.00000000000000e+00 0.00000000000000e+00 1.00000000000000e+00 -3.05924212411270e-01 -3.16848718776190e-01 -2.41855723857461e-01 0.00000000000000e+00 2.92486983351473e-01 -8.76793942870774e-02
 5.05584494888477e-02 9.52657510187920e-02 7.08927353839890e-01 4.89069620907539e-01 1.83433507212912e-01 0.00000000000000e+00 5.27400910456485e-01 -1.15736419613543e-01 0.00000000000000e+00 3.93946898554371e-01 -8.64503694486969e-02 0.00000000000000e+00 1.47529736788794e-01 -3.23749223483225e-02 0.00000000000000e+00 -6.11343146920741e-02 -7.26746464227951e-02 0.00000000000000e+00 -1.39291907147266e-01 5.20746203850687e-01 4.24542811318979e-01 2.33592442021971e-01 0.00000000000000e+00 2.46073434436182e-01 -3.05924212411270e-01 1.00000000000000e+00 9.69544475373831e-01 7.78523420263646e-01 0.00000000000000e+00 0.00000000000000e+00 0.00000000000000e+00
 4.83493837950460e-02 9.15923087047887e-02 6.52403895778952e-01 4.72394515555032e-01 1.77643671153395e-01 0.00000000000000e+00 5.66169137668398e-01 -1.24243981362701e-01 0.00000000000000e+00 4.72263565243944e-01 -1.03636707998764e-01 0.00000000000000e+00 1.88522689975643e-01 -4.13706929986332e-02 0.00000000000000e+00 -8.97503219543889e-02 -1.06692500721087e-01 0.00000000000000e+00 -2.04492249157881e-01 4.24542811318978e-01 3.48858407289150e-01 1.87910265548266e-01 0.00000000000000e+00 2.54860678765578e-01 -3.16848718776190e-01 9.69544475373831e-01 1.00000000000000e+00 8.97299307181686e-01 0.00000000000000e+00 0.00000000000000e+00 0.00000000000000e+00
 2.82982424551105e-02 5.57937006379065e-02 4.48317645394890e-01 3.39929097578668e-01 1.14522817865049e-01 0.00000000000000e+00 4.94216906015865e-01 -1.08454297443762e-01 0.00000000000000e+00 4.90249813927484e-01 -1.07583731948931e-01 0.00000000000000e+00 2.10966149108455e-01 -4.62958373286386e-02 0.00000000000000e+00 -1.35174631067276e-01 -1.60691561975089e-01 0.00000000000000e+00 -3.07989584149701e-01 2.33592442021972e-01 1.87910265548266e-01 8.69889893101230e-02 0.00000000000000e+00 1.94539255780271e-01 -2.41855723857461e-01 7.78523420263646e-01 8.97299307181686e-01 1.00000000000000e+00 0.00000000000000e+00 0.00000000000000e+00 0.00000000000000e+00
 0.00000000000000e+00 0.00000000000000e+00 0.00000000000000e+00 0.00000000000000e+00 0.00000000000000e+00 5.98964149756033e-01 0.00000000000000e+00 0.00000000000000e+00 4.92771634285930e-01 0.00000000000000e+00 0.00000000000000e+00 1.96278816605134e-01 0.00000000000000e+00 0.00000000000000e+00 3.82293493776829e-01 0.00000000000000e+00 0.00000000000000e+00 -8.38930675583901e-02 0.00000000000000e+00 0.00000000000000e+00 0.00000000000000e+00 0.00000000000000e+00 2.75947220781576e-01 0.00000000000000e+00 0.00000000000000e+00 0.00000000000000e+00 0.00000000000000e+00 0.00000000000000e+00 1.00000000000000e+00 0.00000000000000e+00 0.00000000000000e+00
 -9.53923603692409e-02 -1.73932840066236e-01 -5.05019324958923e-01 -5.73811264969418e-01 -3.15927509961128e-01 0.00000000000000e+00 1.77274955860780e-01 9.25383262021973e-02 0.00000000000000e+00 -8.33818511314361e-02 1.26435014100287e-01 0.00000000000000e+00 -1.64212444264559e-01 7.91086382443258e-02 0.00000000000000e+00 5.81686656607898e-02 -5.18385083362181e-02 0.00000000000000e+00 -5.86119435310204e-02 -2.46073434436182e-01 -2.54860678765578e-01 -1.94539255780271e-01 0.00000000000000e+00 4.06821662313419e-02 2.92486983351473e-01 0.00000000000000e+00 0.00000000000000e+00 0.00000000000000e+00 0.00000000000000e+00 1.00000000000000e+00 0.00000000000000e+00
 2.09335441572614e-02 3.81689977460553e-02 1.10824853252157e-01 1.25921021418028e-01 6.93292676128962e-02 0.00000000000000e+00 9.25383262021971e-02 5.78656914142045e-01 0.00000000000000e+00 1.26435014100287e-01 4.65025880428415e-01 0.00000000000000e+00 7.91086382443257e-02 1.78918682465478e-01 0.00000000000000e+00 3.51118507080937e-01 -1.33931262854636e-01 0.00000000000000e+00 -7.10308666095895e-02 3.05924212411270e-01 3.16848718776190e-01 2.41855723857461e-01 0.00000000000000e+00 2.92486983351473e-01 -8.76793942870774e-02 0.00000000000000e+00 0.00000000000000e+00 0.00000000000000e+00 0.00000000000000e+00 0.00000000000000e+00 1.00000000000000e+00
En:
 -4.70363931803497e+01 -3.64127520137596e+01 -1.60104792877149e+00 -4.22655255161259e+00 -1.50180256557695e+01 0.00000000000000e+00 -2.08745125785819e-03 -1.67911712308942e-03 0.00000000000000e+00 -6.28576708299082e-03 -5.05618473352566e-03 0.00000000000000e+00 -1.66889571456694e-02 -1.34243680012364e-02 0.00000000000000e+00 3.93816025817366e-04 -6.17903381837537e-04 0.00000000000000e+00 8.97292880071656e-04 -1.21761726651631e+00 -1.16196303323109e+00 -6.69741054725532e-01 0.00000000000000e+00 -6.67969695503597e-04 2.37828108906354e+00 -1.21758516201225e+00 -1.16192218689831e+00 -6.69700634024453e-01 0.00000000000000e+00 2.32279399720197e+00 -5.10413468022679e-01
 -3.64127520137596e+01 -3.09563931712770e+01 -2.49545903327314e+00 -5.90494505166313e+00 -1.66850720359707e+01 0.00000000000000e+00 -7.27466172991759e-03 -5.85163590941162e-03 0.00000000000000e+00 -1.86268675749742e-02 -1.49831944755503e-02 0.00000000000000e+00 -3.75269416692778e-02 -3.01861562290756e-02 0.00000000000000e+00 1.89087062078776e-03 -2.96680264933574e-03 0.00000000000000e+00 4.30826739883958e-03 -1.53473749451062e+00 -1.46973389613931e+00 -8.68019608567697e-01 0.00000000000000e+00 -2.65169361328177e-03 2.94650652121987e+00 -1.53469743891912e+00 -1.46968277287253e+00 -8.67967853478856e-01 0.00000000000000e+00 2.87737431655185e+00 -6.34145230257367e-01
 -1.60104792877149e+00 -2.49545903327314e+00 -4.71234288537262e+00 -5.15496530932697e+00 -3.74401129877277e+00 0.00000000000000e+00 -1.47005043906392e-01 -1.18244804772910e-01 0.00000000000000e+00 -1.73103991849408e-01 -1.39239426125987e-01 0.00000000000000e+00 -9.58839492752915e-02 -7.71272663042437e-02 0.00000000000000e+00 3.77302480460145e-02 -5.91964140314850e-02 0.00000000000000e+00 8.59667477085520e-02 -2.99071793287581e+00 -2.87580305868847e+00 -2.12352014258845e+00 0.00000000000000e+00 -6.79680719394954e-02 2.99005380077517e+00 -2.99067269425538e+00 -2.87574757615517e+00 -2.12345973204328e+00 0.00000000000000e+00 2.90597275089634e+00 -7.07290518044567e-01
 -4.22655255161259e+00 -5.90494505166313e+00 -5.15496530932697e+00 -7.24831333044816e+00 -7.56586114418189e+00 0.00000000000000e+00 -1.02194686290150e-01 -8.22024075592615e-02 0.00000000000000e+00 -1.50247031510864e-01 -1.20855298473072e-01 0.00000000000000e+00 -1.17490462826534e-01 -9.45074816826946e-02 0.00000000000000e+00 3.08683729130971e-02 -4.84315555696294e-02 0.00000000000000e+00 7.03322602904015e-02 -2.77768833780302e+00 -2.72087603009196e+00 -1.96597995225873e+00 0.00000000000000e+00 -4.59581010072209e-02 3.91986054161462e+00 -2.77763069475385e+00 -2.72080238287732e+00 -1.96589596309940e+00 0.00000000000000e+00 3.81884744838425e+00 -8.85084754684130e-01
 -1.50180256557695e+01 -1.66850720359707e+01 -3.74401129877277e+00 -7.56586114418189e+00 -1.47563914728049e+01 0.00000000000000e+00 -2.22995066103458e-02 -1.79373887122503e-02 0.00000000000000e+00 -4.92376159377600e-02 -3.96060350668073e-02 0.00000000000000e+00 -7.54997909522854e-02 -6.07309897084652e-02 0.00000000000000e+00 6.75343590723647e-03 -1.05962136606877e-02 0.00000000000000e+00 1.53874133055057e-02 -1.89725719102858e+00 -1.83068153627636e+00 -1.13965219076168e+00 0.00000000000000e+00 -8.86777287612529e-03 3.49068895449911e+00 -1.89720889330022e+00 -1.83061951006891e+00 -1.13958638185888e+00 0.00000000000000e+00 3.40756990293502e+00 -7.56858871349326e-01
 0.00000000000000e+00 0.00000000000000e+00 0.00000000000000e+00 0.00000000000000e+00 0.00000000000000e+00 -3.08708194172329e+00 0.00000000000000e+00 0.00000000000000e+00 -3.38404807130848e+00 0.00000000000000e+00 0.00000000000000e+00 -2.49968077496256e+00 0.00000000000000e+00 0.00000000000000e+00 -7.57473600875584e-02 0.00000000000000e+00 0.00000000000000e+00 -6.09284248056233e-02 0.00000000000000e+00 0.00000000000000e+00 0.00000000000000e+00 0.00000000000000e+00 -1.92073489980994e+00 0.00000000000000e+00 0.00000000000000e+00 0.00000000000000e+00 0.00000000000000e+00 0.00000000000000e+00 -1.92069928746040e+00 0.00000000000000e+00 0.00000000000000e+00
 -2.08745125785819e-03 -7.27466172991759e-03 -1.47005043906392e-01 -1.02194686290150e-01 -2.22995066103458e-02 0.00000000000000e+00 -3.19500140006754e+00 2.36825751866548e-02 0.00000000000000e+00 -3.49281521189535e+00 2.38685963060460e-02 0.00000000000000e+00 -2.54112063188709e+00 9.09384222638346e-03 0.00000000000000e+00 -3.14491350131648e-02 7.87768575095187e-02 0.00000000000000e+00 1.42914654220501e-01 -8.16291559333463e-02 -6.38062161994678e-02 -2.59127454751519e-02 0.00000000000000e+00 -1.96137567742160e+00 7.83108400772638e-02 -1.77792192685373e+00 -2.04350837254586e+00 -2.04942676000917e+00 0.00000000000000e+00 -1.05379562907072e-02 -4.57586094743505e-01
 -1.67911712308942e-03 -5.85163590941162e-03 -1.18244804772910e-01 -8.22024075592615e-02 -1.79373887122503e-02 0.00000000000000e+00 2.36825751866548e-02 -3.20539540516027e+00 0.00000000000000e+00 2.38685963060460e-02 -3.50329260379371e+00 0.00000000000000e+00 9.09384222638346e-03 -2.54511355830931e+00 0.00000000000000e+00 -8.22164946409594e-02 -1.61273562653039e-01 0.00000000000000e+00 -1.47396448962292e-02 -1.80231267626626e+00 -2.07813665014751e+00 -2.09252764378638e+00 0.00000000000000e+00 -2.94890798216661e-02 7.26368458898368e-02 3.06588554111297e-01 3.83117631380850e-01 4.23211248898977e-01 0.00000000000000e+00 -3.49785978611451e-01 -1.87810827177559e+00
 0.00000000000000e+00 0.00000000000000e+00 0.00000000000000e+00 0.00000000000000e+00 0.00000000000000e+00 -3.38404807130848e+00 0.00000000000000e+00 0.00000000000000e+00 -5.25578841187613e+00 0.00000000000000e+00 0.00000000000000e+00 -5.63327929631111e+00 0.00000000000000e+00 0.00000000000000e+00 -1.02213772093330e-01 0.00000000000000e+00 0.00000000000000e+00 -8.22176217596831e-02 0.00000000000000e+00 0.00000000000000e+00 0.00000000000000e+00 0.00000000000000e+00 -1.98996277256639e+00 0.00000000000000e+00 0.00000000000000e+00 0.00000000000000e+00 0.00000000000000e+00 0.00000000000000e+00 -1.98990801041858e+00 0.00000000000000e+00 0.00000000000000e+00
 -6.28576708299082e-03 -1.86268675749742e-02 -1.73103991849408e-01 -1.50247031510864e-01 -4.92376159377600e-02 0.00000000000000e+00 -3.49281521189535e+00 2.38685963060460e-02 0.00000000000000e+00 -5.38656993089435e+00 2.86995802674845e-02 0.00000000000000e+00 -5.69861527949509e+00 1.43377696468138e-02 0.00000000000000e+00 -4.65248509492150e-02 1.01443648161639e-01 0.00000000000000e+00 1.83538215535646e-01 -8.40751223240561e-02 -6.98137801257068e-02 -3.16421753819906e-02 0.00000000000000e+00 -2.03129480406546e+00 1.00676583095443e-01 -1.73561529572809e+00 -2.13679899599504e+00 -2.36063748806757e+00 0.00000000000000e+00 9.29533331752173e-01 -6.74877453789805e-01
 -5.05618473352566e-03 -1.49831944755503e-02 -1.39239426125987e-01 -1.20855298473072e-01 -3.96060350668073e-02 0.00000000000000e+00 2.38685963060460e-02 -3.50329260379371e+00 0.00000000000000e+00 2.86995802674845e-02 -5.39916971480349e+00 0.00000000000000e+00 1.43377696468138e-02 -5.70491117067195e+00 0.00000000000000e+00 -1.10046434907876e-01 -2.05021171722812e-01 0.00000000000000e+00 -1.78463854052338e-02 -1.75848045796246e+00 -2.17235395471932e+00 -2.40992653527724e+00 0.00000000000000e+00 -2.51455744600191e-02 1.05548538014872e+00 2.94799702637807e-01 3.97439111243128e-01 4.85639784192507e-01 0.00000000000000e+00 -5.49054695521358e-01 -1.90523294797151e+00
 0.00000000000000e+00 0.00000000000000e+00 0.00000000000000e+00 0.00000000000000e+00 0.00000000000000e+00 -2.49968077496256e+00 0.00000000000000e+00 0.00000000000000e+00 -5.63327929631111e+00 0.00000000000000e+00 0.00000000000000e+00 -9.73846466681879e+00 0.00000000000000e+00 0.00000000000000e+00 -6.87941843592876e-02 0.00000000000000e+00 0.00000000000000e+00 -5.53364681569643e-02 0.00000000000000e+00 0.00000000000000e+00 0.00000000000000e+00 0.00000000000000e+00 -1.16003544269905e+00 0.00000000000000e+00 0.00000000000000e+00 0.00000000000000e+00 0.00000000000000e+00 0.00000000000000e+00 -1.15999012691978e+00 0.00000000000000e+00 0.00000000000000e+00
 -1.66889571456694e-02 -3.75269416692778e-02 -9.58839492752915e-02 -1.17490462826534e-01 -7.54997909522854e-02 0.00000000000000e+00 -2.54112063188709e+00 9.09384222638346e-03 0.00000000000000e+00 -5.69861527949509e+00 1.43377696468138e-02 0.00000000000000e+00 -9.79195738128502e+00 1.17388027304919e-02 0.00000000000000e+00 -3.93794750039027e-02 5.86875374743743e-02 0.00000000000000e+00 1.05151507080925e-01 -4.15012344772402e-02 -3.68121306829707e-02 -1.88486858711014e-02 0.00000000000000e+00 -1.17580061443323e+00 6.27862552632744e-02 -9.35775773408115e-01 -1.19059604289097e+00 -1.31907874489843e+00 0.00000000000000e+00 1.24226921522196e+00 -5.39195510539411e-01
 -1.34243680012364e-02 -3.01861562290756e-02 -7.71272663042437e-02 -9.45074816826946e-02 -6.07309897084652e-02 0.00000000000000e+00 9.09384222638346e-03 -2.54511355830931e+00 0.00000000000000e+00 1.43377696468138e-02 -5.70491117067195e+00 0.00000000000000e+00 1.17388027304919e-02 -9.79711243819072e+00 0.00000000000000e+00 -7.22958947634937e-02 -1.13112998562966e-01 0.00000000000000e+00 -7.97849657653091e-03 -9.48956150435751e-01 -1.21088297938239e+00 -1.34639446176143e+00 0.00000000000000e+00 -8.56798195858692e-03 1.34680918719019e+00 1.62863857541262e-01 2.23584323640141e-01 2.70170738827431e-01 0.00000000000000e+00 -4.67840635204639e-01 -1.07120898506374e+00
 0.00000000000000e+00 0.00000000000000e+00 0.00000000000000e+00 0.00000000000000e+00 0.00000000000000e+00 -7.57473600875584e-02 0.00000000000000e+00 0.00000000000000e+00 -1.02213772093330e-01 0.00000000000000e+00 0.00000000000000e+00 -6.87941843592876e-02 0.00000000000000e+00 0.00000000000000e+00 -5.26943766687454e+00 0.00000000000000e+00 0.00000000000000e+00 1.37387503504903e-02 0.00000000000000e+00 0.00000000000000e+00 0.00000000000000e+00 0.00000000000000e+00 -3.43399695348873e-02 0.00000000000000e+00 0.00000000000000e+00 0.00000000000000e+00 0.00000000000000e+00 0.00000000000000e+00 -1.57151174942770e+00 0.00000000000000e+00 0.00000000000000e+00
 3.93816025817366e-04 1.89087062078776e-03 3.77302480460145e-02 3.08683729130971e-02 6.75343590723647e-03 0.00000000000000e+00 -3.14491350131648e-02 -8.22164946409594e-02 0.00000000000000e+00 -4.65248509492150e-02 -1.10046434907876e-01 0.00000000000000e+00 -3.93794750039027e-02 -7.22958947634937e-02 0.00000000000000e+00 -5.34918423274166e+00 -5.27349720885027e-03 0.00000000000000e+00 -3.90492114398751e-02 -1.10394134517153e-02 -1.81985745621978e-02 -2.07702141595623e-02 0.00000000000000e+00 -1.60752763071631e+00 3.09546324883784e-03 2.84377268802763e-01 4.18492957723665e-01 6.58362941115280e-01 0.00000000000000e+00 -3.37607485441749e-01 -1.44087679131098e+00
 -6.17903381837537e-04 -2.96680264933574e-03 -5.91964140314850e-02 -4.84315555696294e-02 -1.05962136606877e-02 0.00000000000000e+00 7.87768575095187e-02 -1.61273562653039e-01 0.00000000000000e+00 1.01443648161639e-01 -2.05021171722812e-01 0.00000000000000e+00 5.86875374743743e-02 -1.13112998562966e-01 0.00000000000000e+00 -5.27349720885027e-03 -5.41939521259840e+00 0.00000000000000e+00 -6.62340861215011e-02 -8.33938714957493e-01 -1.21734658832177e+00 -1.87442198111891e+00 0.00000000000000e+00 2.17794369174237e-02 9.33828104648674e-02 3.31901831027168e-01 5.06028829169449e-01 8.05753074501084e-01 0.00000000000000e+00 1.11430220598901e-01 5.13965265153654e-01
 0.00000000000000e+00 0.00000000000000e+00 0.00000000000000e+00 0.00000000000000e+00 0.00000000000000e+00 -6.09284248056233e-02 0.00000000000000e+00 0.00000000000000e+00 -8.22176217596831e-02 0.00000000000000e+00 0.00000000000000e+00 -5.53364681569643e-02 0.00000000000000e+00 0.00000000000000e+00 1.37387503504903e-02 0.00000000000000e+00 0.00000000000000e+00 -5.27546933174807e+00 0.00000000000000e+00 0.00000000000000e+00 0.00000000000000e+00 0.00000000000000e+00 -1.60140290692071e+00 0.00000000000000e+00 0.00000000000000e+00 0.00000000000000e+00 0.00000000000000e+00 0.00000000000000e+00 3.09706674561336e-01 0.00000000000000e+00 0.00000000000000e+00
 8.97292880071656e-04 4.30826739883958e-03 8.59667477085520e-02 7.03322602904015e-02 1.53874133055057e-02 0.00000000000000e+00 1.42914654220501e-01 -1.47396448962292e-02 0.00000000000000e+00 1.83538215535646e-01 -1.78463854052338e-02 0.00000000000000e+00 1.05151507080925e-01 -7.97849657653091e-03 0.00000000000000e+00 -3.90492114398751e-02 -6.62340861215011e-02 0.00000000000000e+00 -5.32710646407419e+00 3.82403534058169e-02 3.06719542595730e-02 1.18521469886284e-02 0.00000000000000e+00 5.76515388297246e-02 -4.84997008875907e-02 7.11334796718871e-01 1.02565474516013e+00 1.55922692873602e+00 0.00000000000000e+00 -2.60646174916615e-02 3.62724919041423e-01
 -1.21761726651631e+00 -1.53473749451062e+00 -2.99071793287581e+00 -2.77768833780302e+00 -1.89725719102858e+00 0.00000000000000e+00 -8.16291559333463e-02 -1.80231267626626e+00 0.00000000000000e+00 -8.40751223240561e-02 -1.75848045796246e+00 0.00000000000000e+00 -4.15012344772402e-02 -9.48956150435751e-01 0.00000000000000e+00 -1.10394134517153e-02 -8.33938714957493e-01 0.00000000000000e+00 3.82403534058169e-02 -3.46377022186305e+00 -3.59659692522531e+00 -3.29017377227860e+00 0.00000000000000e+00 -6.15301958417237e-02 1.07748049456931e+00 -1.89315737933836e+00 -1.66486504548854e+00 -1.03670732217727e+00 0.00000000000000e+00 1.43750032591994e+00 -1.18545626894226e+00
 -1.16196303323109e+00 -1.46973389613931e+00 -2.87580305868847e+00 -2.72087603009196e+00 -1.83068153627636e+00 0.00000000000000e+00 -6.38062161994678e-02 -2.07813665014751e+00 0.00000000000000e+00 -6.98137801257068e-02 -2.17235395471932e+00 0.00000000000000e+00 -3.68121306829707e-02 -1.21088297938239e+00 0.00000000000000e+00 -1.81985745621978e-02 -1.21734658832177e+00 0.00000000000000e+00 3.06719542595730e-02 -3.59659692522531e+00 -3.91407862830892e+00 -3.92117472746372e+00 0.00000000000000e+00 -5.65317857908862e-02 1.06293365897160e+00 -1.66486821165963e+00 -1.45557530253829e+00 -8.69142792495473e-01 0.00000000000000e+00 1.42974261890080e+00 -1.26430946684529e+00
 -6.69741054725532e-01 -8.68019608567697e-01 -2.12352014258845e+00 -1.96597995225873e+00 -1.13965219076168e+00 0.00000000000000e+00 -2.59127454751519e-02 -2.09252764378638e+00 0.00000000000000e+00 -3.16421753819906e-02 -2.40992653527724e+00 0.00000000000000e+00 -1.88486858711014e-02 -1.34639446176143e+00 0.00000000000000e+00 -2.07702141595623e-02 -1.87442198111891e+00 0.00000000000000e+00 1.18521469886284e-02 -3.29017377227860e+00 -3.92117472746372e+00 -4.73932425770794e+00 0.00000000000000e+00 -3.55554715188927e-02 7.69721128379670e-01 -1.03671439265738e+00 -8.69147458941703e-01 -4.34345032599219e-01 0.00000000000000e+00 1.04589316435136e+00 -1.04994676996911e+00
 0.00000000000000e+00 0.00000000000000e+00 0.00000000000000e+00 0.00000000000000e+00 0.00000000000000e+00 -1.92073489980994e+00 0.00000000000000e+00 0.00000000000000e+00 -1.98996277256639e+00 0.00000000000000e+00 0.00000000000000e+00 -1.16003544269905e+00 0.00000000000000e+00 0.00000000000000e+00 -3.43399695348873e-02 0.00000000000000e+00 0.00000000000000e+00 -1.60140290692071e+00 0.00000000000000e+00 0.00000000000000e+00 0.00000000000000e+00 0.00000000000000e+00 -3.21582052888559e+00 0.00000000000000e+00 0.00000000000000e+00 0.00000000000000e+00 0.00000000000000e+00 0.00000000000000e+00 -9.21686412862826e-01 0.00000000000000e+00 0.00000000000000e+00
 -6.67969695503597e-04 -2.65169361328177e-03 -6.79680719394954e-02 -4.59581010072209e-02 -8.86777287612529e-03 0.00000000000000e+00 -1.96137567742160e+00 -2.94890798216661e-02 0.00000000000000e+00 -2.03129480406546e+00 -2.51455744600191e-02 0.00000000000000e+00 -1.17580061443323e+00 -8.56798195858692e-03 0.00000000000000e+00 -1.60752763071631e+00 2.17794369174237e-02 0.00000000000000e+00 5.76515388297246e-02 -6.15301958417237e-02 -5.65317857908862e-02 -3.55554715188927e-02 0.00000000000000e+00 -3.24315689354071e+00 3.39852038334174e-02 -8.49796795334621e-01 -9.28480541872080e-01 -8.01371886221165e-01 0.00000000000000e+00 7.51379592041689e-02 -1.00806748705559e+00
 2.37828108906354e+00 2.94650652121987e+00 2.99005380077517e+00 3.91986054161462e+00 3.49068895449911e+00 0.00000000000000e+00 7.83108400772638e-02 7.26368458898368e-02 0.00000000000000e+00 1.00676583095443e-01 1.05548538014872e+00 0.00000000000000e+00 6.27862552632744e-02 1.34680918719019e+00 0.00000000000000e+00 3.09546324883784e-03 9.33828104648674e-02 0.00000000000000e+00 -4.84997008875907e-02 1.07748049456931e+00 1.06293365897160e+00 7.69721128379670e-01 0.00000000000000e+00 3.39852038334174e-02 -4.11418995645940e+00 1.65817159244616e+00 1.66749196259039e+00 1.24661425029924e+00 0.00000000000000e+00 -1.94799389606954e+00 7.23799070969953e-01
 -1.21758516201225e+00 -1.53469743891912e+00 -2.99067269425538e+00 -2.77763069475385e+00 -1.89720889330022e+00 0.00000000000000e+00 -1.77792192685373e+00 3.06588554111297e-01 0.00000000000000e+00 -1.73561529572809e+00 2.94799702637807e-01 0.00000000000000e+00 -9.35775773408115e-01 1.62863857541262e-01 0.00000000000000e+00 2.84377268802763e-01 3.31901831027168e-01 0.00000000000000e+00 7.11334796718871e-01 -1.89315737933836e+00 -1.66486821165963e+00 -1.03671439265738e+00 0.00000000000000e+00 -8.49796795334621e-01 1.65817159244616e+00 -3.46374112968400e+00 -3.59656344090749e+00 -3.29013872031767e+00 0.00000000000000e+00 1.03923476883829e+00 -2.91049867598200e-01
 -1.16192218689831e+00 -1.46968277287253e+00 -2.87574757615517e+00 -2.72080238287732e+00 -1.83061951006891e+00 0.00000000000000e+00 -2.04350837254586e+00 3.83117631380850e-01 0.00000000000000e+00 -2.13679899599504e+00 3.97439111243128e-01 0.00000000000000e+00 -1.19059604289097e+00 2.23584323640141e-01 0.00000000000000e+00 4.18492957723665e-01 5.06028829169449e-01 0.00000000000000e+00 1.02565474516013e+00 -1.66486504548854e+00 -1.45557530253829e+00 -8.69147458941703e-01 0.00000000000000e+00 -9.28480541872080e-01 1.66749196259039e+00 -3.59656344090749e+00 -3.91403960650283e+00 -3.92113238807861e+00 0.00000000000000e+00 1.02609412575740e+00 -2.83048941424599e-01
 -6.69700634024453e-01 -8.67967853478856e-01 -2.12345973204328e+00 -1.96589596309940e+00 -1.13958638185888e+00 0.00000000000000e+00 -2.04942676000917e+00 4.23211248898977e-01 0.00000000000000e+00 -2.36063748806757e+00 4.85639784192507e-01 0.00000000000000e+00 -1.31907874489843e+00 2.70170738827431e-01 0.00000000000000e+00 6.58362941115280e-01 8.05753074501084e-01 0.00000000000000e+00 1.55922692873602e+00 -1.03670732217727e+00 -8.69142792495473e-01 -4.34345032599219e-01 0.00000000000000e+00 -8.01371886221165e-01 1.24661425029924e+00 -3.29013872031767e+00 -3.92113238807861e+00 -4.73927353369786e+00 0.00000000000000e+00 7.44191713931969e-01 -1.99711314023009e-01
 0.00000000000000e+00 0.00000000000000e+00 0.00000000000000e+00 0.00000000000000e+00 0.00000000000000e+00 -1.92069928746040e+00 0.00000000000000e+00 0.00000000000000e+00 -1.98990801041858e+00 0.00000000000000e+00 0.00000000000000e+00 -1.15999012691978e+00 0.00000000000000e+00 0.00000000000000e+00 -1.57151174942770e+00 0.00000000000000e+00 0.00000000000000e+00 3.09706674561336e-01 0.00000000000000e+00 0.00000000000000e+00 0.00000000000000e+00 0.00000000000000e+00 -9.21686412862826e-01 0.00000000000000e+00 0.00000000000000e+00 0.00000000000000e+00 0.00000000000000e+00 0.00000000000000e+00 -3.21579416592256e+00 0.00000000000000e+00 0.00000000000000e+00
