Pao:
 1.35562834042098e-01 4.09358074099126e-01 7.35602938321164e-04 -5.77552124963176e-02 -1.34657351777265e-02 1.61230017897859e-04 1.83353877544605e-04 2.68766514395335e-03 4.67876872677104e-04 7.48445361596880e-04 5.47790794584434e-03 8.56708948659066e-05 4.28499846925872e-05 4.83714223850402e-03 -4.20265089451509e-07 9.50115605380970e-05 -8.07708227470269e-04 -4.35872006944419e-06 5.87816038188756e-08 -8.02727436029754e-02 1.36299327329485e-01 -6.81585693425951e-02 7.19356480697353e-03 -8.46369417878212e-03 -6.73526092491469e-05 1.03309505919652e-04 4.52872332336336e-03 1.14949821061301e-03 1.23280880226596e-03 1.40268268967527e-02 -3.00185205411958e-05 1.52071298692380e-04 3.35409677448304e-03 -5.52052886354979e-07 -1.39985659163674e-04 -3.11430831268446e-03 -1.32300961024785e-04 2.36583629143726e-07
 4.09358074099126e-01 1.25604897212183e+00 1.94897101184939e-02 -3.12509949911705e-01 -1.13852659930091e-01 -3.77263506808584e-05 -1.79314917680713e-04 1.88656183812866e-02 -1.17424079707780e-03 -1.28072066343223e-03 6.34727642002716e-02 2.30857997616536e-04 5.77498203967478e-05 1.76656845894325e-02 -4.11149927860658e-06 -2.17360012403790e-04 -1.79221429165736e-03 -4.06027437700534e-04 8.45642736467770e-07 -2.48017983380465e-01 4.30426326976315e-01 -2.12878702929023e-01 2.92889589726392e-02 -1.20337594653750e-02 -1.30075589261890e-03 -1.14306184932942e-03 1.86390798931101e-02 2.64969559666460e-04 -8.09529529111040e-04 5.79651298996987e-02 -9.13743123162445e-04 -5.92733087634173e-04 8.54329428941165e-03 -3.26464356033642e-06 1.40855766882188e-04 -1.32021077537829e-02 2.12905615617876e-06 1.45363142302318e-06
 7.35602938321164e-04 1.94897101184939e-02 1.74175168011390e-02 -1.29186268021480e-01 -5.00196011873141e-02 4.41159771086133e-04 5.91013892221016e-04 6.70379047270156e-04 1.99114188751856e-03 2.79935032626324e-03 1.05896843363629e-02 8.55027565004277e-05 5.46340609905434e-05 4.23516816991470e-03 -2.55894876288350e-06 3.93724703181162e-04 -3.65457804468042e-03 2.37827417838831e-04 7.43481651631220e-07 -1.23803782902390e-02 2.17411043082553e-02 -8.75638246486647e-03 -9.75464812143112e-03 5.42920204937982e-03 6.47374058768694e-04 9.95224167903856e-04 1.34736352100959e-02 2.86615294969694e-03 3.72393129436048e-03 4.10535647339187e-02 4.84649460578238e-04 8.22649891058522e-04 2.31287829259259e-03 -1.31194843740556e-06 -4.64098326576232e-04 -7.61406434274922e-03 -3.50756606540248e-04 5.77673348600441e-07
 -5.77552124963176e-02 -3.12509949911705e-01 -1.29186268021480e-01 1.01726243110147e+00 4.65236366856462e-01 -1.04961548844271e-03 -1.32766410493323e-03 -4.43358268320951e-02 -4.17245808428498e-03 -6.09380915130691e-03 -2.18779363262511e-01 -3.76502189514413e-04 -1.18131347199325e-04 -2.86799693324916e-02 1.95744522025457e-05 -8.45773708089025e-04 1.09072990384510e-02 -3.00046815431680e-04 -4.93728904541092e-06 1.10420027335492e-01 -1.94354578720773e-01 9.16160788209196e-02 -1.01121868883097e-02 -7.58812386959379e-02 -7.39069925452488e-04 -1.70496366588918e-03 -7.13478073714488e-02 -7.31593739849415e-03 -8.63548496784585e-03 -2.19107109312362e-01 -5.55287416080806e-04 -1.75089550037403e-03 -4.46577982787592e-03 1.18432836336740e-05 1.07231188859739e-03 4.35425542597717e-02 8.71562676802289e-04 -5.27229394349885e-06
 -1.34657351777265e-02 -1.13852659930091e-01 -5.00196011873141e-02 4.65236366856462e-01 3.53055239527877e-01 3.08452054818560e-03 4.25262736311427e-03 -9.20096984478053e-02 1.47763664471219e-02 2.04207707783549e-02 -3.55308017794835e-01 3.26574276158215e-04 4.24639452687772e-04 -2.53749974460169e-03 8.05192466736959e-06 2.87843709021888e-03 -2.80615096369146e-02 2.08004975881356e-03 -5.50190465785536e-07 2.58435730063919e-02 -6.66234616273775e-03 3.33840297774321e-02 -1.54678695208814e-01 -1.00043451063281e-01 5.76446564522764e-03 7.96506124651334e-03 3.25665392700008e-02 1.91717677794266e-02 2.62808180172438e-02 9.55472514198239e-02 4.32720471848173e-03 6.01938763401812e-03 2.54393893637617e-02 8.54202828609315e-06 -3.27737055311204e-03 -1.07865679531797e-02 -2.38569449417826e-03 -3.85005765477763e-06
 1.61230017897859e-04 -3.77263506808584e-05 4.41159771086133e-04 -1.04961548844271e-03 3.08452054818560e-03 1.39054555702958e-02 5.77555820246305e-05 -1.80588932835676e-04 6.66941994573838e-02 2.53100074471983e-04 2.22077533746683e-04 1.28968039331109e-03 2.60994418706919e-05 1.17221733667717e-03 3.59835970362826e-06 2.21095725641998e-05 2.10638321735055e-04 9.49692286793129e-03 1.92156581362852e-06 -1.31498940331663e-02 2.23444837120096e-02 -1.16784945079961e-02 3.02395476984712e-03 -4.47436544949258e-03 2.64290436493552e-02 -3.25105278947304e-05 -1.30065958876403e-04 8.73314800496098e-02 1.85235101621578e-04 1.95281904157703e-04 1.98003200452260e-02 3.70461395495069e-05 1.38599901163395e-03 -2.89923566639167e-06 -3.35336699991482e-05 -3.69910901987933e-04 -1.08296626632127e-02 -2.20636492589123e-06
 1.83353877544605e-04 -1.79314917680713e-04 5.91013892221016e-04 -1.32766410493323e-03 4.25262736311427e-03 5.77555820246305e-05 1.39267809152520e-02 -2.34755846991557e-04 1.64477823509551e-04 6.68439902065623e-02 3.48174757195413e-04 7.85184580019377e-05 1.26766399924784e-03 1.60414463703981e-03 1.93705940706432e-06 9.53585835945720e-03 2.99747097436606e-04 -2.79093429625512e-05 -3.59632410721231e-06 -1.80667962545395e-02 3.07401449863827e-02 -1.60634657348377e-02 4.22498057190172e-03 -6.12843168728891e-03 -1.16128730690933e-04 2.64329708017707e-02 -2.01964662700060e-04 2.92129090194667e-04 8.72549706927451e-02 1.98252356688125e-04 -1.02286180462356e-04 1.99008265871495e-02 1.89910412877984e-03 -2.21094885868433e-06 -1.08355150106601e-02 -4.96303773769810e-04 -3.69592271870240e-05 2.89675713437842e-06
 2.68766514395335e-03 1.88656183812866e-02 6.70379047270156e-04 -4.43358268320951e-02 -9.20096984478053e-02 -1.80588932835676e-04 -2.34755846991557e-04 4.17781858436229e-02 -7.25956289896172e-04 -1.08677458471627e-03 1.52403402082997e-01 -7.77456958523090e-05 -3.65893845710324e-05 -1.80854894566585e-03 2.53752539026558e-07 -1.32830878035780e-04 1.75044923508663e-02 -4.49181752793109e-05 -1.04463237141167e-06 2.45419115638944e-03 -2.46435793803445e-02 -4.01733389274854e-04 4.43640192254661e-02 4.70284703972551e-03 -1.04180975727073e-04 -2.56562032529100e-04 -3.90595250923424e-02 -1.15954470161091e-03 -1.33318873847006e-03 -1.16618809962825e-01 -8.38488632735087e-05 -2.89417013776470e-04 -1.51118515821747e-02 -2.18451986943848e-06 1.77289347335159e-04 1.53620125195764e-02 1.44319566098733e-04 8.90296053348183e-07
 4.67876872677104e-04 -1.17424079707780e-03 1.99114188751856e-03 -4.17245808428498e-03 1.47763664471219e-02 6.66941994573838e-02 1.64477823509551e-04 -7.25956289896172e-04 3.19885900045430e-01 6.74554951023873e-04 1.51452133271372e-03 6.18435576489755e-03 1.14809921756348e-04 5.55032964674287e-03 1.72654895450895e-05 2.92374576604770e-05 1.09983141247008e-03 4.55512841514331e-02 9.23524222358752e-06 -6.25794799484552e-02 1.06652574276794e-01 -5.57167031486969e-02 1.49073757270711e-02 -2.12246143686259e-02 1.26765574904224e-01 -3.67336761572664e-04 -8.31022573434276e-04 4.18863936014680e-01 1.83339912485288e-04 3.07684447725817e-04 9.49712778483647e-02 1.74871583949200e-05 6.55819657840759e-03 -1.38921321248521e-05 -7.32872033958415e-05 -1.65834915140238e-03 -5.19418781104621e-02 -1.06044093229348e-05
 7.48445361596880e-04 -1.28072066343223e-03 2.79935032626324e-03 -6.09380915130691e-03 2.04207707783549e-02 2.53100074471983e-04 6.68439902065623e-02 -1.08677458471627e-03 6.74554951023873e-04 3.20829581624937e-01 1.80158335087636e-03 3.74398753450552e-04 6.08428989713119e-03 7.67961568163485e-03 9.29778172533357e-06 4.57691132170917e-02 1.46545092872512e-03 -1.50084082850566e-04 -1.72675620614424e-05 -8.65451276320571e-02 1.47427930577859e-01 -7.70040596546932e-02 2.03705497285647e-02 -2.93714670304358e-02 -6.02150359763559e-04 1.26870581166532e-01 -1.03688625012762e-03 1.25031425045165e-03 4.18795576018935e-01 7.48304507349012e-04 -5.24513134711380e-04 9.55177496198453e-02 9.08893846231453e-03 -1.06074328442708e-05 -5.20069464267678e-02 -2.34687199057181e-03 -1.58590520309077e-04 1.39074149668581e-05
 5.47790794584434e-03 6.34727642002716e-02 1.05896843363629e-02 -2.18779363262511e-01 -3.55308017794835e-01 2.22077533746683e-04 3.48174757195413e-04 1.52403402082997e-01 1.51452133271372e-03 1.80158335087636e-03 5.60491707227702e-01 -1.76754700963548e-04 -2.28965222696681e-05 -3.65794561278293e-03 -2.55868272617245e-08 3.35196415817386e-04 6.19437424155063e-02 4.04555464561774e-04 -3.57851737901291e-06 6.39028693809826e-03 -7.94618963897230e-02 -1.82174815052652e-03 1.38803231605027e-01 4.66290121077026e-03 1.19305337158232e-03 1.28763171339169e-03 -1.38957414555798e-01 1.34649032039807e-03 2.69009578708615e-03 -4.14342448756410e-01 8.71073495442705e-04 6.54705535765409e-04 -5.42511524577123e-02 -8.47538833486324e-06 -2.90993658112048e-04 5.26941244504833e-02 -1.61943544267282e-04 3.42796644789264e-06
 8.56708948659066e-05 2.30857997616536e-04 8.55027565004277e-05 -3.76502189514413e-04 3.26574276158215e-04 1.28968039331109e-03 7.85184580019377e-05 -7.77456958523090e-05 6.18435576489755e-03 3.74398753450552e-04 -1.76754700963548e-04 1.20233811035125e-04 9.11935500838236e-06 1.35768525415741e-04 3.36147753091566e-07 5.20614191213717e-05 -1.51524783239121e-05 8.80113414692970e-04 1.63075930691631e-07 -1.40022330671520e-03 2.33941382382366e-03 -1.21062043786953e-03 1.54385506961257e-04 -4.94922822094224e-04 2.44897205150219e-03 1.35115613923341e-04 7.14881959078352e-05 8.09969493013816e-03 4.75504838578482e-04 2.73449239622772e-04 1.83468325144417e-03 1.07793119296250e-04 1.67436208301395e-04 -2.78674674588845e-07 -6.00312967102691e-05 -7.93049459443590e-05 -1.00439668988119e-03 -1.89938432192700e-07
 4.28499846925872e-05 5.77498203967478e-05 5.46340609905434e-05 -1.18131347199325e-04 4.24639452687772e-04 2.60994418706919e-05 1.26766399924784e-03 -3.65893845710324e-05 1.14809921756348e-04 6.08428989713119e-03 -2.28965222696681e-05 9.11935500838236e-06 1.15430462135998e-04 1.50210345314503e-04 1.81389015584046e-07 8.67943466340203e-04 2.07882030246550e-05 1.16374211435459e-05 -3.23997807678540e-07 -1.69219309478354e-03 2.83468701526366e-03 -1.49077428557946e-03 3.62065032407834e-04 -5.78591821581243e-04 2.88634851431616e-05 2.40567805223218e-03 -4.85409402313439e-06 1.57537430298610e-04 7.94196298797898e-03 5.90338459408752e-05 2.02405752308801e-05 1.81133001335944e-03 1.81208693537243e-04 -2.04525029396971e-07 -9.86265922274628e-04 -5.20130558712289e-05 -1.95991715502703e-05 2.59924522107050e-07
 4.83714223850402e-03 1.76656845894325e-02 4.23516816991470e-03 -2.86799693324916e-02 -2.53749974460169e-03 1.17221733667717e-03 1.60414463703981e-03 -1.80854894566585e-03 5.55032964674287e-03 7.67961568163485e-03 -3.65794561278293e-03 1.35768525415741e-04 1.50210345314503e-04 3.48261378317182e-03 -3.22609689493169e-07 1.09203000319775e-03 -2.07754372760197e-03 7.65106680702886e-04 6.38301724651191e-08 -4.39855506124588e-03 1.87302825535487e-02 -8.62136812339006e-04 -4.11746407982096e-02 -3.01174476311792e-02 2.11626093363804e-03 2.97693662025262e-03 -3.82267736103911e-04 7.40226098650430e-03 1.00568011296371e-02 -6.29318193519443e-04 1.58538108655491e-03 2.27346559952404e-03 9.92707323746760e-04 7.16858868387915e-08 -1.24594747748523e-03 -2.30519124997503e-03 -9.13829128688074e-04 -9.65298578766289e-08
 -4.20265089451509e-07 -4.11149927860658e-06 -2.55894876288350e-06 1.95744522025457e-05 8.05192466736959e-06 3.59835970362826e-06 1.93705940706432e-06 2.53752539026558e-07 1.72654895450895e-05 9.29778172533357e-06 -2.55868272617245e-08 3.36147753091566e-07 1.81389015584046e-07 -3.22609689493169e-07 1.65182282101449e-09 1.32385350005252e-06 9.01422953634588e-07 2.45944842024840e-06 -1.49734811771731e-10 -4.42479103589718e-06 5.42128822597618e-06 -4.31518771051877e-06 6.48642954291696e-06 -4.36123340556142e-07 6.84169344192835e-06 3.66256904314629e-06 -2.18115626172503e-06 2.25715029726506e-05 1.20861231541619e-05 -6.39632504639002e-06 5.12340211137315e-06 2.76056230591451e-06 1.62105314331476e-07 -9.56740592249390e-10 -1.50363723510250e-06 1.17854551333608e-06 -2.80009775471648e-06 -2.17473136705622e-10
 9.50115605380970e-05 -2.17360012403790e-04 3.93724703181162e-04 -8.45773708089025e-04 2.87843709021888e-03 2.21095725641998e-05 9.53585835945720e-03 -1.32830878035780e-04 2.92374576604770e-05 4.57691132170917e-02 3.35196415817386e-04 5.20614191213717e-05 8.67943466340203e-04 1.09203000319775e-03 1.32385350005252e-06 6.52938851174047e-03 2.19429458038448e-04 -3.08992744934813e-05 -2.46615277687964e-06 -1.23159985687864e-02 2.09892290328644e-02 -1.09639745914417e-02 2.92173046540877e-03 -4.18985732466556e-03 -1.12287236160171e-04 1.80994631588743e-02 -1.74619853266160e-04 9.04034721980643e-05 5.97449538363933e-02 2.63509430588449e-05 -9.45994248402256e-05 1.36264992729760e-02 1.28589237974920e-03 -1.51102541140438e-06 -7.41924181325686e-03 -3.23391655714463e-04 -1.17178919273860e-05 1.98648964181061e-06
 -8.07708227470269e-04 -1.79221429165736e-03 -3.65457804468042e-03 1.09072990384510e-02 -2.80615096369146e-02 2.10638321735055e-04 2.99747097436606e-04 1.75044923508663e-02 1.09983141247008e-03 1.46545092872512e-03 6.19437424155063e-02 -1.51524783239121e-05 2.07882030246550e-05 -2.07754372760197e-03 9.01422953634588e-07 2.19429458038448e-04 8.35456889377369e-03 1.91382558945466e-04 -7.09414694238248e-07 2.28421477785237e-03 -1.78296823132112e-02 5.80583274695284e-04 2.85820378199973e-02 6.31499997035595e-03 5.44339559890819e-04 6.78481911225412e-04 -1.85949510114974e-02 1.28239775203628e-03 1.92209394675996e-03 -5.57240304574015e-02 4.04522371994085e-04 4.53578853710250e-04 -6.71189955091562e-03 -9.26590108594904e-07 -2.34597649707403e-04 8.16936473015076e-03 -1.60538588696696e-04 3.56033911291071e-07
 -4.35872006944419e-06 -4.06027437700534e-04 2.37827417838831e-04 -3.00046815431680e-04 2.08004975881356e-03 9.49692286793129e-03 -2.79093429625512e-05 -4.49181752793109e-05 4.55512841514331e-02 -1.50084082850566e-04 4.04555464561774e-04 8.80113414692970e-04 1.16374211435459e-05 7.65106680702886e-04 2.45944842024840e-06 -3.08992744934813e-05 1.91382558945466e-04 6.48686649040286e-03 1.32449220548926e-06 -8.76009530735744e-03 1.49602270221890e-02 -7.83127745716345e-03 2.26041760757781e-03 -2.94820755733466e-03 1.80526709638953e-02 -1.48994886978829e-04 -2.00926756317843e-04 5.96440034357355e-02 -2.95448278355557e-04 -2.07604390138906e-04 1.35248821114494e-02 -7.06699133275527e-05 8.98578127984848e-04 -1.97169603362076e-06 2.95000898317164e-05 -1.91875207017346e-04 -7.39626746420111e-03 -1.52021227027911e-06
 5.87816038188756e-08 8.45642736467770e-07 7.43481651631220e-07 -4.93728904541092e-06 -5.50190465785536e-07 1.92156581362852e-06 -3.59632410721231e-06 -1.04463237141167e-06 9.23524222358752e-06 -1.72675620614424e-05 -3.57851737901291e-06 1.63075930691631e-07 -3.23997807678540e-07 6.38301724651191e-08 -1.49734811771731e-10 -2.46615277687964e-06 -7.09414694238248e-07 1.32449220548926e-06 1.27024425969722e-09 2.38347543872038e-06 -2.83614482374637e-06 2.30935196325274e-06 -3.54556635418631e-06 1.75609357915103e-07 3.69460501198123e-06 -6.85705596970115e-06 1.56580880831679e-06 1.20926671350726e-05 -2.25581888784523e-05 4.59466816254494e-06 2.77211595792755e-06 -5.14776251508286e-06 1.90485045559986e-07 1.96247821845781e-10 2.79962651126094e-06 -6.94009755731082e-07 -1.49906827792880e-06 -1.06576401790589e-09
 -8.02727436029754e-02 -2.48017983380465e-01 -1.23803782902390e-02 1.10420027335492e-01 2.58435730063919e-02 -1.31498940331663e-02 -1.80667962545395e-02 2.45419115638944e-03 -6.25794799484552e-02 -8.65451276320571e-02 6.39028693809826e-03 -1.40022330671520e-03 -1.69219309478354e-03 -4.39855506124588e-03 -4.42479103589718e-06 -1.23159985687864e-02 2.28421477785237e-03 -8.76009530735744e-03 2.38347543872038e-06 2.62317094648552e-01 2.74174865542306e-01 9.42443875923835e-02 -1.23048048177185e-01 -6.36412513050518e-02 -2.42636852289311e-02 -3.38597042839950e-02 -3.07056059368913e-02 -8.26293549043475e-02 -1.13071928159010e-01 -8.80851314374061e-02 -1.81815569012331e-02 -2.56554378080786e-02 -1.35327496765368e-02 7.50273018321291e-06 1.40498039866883e-02 1.02598227704541e-02 1.02417607042953e-02 -2.68128589825521e-06
 1.36299327329485e-01 4.30426326976315e-01 2.17411043082553e-02 -1.94354578720773e-01 -6.66234616273775e-03 2.23444837120096e-02 3.07401449863827e-02 -2.46435793803445e-02 1.06652574276794e-01 1.47427930577859e-01 -7.94618963897230e-02 2.33941382382366e-03 2.83468701526366e-03 1.87302825535487e-02 5.42128822597618e-06 2.09892290328644e-02 -1.78296823132112e-02 1.49602270221890e-02 -2.83614482374637e-06 2.74174865542306e-01 1.38181217878324e+00 -1.10797699808977e-01 -1.69047121100759e-01 -9.58845397067748e-02 4.15366101843013e-02 5.78108321934574e-02 2.68188763592645e-02 1.40388101536761e-01 1.92285272142007e-01 9.88177374195910e-02 3.10807154269429e-02 4.38052401643043e-02 1.20861317255005e-02 -1.00669838525281e-05 -2.38984726268839e-02 -2.20199564670413e-02 -1.73991462036672e-02 2.86841425108267e-06
 -6.81585693425951e-02 -2.12878702929023e-01 -8.75638246486647e-03 9.16160788209196e-02 3.33840297774321e-02 -1.16784945079961e-02 -1.60634657348377e-02 -4.01733389274854e-04 -5.57167031486969e-02 -7.70040596546932e-02 -1.82174815052652e-03 -1.21062043786953e-03 -1.49077428557946e-03 -8.62136812339006e-04 -4.31518771051877e-06 -1.09639745914417e-02 5.80583274695284e-04 -7.83127745716345e-03 2.30935196325274e-06 9.42443875923835e-02 -1.10797699808977e-01 8.45872837420078e-02 -1.24491510503565e-01 -8.13195746332813e-02 -2.17237009118190e-02 -3.02197214835136e-02 -2.60454200203338e-02 -7.33170132541658e-02 -1.00489188418297e-01 -7.90613951782818e-02 -1.62666056481991e-02 -2.28635177283915e-02 -8.52088978378022e-03 7.95724806466684e-06 1.24950289010510e-02 7.32200180194422e-03 9.09399561846853e-03 -2.84381821364238e-06
 7.19356480697353e-03 2.92889589726392e-02 -9.75464812143112e-03 -1.01121868883097e-02 -1.54678695208814e-01 3.02395476984712e-03 4.22498057190172e-03 4.43640192254661e-02 1.49073757270711e-02 2.03705497285647e-02 1.38803231605027e-01 1.54385506961257e-04 3.62065032407834e-04 -4.11746407982096e-02 6.48642954291696e-06 2.92173046540877e-03 2.85820378199973e-02 2.26041760757781e-03 -3.54556635418631e-06 -1.23048048177185e-01 -1.69047121100759e-01 -1.24491510503565e-01 7.86036657696885e-01 5.74209212500357e-01 6.34950050437463e-03 8.41302519556778e-03 5.82647335487237e-02 1.85316836943795e-02 2.62184191653413e-02 1.69323228532745e-01 4.73812339271115e-03 6.15245965448189e-03 -2.13475782803302e-03 -1.71939975260608e-05 -3.32418790411899e-03 1.23182175792978e-02 -2.35193473465474e-03 7.41702415462340e-06
 -8.46369417878212e-03 -1.20337594653750e-02 5.42920204937982e-03 -7.58812386959379e-02 -1.00043451063281e-01 -4.47436544949258e-03 -6.12843168728891e-03 4.70284703972551e-03 -2.12246143686259e-02 -2.93714670304358e-02 4.66290121077026e-03 -4.94922822094224e-04 -5.78591821581243e-04 -3.01174476311792e-02 -4.36123340556142e-07 -4.18985732466556e-03 6.31499997035595e-03 -2.94820755733466e-03 1.75609357915103e-07 -6.36412513050518e-02 -9.58845397067748e-02 -8.13195746332813e-02 5.74209212500357e-01 4.63878705481709e-01 -8.14885586303959e-03 -1.14571727555738e-02 8.59512478495800e-02 -2.83334881847892e-02 -3.86003486246054e-02 2.53326203654028e-01 -6.10813172586844e-03 -8.67870759248651e-03 8.66529091546308e-03 -1.00061715046885e-05 4.73276901252155e-03 -7.08349872984505e-03 3.47339824687807e-03 4.76182964255384e-06
 -6.73526092491469e-05 -1.30075589261890e-03 6.47374058768694e-04 -7.39069925452488e-04 5.76446564522764e-03 2.64290436493552e-02 -1.16128730690933e-04 -1.04180975727073e-04 1.26765574904224e-01 -6.02150359763559e-04 1.19305337158232e-03 2.44897205150219e-03 2.88634851431616e-05 2.11626093363804e-03 6.84169344192835e-06 -1.12287236160171e-04 5.44339559890819e-04 1.80526709638953e-02 3.69460501198123e-06 -2.42636852289311e-02 4.15366101843013e-02 -2.17237009118190e-02 6.34950050437463e-03 -8.14885586303959e-03 5.02399654608688e-02 -4.87322422519523e-04 -5.84151111978868e-04 1.65983676297549e-01 -1.06318095161866e-03 -6.54571333043745e-04 3.76393116063624e-02 -2.51528337735500e-04 2.48491322564291e-03 -5.48218230171889e-06 1.12015950794170e-04 -5.18224855321180e-04 -2.05831292439037e-02 -4.23818373878634e-06
 1.03309505919652e-04 -1.14306184932942e-03 9.95224167903856e-04 -1.70496366588918e-03 7.96506124651334e-03 -3.25105278947304e-05 2.64329708017707e-02 -2.56562032529100e-04 -3.67336761572664e-04 1.26870581166532e-01 1.28763171339169e-03 1.35115613923341e-04 2.40567805223218e-03 2.97693662025262e-03 3.66256904314629e-06 1.80994631588743e-02 6.78481911225412e-04 -1.48994886978829e-04 -6.85705596970115e-06 -3.38597042839950e-02 5.78108321934574e-02 -3.02197214835136e-02 8.41302519556778e-03 -1.14571727555738e-02 -4.87322422519523e-04 5.01734037330712e-02 -6.46587251248830e-04 -3.39360942039612e-04 1.65611555649403e-01 -4.20010020264330e-04 -3.94182794171366e-04 3.77727532495018e-02 3.49921730844766e-03 -4.17226707589962e-06 -2.05658837515806e-02 -8.07938230213336e-04 4.06268420303964e-05 5.52244705457643e-06
 4.52872332336336e-03 1.86390798931101e-02 1.34736352100959e-02 -7.13478073714488e-02 3.25665392700008e-02 -1.30065958876403e-04 -2.01964662700060e-04 -3.90595250923424e-02 -8.31022573434276e-04 -1.03688625012762e-03 -1.38957414555798e-01 7.14881959078352e-05 -4.85409402313439e-06 -3.82267736103911e-04 -2.18115626172503e-06 -1.74619853266160e-04 -1.85949510114974e-02 -2.00926756317843e-04 1.56580880831679e-06 -3.07056059368913e-02 2.68188763592645e-02 -2.60454200203338e-02 5.82647335487237e-02 8.59512478495800e-02 -5.84151111978868e-04 -6.46587251248830e-04 6.44811337310699e-02 -7.57103322768518e-04 -1.41864899347550e-03 1.92513654319010e-01 -4.31788062006291e-04 -3.42740408327034e-04 1.83376276387813e-02 -8.46978112815090e-07 1.52843982119338e-04 -2.21650341548277e-02 8.99707147919912e-05 4.98574119280200e-07
 1.14949821061301e-03 2.64969559666460e-04 2.86615294969694e-03 -7.31593739849415e-03 1.91717677794266e-02 8.73314800496098e-02 2.92129090194667e-04 -1.15954470161091e-03 4.18863936014680e-01 1.25031425045165e-03 1.34649032039807e-03 8.09969493013816e-03 1.57537430298610e-04 7.40226098650430e-03 2.25715029726506e-05 9.04034721980643e-05 1.28239775203628e-03 5.96440034357355e-02 1.20926671350726e-05 -8.26293549043475e-02 1.40388101536761e-01 -7.33170132541658e-02 1.85316836943795e-02 -2.83334881847892e-02 1.65983676297549e-01 -3.39360942039612e-04 -7.57103322768518e-04 5.48475733180991e-01 7.21341455818606e-04 1.40624065242584e-03 1.24353076304596e-01 1.31472183921393e-04 8.71650798433622e-03 -1.81949751057808e-05 -1.55677084894563e-04 -2.37467167925660e-03 -6.80144356286671e-02 -1.38722727802904e-05
 1.23280880226596e-03 -8.09529529111040e-04 3.72393129436048e-03 -8.63548496784585e-03 2.62808180172438e-02 1.85235101621578e-04 8.72549706927451e-02 -1.33318873847006e-03 1.83339912485288e-04 4.18795576018935e-01 2.69009578708615e-03 4.75504838578482e-04 7.94196298797898e-03 1.00568011296371e-02 1.20861231541619e-05 5.97449538363933e-02 1.92209394675996e-03 -2.95448278355557e-04 -2.25581888784523e-05 -1.13071928159010e-01 1.92285272142007e-01 -1.00489188418297e-01 2.62184191653413e-02 -3.86003486246054e-02 -1.06318095161866e-03 1.65611555649403e-01 -1.41864899347550e-03 7.21341455818606e-04 5.46678437224836e-01 7.79016547367361e-04 -8.92280662330555e-04 1.24684534190955e-01 1.18318875369488e-02 -1.38174119278581e-05 -6.78875191029377e-02 -3.06414303775784e-03 -9.40055406694484e-05 1.81777345217262e-05
 1.40268268967527e-02 5.79651298996987e-02 4.10535647339187e-02 -2.19107109312362e-01 9.55472514198239e-02 1.95281904157703e-04 1.98252356688125e-04 -1.16618809962825e-01 3.07684447725817e-04 7.48304507349012e-04 -4.14342448756410e-01 2.73449239622772e-04 5.90338459408752e-05 -6.29318193519443e-04 -6.39632504639002e-06 2.63509430588449e-05 -5.57240304574015e-02 -2.07604390138906e-04 4.59466816254494e-06 -8.80851314374061e-02 9.88177374195910e-02 -7.90613951782818e-02 1.69323228532745e-01 2.53326203654028e-01 -6.54571333043745e-04 -4.20010020264330e-04 1.92513654319010e-01 1.40624065242584e-03 7.79016547367361e-04 5.75076547079930e-01 -4.74067590972763e-04 1.19676326405222e-04 5.48522230775935e-02 -2.77982449956719e-06 -1.66653083927262e-04 -6.65274405206540e-02 -1.85732312608691e-04 1.56075590811915e-06
 -3.00185205411958e-05 -9.13743123162445e-04 4.84649460578238e-04 -5.55287416080806e-04 4.32720471848173e-03 1.98003200452260e-02 -1.02286180462356e-04 -8.38488632735087e-05 9.49712778483647e-02 -5.24513134711380e-04 8.71073495442705e-04 1.83468325144417e-03 2.02405752308801e-05 1.58538108655491e-03 5.12340211137315e-06 -9.45994248402256e-05 4.04522371994085e-04 1.35248821114494e-02 2.77211595792755e-06 -1.81815569012331e-02 3.10807154269429e-02 -1.62666056481991e-02 4.73812339271115e-03 -6.10813172586844e-03 3.76393116063624e-02 -3.94182794171366e-04 -4.31788062006291e-04 1.24353076304596e-01 -8.92280662330555e-04 -4.74067590972763e-04 2.81990416694257e-02 -2.10311210218364e-04 1.86251750488586e-03 -4.10426224204833e-06 9.58142597331597e-05 -3.90584797995514e-04 -1.54206421674292e-02 -3.17858721397334e-06
 1.52071298692380e-04 -5.92733087634173e-04 8.22649891058522e-04 -1.75089550037403e-03 6.01938763401812e-03 3.70461395495069e-05 1.99008265871495e-02 -2.89417013776470e-04 1.74871583949200e-05 9.55177496198453e-02 6.54705535765409e-04 1.07793119296250e-04 1.81133001335944e-03 2.27346559952404e-03 2.76056230591451e-06 1.36264992729760e-02 4.53578853710250e-04 -7.06699133275527e-05 -5.14776251508286e-06 -2.56554378080786e-02 4.38052401643043e-02 -2.28635177283915e-02 6.15245965448189e-03 -8.67870759248651e-03 -2.51528337735500e-04 3.77727532495018e-02 -3.42740408327034e-04 1.31472183921393e-04 1.24684534190955e-01 1.19676326405222e-04 -2.10311210218364e-04 2.84378422532425e-02 2.68691634260370e-03 -3.15247296261883e-06 -1.54835725181453e-02 -6.79450105156872e-04 -1.73712360383552e-05 4.14757637840441e-06
 3.35409677448304e-03 8.54329428941165e-03 2.31287829259259e-03 -4.46577982787592e-03 2.54393893637617e-02 1.38599901163395e-03 1.89910412877984e-03 -1.51118515821747e-02 6.55819657840759e-03 9.08893846231453e-03 -5.42511524577123e-02 1.67436208301395e-04 1.81208693537243e-04 9.92707323746760e-04 1.62105314331476e-07 1.28589237974920e-03 -6.71189955091562e-03 8.98578127984848e-04 1.90485045559986e-07 -1.35327496765368e-02 1.20861317255005e-02 -8.52088978378022e-03 -2.13475782803302e-03 8.66529091546308e-03 2.48491322564291e-03 3.49921730844766e-03 1.83376276387813e-02 8.71650798433622e-03 1.18318875369488e-02 5.48522230775935e-02 1.86251750488586e-03 2.68691634260370e-03 6.62726762235361e-03 -1.93850249899872e-07 -1.47577541996620e-03 -7.01972553933640e-03 -1.08114546610421e-03 4.10412780528973e-08
 -5.52052886354979e-07 -3.26464356033642e-06 -1.31194843740556e-06 1.18432836336740e-05 8.54202828609315e-06 -2.89923566639167e-06 -2.21094885868433e-06 -2.18451986943848e-06 -1.38921321248521e-05 -1.06074328442708e-05 -8.47538833486324e-06 -2.78674674588845e-07 -2.04525029396971e-07 7.16858868387915e-08 -9.56740592249390e-10 -1.51102541140438e-06 -9.26590108594904e-07 -1.97169603362076e-06 1.96247821845781e-10 7.50273018321291e-06 -1.00669838525281e-05 7.95724806466684e-06 -1.71939975260608e-05 -1.00061715046885e-05 -5.48218230171889e-06 -4.17226707589962e-06 -8.46978112815090e-07 -1.81949751057808e-05 -1.38174119278581e-05 -2.77982449956719e-06 -4.10426224204833e-06 -3.15247296261883e-06 -1.93850249899872e-07 1.42707432623230e-09 1.71912361964365e-06 -8.38341324987979e-09 2.25710962811151e-06 -2.07013447071037e-10
 -1.39985659163674e-04 1.40855766882188e-04 -4.64098326576232e-04 1.07231188859739e-03 -3.27737055311204e-03 -3.35336699991482e-05 -1.08355150106601e-02 1.77289347335159e-04 -7.32872033958415e-05 -5.20069464267678e-02 -2.90993658112048e-04 -6.00312967102691e-05 -9.86265922274628e-04 -1.24594747748523e-03 -1.50363723510250e-06 -7.41924181325686e-03 -2.34597649707403e-04 2.95000898317164e-05 2.79962651126094e-06 1.40498039866883e-02 -2.38984726268839e-02 1.24950289010510e-02 -3.32418790411899e-03 4.73276901252155e-03 1.12015950794170e-04 -2.05658837515806e-02 1.52843982119338e-04 -1.55677084894563e-04 -6.78875191029377e-02 -1.66653083927262e-04 9.58142597331597e-05 -1.54835725181453e-02 -1.47577541996620e-03 1.71912361964365e-06 8.43041689249988e-03 3.86321863046305e-04 1.98771813844973e-05 -2.25616891278987e-06
 -3.11430831268446e-03 -1.32021077537829e-02 -7.61406434274922e-03 4.35425542597717e-02 -1.07865679531797e-02 -3.69910901987933e-04 -4.96303773769810e-04 1.53620125195764e-02 -1.65834915140238e-03 -2.34687199057181e-03 5.26941244504833e-02 -7.93049459443590e-05 -5.20130558712289e-05 -2.30519124997503e-03 1.17854551333608e-06 -3.23391655714463e-04 8.16936473015076e-03 -1.91875207017346e-04 -6.94009755731082e-07 1.02598227704541e-02 -2.20199564670413e-02 7.32200180194422e-03 1.23182175792978e-02 -7.08349872984505e-03 -5.18224855321180e-04 -8.07938230213336e-04 -2.21650341548277e-02 -2.37467167925660e-03 -3.06414303775784e-03 -6.65274405206540e-02 -3.90584797995514e-04 -6.79450105156872e-04 -7.01972553933640e-03 -8.38341324987979e-09 3.86321863046305e-04 9.40603479730208e-03 2.92903751153408e-04 -1.86424051441221e-08
 -1.32300961024785e-04 2.12905615617876e-06 -3.50756606540248e-04 8.71562676802289e-04 -2.38569449417826e-03 -1.08296626632127e-02 -3.69592271870240e-05 1.44319566098733e-04 -5.19418781104621e-02 -1.58590520309077e-04 -1.61943544267282e-04 -1.00439668988119e-03 -1.95991715502703e-05 -9.13829128688074e-04 -2.80009775471648e-06 -1.17178919273860e-05 -1.60538588696696e-04 -7.39626746420111e-03 -1.49906827792880e-06 1.02417607042953e-02 -1.73991462036672e-02 9.09399561846853e-03 -2.35193473465474e-03 3.47339824687807e-03 -2.05831292439037e-02 4.06268420303964e-05 8.99707147919912e-05 -6.80144356286671e-02 -9.40055406694484e-05 -1.85732312608691e-04 -1.54206421674292e-02 -1.73712360383552e-05 -1.08114546610421e-03 2.25710962811151e-06 1.98771813844973e-05 2.92903751153408e-04 8.43422308680044e-03 1.71979235279208e-06
 2.36583629143726e-07 1.45363142302318e-06 5.77673348600441e-07 -5.27229394349885e-06 -3.85005765477763e-06 -2.20636492589123e-06 2.89675713437842e-06 8.90296053348183e-07 -1.06044093229348e-05 1.39074149668581e-05 3.42796644789264e-06 -1.89938432192700e-07 2.59924522107050e-07 -9.65298578766289e-08 -2.17473136705622e-10 1.98648964181061e-06 3.56033911291071e-07 -1.52021227027911e-06 -1.06576401790589e-09 -2.68128589825521e-06 2.86841425108267e-06 -2.84381821364238e-06 7.41702415462340e-06 4.76182964255384e-06 -4.23818373878634e-06 5.52244705457643e-06 4.98574119280200e-07 -1.38722727802904e-05 1.81777345217262e-05 1.56075590811915e-06 -3.17858721397334e-06 4.14757637840441e-06 4.10412780528973e-08 -2.07013447071037e-10 -2.25616891278987e-06 -1.86424051441221e-08 1.71979235279208e-06 1.04794569173108e-09
