S:
 1.00000000000000e+00 9.44086795147560e-01 5.78931063470631e-01 2.21667763771454e-01 8.97317389853448e-02 0.00000000000000e+00 0.00000000000000e+00 0.00000000000000e+00 0.00000000000000e+00 0.00000000000000e+00 0.00000000000000e+00 0.00000000000000e+00 0.00000000000000e+00 0.00000000000000e+00 0.00000000000000e+00 0.00000000000000e+00 0.00000000000000e+00 0.00000000000000e+00 0.00000000000000e+00 3.19644075842368e-07 8.11313422581299e-06 1.83014190533480e-05 1.14014748686669e-02 3.60362973383217e-02 0.00000000000000e+00 0.00000000000000e+00 -4.04235001055255e-03 0.00000000000000e+00 0.00000000000000e+00 -4.61668379955605e-02 0.00000000000000e+00 0.00000000000000e+00 -7.66493483364698e-02 0.00000000000000e+00 0.00000000000000e+00 9.68595166815613e-02 0.00000000000000e+00 0.00000000000000e+00
 9.44086795147560e-01 1.00000000000000e+00 8.01673619011370e-01 3.94149980350022e-01 1.82486146544020e-01 0.00000000000000e+00 0.00000000000000e+00 0.00000000000000e+00 0.00000000000000e+00 0.00000000000000e+00 0.00000000000000e+00 0.00000000000000e+00 0.00000000000000e+00 0.00000000000000e+00 0.00000000000000e+00 0.00000000000000e+00 0.00000000000000e+00 0.00000000000000e+00 0.00000000000000e+00 2.04346854740293e-05 8.77528731125742e-05 1.79156163015444e-04 2.24899134339589e-02 6.51026638241667e-02 0.00000000000000e+00 0.00000000000000e+00 -9.35646315682753e-03 0.00000000000000e+00 0.00000000000000e+00 -8.35650465873034e-02 0.00000000000000e+00 0.00000000000000e+00 -1.34515591888993e-01 0.00000000000000e+00 0.00000000000000e+00 1.65340723276734e-01 0.00000000000000e+00 0.00000000000000e+00
 5.78931063470631e-01 8.01673619011370e-01 1.00000000000000e+00 7.26458645857472e-01 4.08120088396952e-01 0.00000000000000e+00 0.00000000000000e+00 0.00000000000000e+00 0.00000000000000e+00 0.00000000000000e+00 0.00000000000000e+00 0.00000000000000e+00 0.00000000000000e+00 0.00000000000000e+00 0.00000000000000e+00 0.00000000000000e+00 0.00000000000000e+00 0.00000000000000e+00 0.00000000000000e+00 3.97589418009728e-04 1.04708831110581e-03 1.89198202961029e-03 5.57749929579074e-02 1.37958130235021e-01 0.00000000000000e+00 0.00000000000000e+00 -2.89830076586934e-02 0.00000000000000e+00 0.00000000000000e+00 -1.75860614864513e-01 0.00000000000000e+00 0.00000000000000e+00 -2.68543219503603e-01 0.00000000000000e+00 0.00000000000000e+00 3.08466396963772e-01 0.00000000000000e+00 0.00000000000000e+00
 2.21667763771454e-01 3.94149980350022e-01 7.26458645857472e-01 1.00000000000000e+00 8.50997317281903e-01 0.00000000000000e+00 0.00000000000000e+00 0.00000000000000e+00 0.00000000000000e+00 0.00000000000000e+00 0.00000000000000e+00 0.00000000000000e+00 0.00000000000000e+00 0.00000000000000e+00 0.00000000000000e+00 0.00000000000000e+00 0.00000000000000e+00 0.00000000000000e+00 0.00000000000000e+00 1.47244553250175e-02 2.65034946018359e-02 4.00015019848552e-02 2.04112733122765e-01 3.60052584193051e-01 0.00000000000000e+00 0.00000000000000e+00 -1.08151049304044e-01 0.00000000000000e+00 0.00000000000000e+00 -3.70090166769724e-01 0.00000000000000e+00 0.00000000000000e+00 -5.45004443828990e-01 0.00000000000000e+00 0.00000000000000e+00 4.28736350401217e-01 0.00000000000000e+00 0.00000000000000e+00
 8.97317389853448e-02 1.82486146544020e-01 4.08120088396952e-01 8.50997317281903e-01 1.00000000000000e+00 0.00000000000000e+00 0.00000000000000e+00 0.00000000000000e+00 0.00000000000000e+00 0.00000000000000e+00 0.00000000000000e+00 0.00000000000000e+00 0.00000000000000e+00 0.00000000000000e+00 0.00000000000000e+00 0.00000000000000e+00 0.00000000000000e+00 0.00000000000000e+00 0.00000000000000e+00 3.45375481831967e-02 5.95363336141161e-02 8.74073257396070e-02 3.31770889860137e-01 5.42630576023125e-01 0.00000000000000e+00 0.00000000000000e+00 -1.07619149096075e-01 0.00000000000000e+00 0.00000000000000e+00 -3.50429681546768e-01 0.00000000000000e+00 0.00000000000000e+00 -5.92626327019099e-01 0.00000000000000e+00 0.00000000000000e+00 2.63444773678153e-01 0.00000000000000e+00 0.00000000000000e+00
 0.00000000000000e+00 0.00000000000000e+00 0.00000000000000e+00 0.00000000000000e+00 0.00000000000000e+00 1.00000000000000e+00 0.00000000000000e+00 0.00000000000000e+00 7.58211191072067e-01 0.00000000000000e+00 0.00000000000000e+00 3.70288530011693e-01 0.00000000000000e+00 0.00000000000000e+00 0.00000000000000e+00 0.00000000000000e+00 0.00000000000000e+00 0.00000000000000e+00 0.00000000000000e+00 0.00000000000000e+00 0.00000000000000e+00 0.00000000000000e+00 0.00000000000000e+00 0.00000000000000e+00 1.71077179769409e-02 0.00000000000000e+00 0.00000000000000e+00 7.91642862913991e-02 0.00000000000000e+00 0.00000000000000e+00 1.17376838586896e-01 0.00000000000000e+00 0.00000000000000e+00 0.00000000000000e+00 0.00000000000000e+00 0.00000000000000e+00 -2.12646638612016e-01 0.00000000000000e+00
 0.00000000000000e+00 0.00000000000000e+00 0.00000000000000e+00 0.00000000000000e+00 0.00000000000000e+00 0.00000000000000e+00 1.00000000000000e+00 0.00000000000000e+00 0.00000000000000e+00 7.58211191072067e-01 0.00000000000000e+00 0.00000000000000e+00 3.70288530011693e-01 0.00000000000000e+00 0.00000000000000e+00 0.00000000000000e+00 0.00000000000000e+00 0.00000000000000e+00 0.00000000000000e+00 0.00000000000000e+00 0.00000000000000e+00 0.00000000000000e+00 0.00000000000000e+00 0.00000000000000e+00 0.00000000000000e+00 1.71077179769409e-02 0.00000000000000e+00 0.00000000000000e+00 7.91642862913991e-02 0.00000000000000e+00 0.00000000000000e+00 1.17376838586896e-01 0.00000000000000e+00 0.00000000000000e+00 -2.12646638612016e-01 0.00000000000000e+00 0.00000000000000e+00 0.00000000000000e+00
 0.00000000000000e+00 0.00000000000000e+00 0.00000000000000e+00 0.00000000000000e+00 0.00000000000000e+00 0.00000000000000e+00 0.00000000000000e+00 1.00000000000000e+00 0.00000000000000e+00 0.00000000000000e+00 7.58211191072067e-01 0.00000000000000e+00 0.00000000000000e+00 3.70288530011693e-01 0.00000000000000e+00 0.00000000000000e+00 0.00000000000000e+00 0.00000000000000e+00 0.00000000000000e+00 5.68545201542103e-03 1.12694213397585e-02 1.79815958703071e-02 1.19227796892964e-01 1.44786616097748e-01 0.00000000000000e+00 0.00000000000000e+00 -8.59259891507848e-02 0.00000000000000e+00 0.00000000000000e+00 -2.04801232420320e-01 0.00000000000000e+00 0.00000000000000e+00 -1.18658786866858e-01 0.00000000000000e+00 0.00000000000000e+00 1.64917193910284e-01 0.00000000000000e+00 0.00000000000000e+00
 0.00000000000000e+00 0.00000000000000e+00 0.00000000000000e+00 0.00000000000000e+00 0.00000000000000e+00 7.58211191072067e-01 0.00000000000000e+00 0.00000000000000e+00 1.00000000000000e+00 0.00000000000000e+00 0.00000000000000e+00 7.82676262897680e-01 0.00000000000000e+00 0.00000000000000e+00 0.00000000000000e+00 0.00000000000000e+00 0.00000000000000e+00 0.00000000000000e+00 0.00000000000000e+00 0.00000000000000e+00 0.00000000000000e+00 0.00000000000000e+00 0.00000000000000e+00 0.00000000000000e+00 7.19770916981099e-02 0.00000000000000e+00 0.00000000000000e+00 2.43272846681469e-01 0.00000000000000e+00 0.00000000000000e+00 3.74562667009364e-01 0.00000000000000e+00 0.00000000000000e+00 0.00000000000000e+00 0.00000000000000e+00 0.00000000000000e+00 -4.34608002252018e-01 0.00000000000000e+00
 0.00000000000000e+00 0.00000000000000e+00 0.00000000000000e+00 0.00000000000000e+00 0.00000000000000e+00 0.00000000000000e+00 7.58211191072067e-01 0.00000000000000e+00 0.00000000000000e+00 1.00000000000000e+00 0.00000000000000e+00 0.00000000000000e+00 7.82676262897680e-01 0.00000000000000e+00 0.00000000000000e+00 0.00000000000000e+00 0.00000000000000e+00 0.00000000000000e+00 0.00000000000000e+00 0.00000000000000e+00 0.00000000000000e+00 0.00000000000000e+00 0.00000000000000e+00 0.00000000000000e+00 0.00000000000000e+00 7.19770916981099e-02 0.00000000000000e+00 0.00000000000000e+00 2.43272846681469e-01 0.00000000000000e+00 0.00000000000000e+00 3.74562667009364e-01 0.00000000000000e+00 0.00000000000000e+00 -4.34608002252018e-01 0.00000000000000e+00 0.00000000000000e+00 0.00000000000000e+00
 0.00000000000000e+00 0.00000000000000e+00 0.00000000000000e+00 0.00000000000000e+00 0.00000000000000e+00 0.00000000000000e+00 0.00000000000000e+00 7.58211191072067e-01 0.00000000000000e+00 0.00000000000000e+00 1.00000000000000e+00 0.00000000000000e+00 0.00000000000000e+00 7.82676262897680e-01 0.00000000000000e+00 0.00000000000000e+00 0.00000000000000e+00 0.00000000000000e+00 0.00000000000000e+00 4.61759594341335e-02 7.96263203620016e-02 1.16925670596695e-01 3.82171860266258e-01 4.26423879860739e-01 0.00000000000000e+00 0.00000000000000e+00 -1.73472794983707e-01 0.00000000000000e+00 0.00000000000000e+00 -3.28395543388865e-01 0.00000000000000e+00 0.00000000000000e+00 -1.55244245589316e-01 0.00000000000000e+00 0.00000000000000e+00 7.51307012444542e-02 0.00000000000000e+00 0.00000000000000e+00
 0.00000000000000e+00 0.00000000000000e+00 0.00000000000000e+00 0.00000000000000e+00 0.00000000000000e+00 3.70288530011693e-01 0.00000000000000e+00 0.00000000000000e+00 7.82676262897680e-01 0.00000000000000e+00 0.00000000000000e+00 1.00000000000000e+00 0.00000000000000e+00 0.00000000000000e+00 0.00000000000000e+00 0.00000000000000e+00 0.00000000000000e+00 0.00000000000000e+00 0.00000000000000e+00 0.00000000000000e+00 0.00000000000000e+00 0.00000000000000e+00 0.00000000000000e+00 0.00000000000000e+00 9.21868501323709e-02 0.00000000000000e+00 0.00000000000000e+00 3.25242547833921e-01 0.00000000000000e+00 0.00000000000000e+00 6.19503963497201e-01 0.00000000000000e+00 0.00000000000000e+00 0.00000000000000e+00 0.00000000000000e+00 0.00000000000000e+00 -3.69474419266179e-01 0.00000000000000e+00
 0.00000000000000e+00 0.00000000000000e+00 0.00000000000000e+00 0.00000000000000e+00 0.00000000000000e+00 0.00000000000000e+00 3.70288530011693e-01 0.00000000000000e+00 0.00000000000000e+00 7.82676262897680e-01 0.00000000000000e+00 0.00000000000000e+00 1.00000000000000e+00 0.00000000000000e+00 0.00000000000000e+00 0.00000000000000e+00 0.00000000000000e+00 0.00000000000000e+00 0.00000000000000e+00 0.00000000000000e+00 0.00000000000000e+00 0.00000000000000e+00 0.00000000000000e+00 0.00000000000000e+00 0.00000000000000e+00 9.21868501323709e-02 0.00000000000000e+00 0.00000000000000e+00 3.25242547833921e-01 0.00000000000000e+00 0.00000000000000e+00 6.19503963497201e-01 0.00000000000000e+00 0.00000000000000e+00 -3.69474419266179e-01 0.00000000000000e+00 0.00000000000000e+00 0.00000000000000e+00
 0.00000000000000e+00 0.00000000000000e+00 0.00000000000000e+00 0.00000000000000e+00 0.00000000000000e+00 0.00000000000000e+00 0.00000000000000e+00 3.70288530011693e-01 0.00000000000000e+00 0.00000000000000e+00 7.82676262897680e-01 0.00000000000000e+00 0.00000000000000e+00 1.00000000000000e+00 0.00000000000000e+00 0.00000000000000e+00 0.00000000000000e+00 0.00000000000000e+00 0.00000000000000e+00 6.33653083030748e-02 1.07513284609066e-01 1.56176893242264e-01 4.88220065513300e-01 6.15083022478311e-01 0.00000000000000e+00 0.00000000000000e+00 -7.94523485479169e-02 0.00000000000000e+00 0.00000000000000e+00 -1.18439290635902e-01 0.00000000000000e+00 0.00000000000000e+00 8.70680462536702e-02 0.00000000000000e+00 0.00000000000000e+00 -1.09329541460773e-01 0.00000000000000e+00 0.00000000000000e+00
 0.00000000000000e+00 0.00000000000000e+00 0.00000000000000e+00 0.00000000000000e+00 0.00000000000000e+00 0.00000000000000e+00 0.00000000000000e+00 0.00000000000000e+00 0.00000000000000e+00 0.00000000000000e+00 0.00000000000000e+00 0.00000000000000e+00 0.00000000000000e+00 0.00000000000000e+00 1.00000000000000e+00 0.00000000000000e+00 0.00000000000000e+00 0.00000000000000e+00 0.00000000000000e+00 0.00000000000000e+00 0.00000000000000e+00 0.00000000000000e+00 0.00000000000000e+00 0.00000000000000e+00 0.00000000000000e+00 0.00000000000000e+00 0.00000000000000e+00 0.00000000000000e+00 0.00000000000000e+00 0.00000000000000e+00 0.00000000000000e+00 0.00000000000000e+00 0.00000000000000e+00 2.87078024095935e-01 0.00000000000000e+00 0.00000000000000e+00 0.00000000000000e+00 0.00000000000000e+00
 0.00000000000000e+00 0.00000000000000e+00 0.00000000000000e+00 0.00000000000000e+00 0.00000000000000e+00 0.00000000000000e+00 0.00000000000000e+00 0.00000000000000e+00 0.00000000000000e+00 0.00000000000000e+00 0.00000000000000e+00 0.00000000000000e+00 0.00000000000000e+00 0.00000000000000e+00 0.00000000000000e+00 1.00000000000000e+00 0.00000000000000e+00 0.00000000000000e+00 0.00000000000000e+00 0.00000000000000e+00 0.00000000000000e+00 0.00000000000000e+00 0.00000000000000e+00 0.00000000000000e+00 0.00000000000000e+00 1.64142802484018e-01 0.00000000000000e+00 0.00000000000000e+00 3.76509379476274e-01 0.00000000000000e+00 0.00000000000000e+00 3.53688727692513e-01 0.00000000000000e+00 0.00000000000000e+00 -3.35614085546450e-01 0.00000000000000e+00 0.00000000000000e+00 0.00000000000000e+00
 0.00000000000000e+00 0.00000000000000e+00 0.00000000000000e+00 0.00000000000000e+00 0.00000000000000e+00 0.00000000000000e+00 0.00000000000000e+00 0.00000000000000e+00 0.00000000000000e+00 0.00000000000000e+00 0.00000000000000e+00 0.00000000000000e+00 0.00000000000000e+00 0.00000000000000e+00 0.00000000000000e+00 0.00000000000000e+00 1.00000000000000e+00 0.00000000000000e+00 0.00000000000000e+00 7.47993259081091e-02 1.25099682398083e-01 1.79916414696628e-01 4.00497986593184e-01 2.88996226457086e-01 0.00000000000000e+00 0.00000000000000e+00 -1.71568700168924e-01 0.00000000000000e+00 0.00000000000000e+00 -1.43779369419125e-01 0.00000000000000e+00 0.00000000000000e+00 5.26704144980483e-02 0.00000000000000e+00 0.00000000000000e+00 -9.80747859147835e-03 0.00000000000000e+00 0.00000000000000e+00
 0.00000000000000e+00 0.00000000000000e+00 0.00000000000000e+00 0.00000000000000e+00 0.00000000000000e+00 0.00000000000000e+00 0.00000000000000e+00 0.00000000000000e+00 0.00000000000000e+00 0.00000000000000e+00 0.00000000000000e+00 0.00000000000000e+00 0.00000000000000e+00 0.00000000000000e+00 0.00000000000000e+00 0.00000000000000e+00 0.00000000000000e+00 1.00000000000000e+00 0.00000000000000e+00 0.00000000000000e+00 0.00000000000000e+00 0.00000000000000e+00 0.00000000000000e+00 0.00000000000000e+00 1.64142802484017e-01 0.00000000000000e+00 0.00000000000000e+00 3.76509379476274e-01 0.00000000000000e+00 0.00000000000000e+00 3.53688727692513e-01 0.00000000000000e+00 0.00000000000000e+00 0.00000000000000e+00 0.00000000000000e+00 0.00000000000000e+00 -3.35614085546450e-01 0.00000000000000e+00
 0.00000000000000e+00 0.00000000000000e+00 0.00000000000000e+00 0.00000000000000e+00 0.00000000000000e+00 0.00000000000000e+00 0.00000000000000e+00 0.00000000000000e+00 0.00000000000000e+00 0.00000000000000e+00 0.00000000000000e+00 0.00000000000000e+00 0.00000000000000e+00 0.00000000000000e+00 0.00000000000000e+00 0.00000000000000e+00 0.00000000000000e+00 0.00000000000000e+00 1.00000000000000e+00 0.00000000000000e+00 0.00000000000000e+00 0.00000000000000e+00 0.00000000000000e+00 0.00000000000000e+00 0.00000000000000e+00 0.00000000000000e+00 0.00000000000000e+00 0.00000000000000e+00 0.00000000000000e+00 0.00000000000000e+00 0.00000000000000e+00 0.00000000000000e+00 0.00000000000000e+00 0.00000000000000e+00 0.00000000000000e+00 0.00000000000000e+00 0.00000000000000e+00 2.87078024095935e-01
 3.19644075842368e-07 2.04346854740293e-05 3.97589418009728e-04 1.47244553250175e-02 3.45375481831967e-02 0.00000000000000e+00 0.00000000000000e+00 5.68545201542103e-03 0.00000000000000e+00 0.00000000000000e+00 4.61759594341335e-02 0.00000000000000e+00 0.00000000000000e+00 6.33653083030748e-02 0.00000000000000e+00 0.00000000000000e+00 7.47993259081091e-02 0.00000000000000e+00 0.00000000000000e+00 1.00000000000000e+00 9.51411081366816e-01 7.36993493135466e-01 2.31469585055245e-01 9.36485222720797e-02 0.00000000000000e+00 0.00000000000000e+00 0.00000000000000e+00 0.00000000000000e+00 0.00000000000000e+00 0.00000000000000e+00 0.00000000000000e+00 0.00000000000000e+00 0.00000000000000e+00 0.00000000000000e+00 0.00000000000000e+00 0.00000000000000e+00 0.00000000000000e+00 0.00000000000000e+00
 8.11313422581299e-06 8.77528731125742e-05 1.04708831110581e-03 2.65034946018359e-02 5.95363336141161e-02 0.00000000000000e+00 0.00000000000000e+00 1.12694213397585e-02 0.00000000000000e+00 0.00000000000000e+00 7.96263203620016e-02 0.00000000000000e+00 0.00000000000000e+00 1.07513284609066e-01 0.00000000000000e+00 0.00000000000000e+00 1.25099682398083e-01 0.00000000000000e+00 0.00000000000000e+00 9.51411081366816e-01 1.00000000000000e+00 9.08973983933971e-01 3.93907068011194e-01 1.80915893589210e-01 0.00000000000000e+00 0.00000000000000e+00 0.00000000000000e+00 0.00000000000000e+00 0.00000000000000e+00 0.00000000000000e+00 0.00000000000000e+00 0.00000000000000e+00 0.00000000000000e+00 0.00000000000000e+00 0.00000000000000e+00 0.00000000000000e+00 0.00000000000000e+00 0.00000000000000e+00
 1.83014190533480e-05 1.79156163015444e-04 1.89198202961029e-03 4.00015019848552e-02 8.74073257396070e-02 0.00000000000000e+00 0.00000000000000e+00 1.79815958703071e-02 0.00000000000000e+00 0.00000000000000e+00 1.16925670596695e-01 0.00000000000000e+00 0.00000000000000e+00 1.56176893242264e-01 0.00000000000000e+00 0.00000000000000e+00 1.79916414696628e-01 0.00000000000000e+00 0.00000000000000e+00 7.36993493135466e-01 9.08973983933971e-01 1.00000000000000e+00 5.69043922223038e-01 2.82312018310381e-01 0.00000000000000e+00 0.00000000000000e+00 0.00000000000000e+00 0.00000000000000e+00 0.00000000000000e+00 0.00000000000000e+00 0.00000000000000e+00 0.00000000000000e+00 0.00000000000000e+00 0.00000000000000e+00 0.00000000000000e+00 0.00000000000000e+00 0.00000000000000e+00 0.00000000000000e+00
 1.14014748686669e-02 2.24899134339589e-02 5.57749929579074e-02 2.04112733122765e-01 3.31770889860137e-01 0.00000000000000e+00 0.00000000000000e+00 1.19227796892964e-01 0.00000000000000e+00 0.00000000000000e+00 3.82171860266258e-01 0.00000000000000e+00 0.00000000000000e+00 4.88220065513300e-01 0.00000000000000e+00 0.00000000000000e+00 4.00497986593184e-01 0.00000000000000e+00 0.00000000000000e+00 2.31469585055245e-01 3.93907068011194e-01 5.69043922223038e-01 1.00000000000000e+00 8.48522096980194e-01 0.00000000000000e+00 0.00000000000000e+00 0.00000000000000e+00 0.00000000000000e+00 0.00000000000000e+00 0.00000000000000e+00 0.00000000000000e+00 0.00000000000000e+00 0.00000000000000e+00 0.00000000000000e+00 0.00000000000000e+00 0.00000000000000e+00 0.00000000000000e+00 0.00000000000000e+00
 3.60362973383217e-02 6.51026638241667e-02 1.37958130235021e-01 3.60052584193051e-01 5.42630576023125e-01 0.00000000000000e+00 0.00000000000000e+00 1.44786616097748e-01 0.00000000000000e+00 0.00000000000000e+00 4.26423879860739e-01 0.00000000000000e+00 0.00000000000000e+00 6.15083022478311e-01 0.00000000000000e+00 0.00000000000000e+00 2.88996226457086e-01 0.00000000000000e+00 0.00000000000000e+00 9.36485222720797e-02 1.80915893589210e-01 2.82312018310381e-01 8.48522096980194e-01 1.00000000000000e+00 0.00000000000000e+00 0.00000000000000e+00 0.00000000000000e+00 0.00000000000000e+00 0.00000000000000e+00 0.00000000000000e+00 0.00000000000000e+00 0.00000000000000e+00 0.00000000000000e+00 0.00000000000000e+00 0.00000000000000e+00 0.00000000000000e+00 0.00000000000000e+00 0.00000000000000e+00
 0.00000000000000e+00 0.00000000000000e+00 0.00000000000000e+00 0.00000000000000e+00 0.00000000000000e+00 1.71077179769409e-02 0.00000000000000e+00 0.00000000000000e+00 7.19770916981099e-02 0.00000000000000e+00 0.00000000000000e+00 9.21868501323709e-02 0.00000000000000e+00 0.00000000000000e+00 0.00000000000000e+00 0.00000000000000e+00 0.00000000000000e+00 1.64142802484017e-01 0.00000000000000e+00 0.00000000000000e+00 0.00000000000000e+00 0.00000000000000e+00 0.00000000000000e+00 0.00000000000000e+00 1.00000000000000e+00 0.00000000000000e+00 0.00000000000000e+00 7.56929031503814e-01 0.00000000000000e+00 0.00000000000000e+00 3.75689212144554e-01 0.00000000000000e+00 0.00000000000000e+00 0.00000000000000e+00 0.00000000000000e+00 0.00000000000000e+00 0.00000000000000e+00 0.00000000000000e+00
 0.00000000000000e+00 0.00000000000000e+00 0.00000000000000e+00 0.00000000000000e+00 0.00000000000000e+00 0.00000000000000e+00 1.71077179769409e-02 0.00000000000000e+00 0.00000000000000e+00 7.19770916981099e-02 0.00000000000000e+00 0.00000000000000e+00 9.21868501323709e-02 0.00000000000000e+00 0.00000000000000e+00 1.64142802484018e-01 0.00000000000000e+00 0.00000000000000e+00 0.00000000000000e+00 0.00000000000000e+00 0.00000000000000e+00 0.00000000000000e+00 0.00000000000000e+00 0.00000000000000e+00 0.00000000000000e+00 1.00000000000000e+00 0.00000000000000e+00 0.00000000000000e+00 7.56929031503814e-01 0.00000000000000e+00 0.00000000000000e+00 3.75689212144554e-01 0.00000000000000e+00 0.00000000000000e+00 0.00000000000000e+00 0.00000000000000e+00 0.00000000000000e+00 0.00000000000000e+00
 -4.04235001055255e-03 -9.35646315682753e-03 -2.89830076586934e-02 -1.08151049304044e-01 -1.07619149096075e-01 0.00000000000000e+00 0.00000000000000e+00 -8.59259891507848e-02 0.00000000000000e+00 0.00000000000000e+00 -1.73472794983707e-01 0.00000000000000e+00 0.00000000000000e+00 -7.94523485479169e-02 0.00000000000000e+00 0.00000000000000e+00 -1.71568700168924e-01 0.00000000000000e+00 0.00000000000000e+00 0.00000000000000e+00 0.00000000000000e+00 0.00000000000000e+00 0.00000000000000e+00 0.00000000000000e+00 0.00000000000000e+00 0.00000000000000e+00 1.00000000000000e+00 0.00000000000000e+00 0.00000000000000e+00 7.56929031503814e-01 0.00000000000000e+00 0.00000000000000e+00 3.75689212144554e-01 0.00000000000000e+00 0.00000000000000e+00 0.00000000000000e+00 0.00000000000000e+00 0.00000000000000e+00
 0.00000000000000e+00 0.00000000000000e+00 0.00000000000000e+00 0.00000000000000e+00 0.00000000000000e+00 7.91642862913991e-02 0.00000000000000e+00 0.00000000000000e+00 2.43272846681469e-01 0.00000000000000e+00 0.00000000000000e+00 3.25242547833921e-01 0.00000000000000e+00 0.00000000000000e+00 0.00000000000000e+00 0.00000000000000e+00 0.00000000000000e+00 3.76509379476274e-01 0.00000000000000e+00 0.00000000000000e+00 0.00000000000000e+00 0.00000000000000e+00 0.00000000000000e+00 0.00000000000000e+00 7.56929031503814e-01 0.00000000000000e+00 0.00000000000000e+00 1.00000000000000e+00 0.00000000000000e+00 0.00000000000000e+00 7.89957052693372e-01 0.00000000000000e+00 0.00000000000000e+00 0.00000000000000e+00 0.00000000000000e+00 0.00000000000000e+00 0.00000000000000e+00 0.00000000000000e+00
 0.00000000000000e+00 0.00000000000000e+00 0.00000000000000e+00 0.00000000000000e+00 0.00000000000000e+00 0.00000000000000e+00 7.91642862913991e-02 0.00000000000000e+00 0.00000000000000e+00 2.43272846681469e-01 0.00000000000000e+00 0.00000000000000e+00 3.25242547833921e-01 0.00000000000000e+00 0.00000000000000e+00 3.76509379476274e-01 0.00000000000000e+00 0.00000000000000e+00 0.00000000000000e+00 0.00000000000000e+00 0.00000000000000e+00 0.00000000000000e+00 0.00000000000000e+00 0.00000000000000e+00 0.00000000000000e+00 7.56929031503814e-01 0.00000000000000e+00 0.00000000000000e+00 1.00000000000000e+00 0.00000000000000e+00 0.00000000000000e+00 7.89957052693372e-01 0.00000000000000e+00 0.00000000000000e+00 0.00000000000000e+00 0.00000000000000e+00 0.00000000000000e+00 0.00000000000000e+00
 -4.61668379955605e-02 -8.35650465873034e-02 -1.75860614864513e-01 -3.70090166769724e-01 -3.50429681546768e-01 0.00000000000000e+00 0.00000000000000e+00 -2.04801232420320e-01 0.00000000000000e+00 0.00000000000000e+00 -3.28395543388865e-01 0.00000000000000e+00 0.00000000000000e+00 -1.18439290635902e-01 0.00000000000000e+00 0.00000000000000e+00 -1.43779369419125e-01 0.00000000000000e+00 0.00000000000000e+00 0.00000000000000e+00 0.00000000000000e+00 0.00000000000000e+00 0.00000000000000e+00 0.00000000000000e+00 0.00000000000000e+00 0.00000000000000e+00 7.56929031503814e-01 0.00000000000000e+00 0.00000000000000e+00 1.00000000000000e+00 0.00000000000000e+00 0.00000000000000e+00 7.89957052693372e-01 0.00000000000000e+00 0.00000000000000e+00 0.00000000000000e+00 0.00000000000000e+00 0.00000000000000e+00
 0.00000000000000e+00 0.00000000000000e+00 0.00000000000000e+00 0.00000000000000e+00 0.00000000000000e+00 1.17376838586896e-01 0.00000000000000e+00 0.00000000000000e+00 3.74562667009364e-01 0.00000000000000e+00 0.00000000000000e+00 6.19503963497201e-01 0.00000000000000e+00 0.00000000000000e+00 0.00000000000000e+00 0.00000000000000e+00 0.00000000000000e+00 3.53688727692513e-01 0.00000000000000e+00 0.00000000000000e+00 0.00000000000000e+00 0.00000000000000e+00 0.00000000000000e+00 0.00000000000000e+00 3.75689212144554e-01 0.00000000000000e+00 0.00000000000000e+00 7.89957052693372e-01 0.00000000000000e+00 0.00000000000000e+00 1.00000000000000e+00 0.00000000000000e+00 0.00000000000000e+00 0.00000000000000e+00 0.00000000000000e+00 0.00000000000000e+00 0.00000000000000e+00 0.00000000000000e+00
 0.00000000000000e+00 0.00000000000000e+00 0.00000000000000e+00 0.00000000000000e+00 0.00000000000000e+00 0.00000000000000e+00 1.17376838586896e-01 0.00000000000000e+00 0.00000000000000e+00 3.74562667009364e-01 0.00000000000000e+00 0.00000000000000e+00 6.19503963497201e-01 0.00000000000000e+00 0.00000000000000e+00 3.53688727692513e-01 0.00000000000000e+00 0.00000000000000e+00 0.00000000000000e+00 0.00000000000000e+00 0.00000000000000e+00 0.00000000000000e+00 0.00000000000000e+00 0.00000000000000e+00 0.00000000000000e+00 3.75689212144554e-01 0.00000000000000e+00 0.00000000000000e+00 7.89957052693372e-01 0.00000000000000e+00 0.00000000000000e+00 1.00000000000000e+00 0.00000000000000e+00 0.00000000000000e+00 0.00000000000000e+00 0.00000000000000e+00 0.00000000000000e+00 0.00000000000000e+00
 -7.66493483364698e-02 -1.34515591888993e-01 -2.68543219503603e-01 -5.45004443828990e-01 -5.92626327019099e-01 0.00000000000000e+00 0.00000000000000e+00 -1.18658786866858e-01 0.00000000000000e+00 0.00000000000000e+00 -1.55244245589316e-01 0.00000000000000e+00 0.00000000000000e+00 8.70680462536702e-02 0.00000000000000e+00 0.00000000000000e+00 5.26704144980483e-02 0.00000000000000e+00 0.00000000000000e+00 0.00000000000000e+00 0.00000000000000e+00 0.00000000000000e+00 0.00000000000000e+00 0.00000000000000e+00 0.00000000000000e+00 0.00000000000000e+00 3.75689212144554e-01 0.00000000000000e+00 0.00000000000000e+00 7.89957052693372e-01 0.00000000000000e+00 0.00000000000000e+00 1.00000000000000e+00 0.00000000000000e+00 0.00000000000000e+00 0.00000000000000e+00 0.00000000000000e+00 0.00000000000000e+00
 0.00000000000000e+00 0.00000000000000e+00 0.00000000000000e+00 0.00000000000000e+00 0.00000000000000e+00 0.00000000000000e+00 0.00000000000000e+00 0.00000000000000e+00 0.00000000000000e+00 0.00000000000000e+00 0.00000000000000e+00 0.00000000000000e+00 0.00000000000000e+00 0.00000000000000e+00 2.87078024095935e-01 0.00000000000000e+00 0.00000000000000e+00 0.00000000000000e+00 0.00000000000000e+00 0.00000000000000e+00 0.00000000000000e+00 0.00000000000000e+00 0.00000000000000e+00 0.00000000000000e+00 0.00000000000000e+00 0.00000000000000e+00 0.00000000000000e+00 0.00000000000000e+00 0.00000000000000e+00 0.00000000000000e+00 0.00000000000000e+00 0.00000000000000e+00 0.00000000000000e+00 1.00000000000000e+00 0.00000000000000e+00 0.00000000000000e+00 0.00000000000000e+00 0.00000000000000e+00
 0.00000000000000e+00 0.00000000000000e+00 0.00000000000000e+00 0.00000000000000e+00 0.00000000000000e+00 0.00000000000000e+00 -2.12646638612016e-01 0.00000000000000e+00 0.00000000000000e+00 -4.34608002252018e-01 0.00000000000000e+00 0.00000000000000e+00 -3.69474419266179e-01 0.00000000000000e+00 0.00000000000000e+00 -3.35614085546450e-01 0.00000000000000e+00 0.00000000000000e+00 0.00000000000000e+00 0.00000000000000e+00 0.00000000000000e+00 0.00000000000000e+00 0.00000000000000e+00 0.00000000000000e+00 0.00000000000000e+00 0.00000000000000e+00 0.00000000000000e+00 0.00000000000000e+00 0.00000000000000e+00 0.00000000000000e+00 0.00000000000000e+00 0.00000000000000e+00 0.00000000000000e+00 0.00000000000000e+00 1.00000000000000e+00 0.00000000000000e+00 0.00000000000000e+00 0.00000000000000e+00
 9.68595166815613e-02 1.65340723276734e-01 3.08466396963772e-01 4.28736350401217e-01 2.63444773678153e-01 0.00000000000000e+00 0.00000000000000e+00 1.64917193910284e-01 0.00000000000000e+00 0.00000000000000e+00 7.51307012444542e-02 0.00000000000000e+00 0.00000000000000e+00 -1.09329541460773e-01 0.00000000000000e+00 0.00000000000000e+00 -9.80747859147835e-03 0.00000000000000e+00 0.00000000000000e+00 0.00000000000000e+00 0.00000000000000e+00 0.00000000000000e+00 0.00000000000000e+00 0.00000000000000e+00 0.00000000000000e+00 0.00000000000000e+00 0.00000000000000e+00 0.00000000000000e+00 0.00000000000000e+00 0.00000000000000e+00 0.00000000000000e+00 0.00000000000000e+00 0.00000000000000e+00 0.00000000000000e+00 0.00000000000000e+00 1.00000000000000e+00 0.00000000000000e+00 0.00000000000000e+00
 0.00000000000000e+00 0.00000000000000e+00 0.00000000000000e+00 0.00000000000000e+00 0.00000000000000e+00 -2.12646638612016e-01 0.00000000000000e+00 0.00000000000000e+00 -4.34608002252018e-01 0.00000000000000e+00 0.00000000000000e+00 -3.69474419266179e-01 0.00000000000000e+00 0.00000000000000e+00 0.00000000000000e+00 0.00000000000000e+00 0.00000000000000e+00 -3.35614085546450e-01 0.00000000000000e+00 0.00000000000000e+00 0.00000000000000e+00 0.00000000000000e+00 0.00000000000000e+00 0.00000000000000e+00 0.00000000000000e+00 0.00000000000000e+00 0.00000000000000e+00 0.00000000000000e+00 0.00000000000000e+00 0.00000000000000e+00 0.00000000000000e+00 0.00000000000000e+00 0.00000000000000e+00 0.00000000000000e+00 0.00000000000000e+00 0.00000000000000e+00 1.00000000000000e+00 0.00000000000000e+00
 0.00000000000000e+00 0.00000000000000e+00 0.00000000000000e+00 0.00000000000000e+00 0.00000000000000e+00 0.00000000000000e+00 0.00000000000000e+00 0.00000000000000e+00 0.00000000000000e+00 0.00000000000000e+00 0.00000000000000e+00 0.00000000000000e+00 0.00000000000000e+00 0.00000000000000e+00 0.00000000000000e+00 0.00000000000000e+00 0.00000000000000e+00 0.00000000000000e+00 2.87078024095935e-01 0.00000000000000e+00 0.00000000000000e+00 0.00000000000000e+00 0.00000000000000e+00 0.00000000000000e+00 0.00000000000000e+00 0.00000000000000e+00 0.00000000000000e+00 0.00000000000000e+00 0.00000000000000e+00 0.00000000000000e+00 0.00000000000000e+00 0.00000000000000e+00 0.00000000000000e+00 0.00000000000000e+00 0.00000000000000e+00 0.00000000000000e+00 0.00000000000000e+00 1.00000000000000e+00
En:
 -6.48612328194703e+01 -5.18504106780859e+01 -2.08943357981136e+01 -6.62961719584635e+00 -2.47431376562238e+00 0.00000000000000e+00 0.00000000000000e+00 -1.23119055714158e-01 0.00000000000000e+00 0.00000000000000e+00 -5.02441698423408e-02 0.00000000000000e+00 0.00000000000000e+00 -1.59778569059937e-02 0.00000000000000e+00 0.00000000000000e+00 -4.60510966685821e-03 0.00000000000000e+00 0.00000000000000e+00 -6.59113996081782e-06 -1.75434743377529e-04 -3.85013088557809e-04 -3.79146681481856e-01 -1.23695012074209e+00 0.00000000000000e+00 0.00000000000000e+00 1.26718818254378e-01 0.00000000000000e+00 0.00000000000000e+00 1.58268476573719e+00 0.00000000000000e+00 0.00000000000000e+00 2.65695816160840e+00 0.00000000000000e+00 0.00000000000000e+00 -3.39247182319355e+00 0.00000000000000e+00 0.00000000000000e+00
 -5.18504106780859e+01 -4.49812328190994e+01 -2.36209653678871e+01 -9.17629628144303e+00 -3.82269763548103e+00 0.00000000000000e+00 0.00000000000000e+00 -2.50101353107916e-01 0.00000000000000e+00 0.00000000000000e+00 -1.32070593214427e-01 0.00000000000000e+00 0.00000000000000e+00 -4.96598839414000e-02 0.00000000000000e+00 0.00000000000000e+00 -2.09321019594596e-02 0.00000000000000e+00 0.00000000000000e+00 -6.45519337139851e-04 -1.69061150688247e-03 -3.03417164086730e-03 -5.23444976591776e-01 -1.59757755075612e+00 0.00000000000000e+00 0.00000000000000e+00 1.99041896253266e-01 0.00000000000000e+00 0.00000000000000e+00 2.05288699969259e+00 0.00000000000000e+00 0.00000000000000e+00 3.35838993374033e+00 0.00000000000000e+00 0.00000000000000e+00 -4.22782549703234e+00 0.00000000000000e+00 0.00000000000000e+00
 -2.08943357981136e+01 -2.36209653678871e+01 -2.17062323924956e+01 -1.23996843839650e+01 -6.25173164709217e+00 0.00000000000000e+00 0.00000000000000e+00 -5.16202334771665e-01 0.00000000000000e+00 0.00000000000000e+00 -3.77948235650193e-01 0.00000000000000e+00 0.00000000000000e+00 -1.73725782683273e-01 0.00000000000000e+00 0.00000000000000e+00 -9.51547944244976e-02 0.00000000000000e+00 0.00000000000000e+00 -1.43646615085152e-02 -2.41540141352581e-02 -3.54833947537573e-02 -8.79040314061977e-01 -2.24494652418331e+00 0.00000000000000e+00 0.00000000000000e+00 4.40792769072341e-01 0.00000000000000e+00 0.00000000000000e+00 2.89885014210586e+00 0.00000000000000e+00 0.00000000000000e+00 4.42987685222046e+00 0.00000000000000e+00 0.00000000000000e+00 -5.32211755731230e+00 0.00000000000000e+00 0.00000000000000e+00
 -6.62961719584635e+00 -9.17629628144303e+00 -1.23996843839650e+01 -1.24247562739621e+01 -9.06143026377259e+00 0.00000000000000e+00 0.00000000000000e+00 -7.19740414627151e-01 0.00000000000000e+00 0.00000000000000e+00 -1.03089847004173e+00 0.00000000000000e+00 0.00000000000000e+00 -7.62866614168700e-01 0.00000000000000e+00 0.00000000000000e+00 -5.05108239565186e-01 0.00000000000000e+00 0.00000000000000e+00 -6.15048016673870e-01 -7.86781642061255e-01 -9.21853916460207e-01 -2.61864308101067e+00 -4.12361021256447e+00 0.00000000000000e+00 0.00000000000000e+00 1.51494753924104e+00 0.00000000000000e+00 0.00000000000000e+00 4.54135457652243e+00 0.00000000000000e+00 0.00000000000000e+00 6.09000502227149e+00 0.00000000000000e+00 0.00000000000000e+00 -5.57110722720735e+00 0.00000000000000e+00 0.00000000000000e+00
 -2.47431376562238e+00 -3.82269763548103e+00 -6.25173164709217e+00 -9.06143026377259e+00 -8.77893039016722e+00 0.00000000000000e+00 0.00000000000000e+00 -5.74687151736281e-01 0.00000000000000e+00 0.00000000000000e+00 -1.24986564665790e+00 0.00000000000000e+00 0.00000000000000e+00 -1.24885678515263e+00 0.00000000000000e+00 0.00000000000000e+00 -7.74137734528382e-01 0.00000000000000e+00 0.00000000000000e+00 -1.46906378681000e+00 -1.82462607505483e+00 -2.07112076211120e+00 -4.07344750988303e+00 -5.36135267224134e+00 0.00000000000000e+00 0.00000000000000e+00 1.54747444941345e+00 0.00000000000000e+00 0.00000000000000e+00 3.97824171224820e+00 0.00000000000000e+00 0.00000000000000e+00 5.51985309123298e+00 0.00000000000000e+00 0.00000000000000e+00 -3.38678754484799e+00 0.00000000000000e+00 0.00000000000000e+00
 0.00000000000000e+00 0.00000000000000e+00 0.00000000000000e+00 0.00000000000000e+00 0.00000000000000e+00 -1.64748987722204e+01 0.00000000000000e+00 0.00000000000000e+00 -1.00539270685932e+01 0.00000000000000e+00 0.00000000000000e+00 -4.31698441042325e+00 0.00000000000000e+00 0.00000000000000e+00 0.00000000000000e+00 0.00000000000000e+00 0.00000000000000e+00 -3.82722500677112e-01 0.00000000000000e+00 0.00000000000000e+00 0.00000000000000e+00 0.00000000000000e+00 0.00000000000000e+00 0.00000000000000e+00 -2.13535543830628e-01 0.00000000000000e+00 0.00000000000000e+00 -9.03713124068274e-01 0.00000000000000e+00 0.00000000000000e+00 -1.27923994278686e+00 0.00000000000000e+00 0.00000000000000e+00 0.00000000000000e+00 0.00000000000000e+00 0.00000000000000e+00 2.45450217185890e+00 0.00000000000000e+00
 0.00000000000000e+00 0.00000000000000e+00 0.00000000000000e+00 0.00000000000000e+00 0.00000000000000e+00 0.00000000000000e+00 -1.64748987722204e+01 0.00000000000000e+00 0.00000000000000e+00 -1.00539270685932e+01 0.00000000000000e+00 0.00000000000000e+00 -4.31698441042325e+00 0.00000000000000e+00 0.00000000000000e+00 -3.82722500677112e-01 0.00000000000000e+00 0.00000000000000e+00 0.00000000000000e+00 0.00000000000000e+00 0.00000000000000e+00 0.00000000000000e+00 0.00000000000000e+00 0.00000000000000e+00 0.00000000000000e+00 -2.13535543830628e-01 0.00000000000000e+00 0.00000000000000e+00 -9.03713124068274e-01 0.00000000000000e+00 0.00000000000000e+00 -1.27923994278686e+00 0.00000000000000e+00 0.00000000000000e+00 2.45450217185890e+00 0.00000000000000e+00 0.00000000000000e+00 0.00000000000000e+00
 -1.23119055714158e-01 -2.50101353107916e-01 -5.16202334771665e-01 -7.19740414627151e-01 -5.74687151736281e-01 0.00000000000000e+00 0.00000000000000e+00 -1.67335917317436e+01 0.00000000000000e+00 0.00000000000000e+00 -1.03921006814072e+01 0.00000000000000e+00 0.00000000000000e+00 -4.54111368517332e+00 0.00000000000000e+00 0.00000000000000e+00 -6.21374898950551e-01 0.00000000000000e+00 0.00000000000000e+00 -2.27904009310150e-01 -3.11636887254261e-01 -3.89898507253618e-01 -1.62604031525065e+00 -1.95151253958998e+00 0.00000000000000e+00 0.00000000000000e+00 1.21795227300452e+00 0.00000000000000e+00 0.00000000000000e+00 2.82416477360107e+00 0.00000000000000e+00 0.00000000000000e+00 1.81531934643326e+00 0.00000000000000e+00 0.00000000000000e+00 -2.58037883883149e+00 0.00000000000000e+00 0.00000000000000e+00
 0.00000000000000e+00 0.00000000000000e+00 0.00000000000000e+00 0.00000000000000e+00 0.00000000000000e+00 -1.00539270685932e+01 0.00000000000000e+00 0.00000000000000e+00 -9.93548994186380e+00 0.00000000000000e+00 0.00000000000000e+00 -6.41037111994229e+00 0.00000000000000e+00 0.00000000000000e+00 0.00000000000000e+00 0.00000000000000e+00 0.00000000000000e+00 -7.66860872375759e-01 0.00000000000000e+00 0.00000000000000e+00 0.00000000000000e+00 0.00000000000000e+00 0.00000000000000e+00 0.00000000000000e+00 -8.89175727599237e-01 0.00000000000000e+00 0.00000000000000e+00 -2.30591582067484e+00 0.00000000000000e+00 0.00000000000000e+00 -3.03508566963612e+00 0.00000000000000e+00 0.00000000000000e+00 0.00000000000000e+00 0.00000000000000e+00 0.00000000000000e+00 4.01236491412390e+00 0.00000000000000e+00
 0.00000000000000e+00 0.00000000000000e+00 0.00000000000000e+00 0.00000000000000e+00 0.00000000000000e+00 0.00000000000000e+00 -1.00539270685932e+01 0.00000000000000e+00 0.00000000000000e+00 -9.93548994186380e+00 0.00000000000000e+00 0.00000000000000e+00 -6.41037111994229e+00 0.00000000000000e+00 0.00000000000000e+00 -7.66860872375759e-01 0.00000000000000e+00 0.00000000000000e+00 0.00000000000000e+00 0.00000000000000e+00 0.00000000000000e+00 0.00000000000000e+00 0.00000000000000e+00 0.00000000000000e+00 0.00000000000000e+00 -8.89175727599237e-01 0.00000000000000e+00 0.00000000000000e+00 -2.30591582067484e+00 0.00000000000000e+00 0.00000000000000e+00 -3.03508566963612e+00 0.00000000000000e+00 0.00000000000000e+00 4.01236491412390e+00 0.00000000000000e+00 0.00000000000000e+00 0.00000000000000e+00
 -5.02441698423408e-02 -1.32070593214427e-01 -3.77948235650193e-01 -1.03089847004173e+00 -1.24986564665790e+00 0.00000000000000e+00 0.00000000000000e+00 -1.03921006814072e+01 0.00000000000000e+00 0.00000000000000e+00 -1.07673861472435e+01 0.00000000000000e+00 0.00000000000000e+00 -7.23183266583360e+00 0.00000000000000e+00 0.00000000000000e+00 -1.52821205419965e+00 0.00000000000000e+00 0.00000000000000e+00 -1.96335090707978e+00 -2.44295860517892e+00 -2.77844709061656e+00 -5.01112990631788e+00 -4.88551148172586e+00 0.00000000000000e+00 0.00000000000000e+00 2.54019636511965e+00 0.00000000000000e+00 0.00000000000000e+00 4.24327027401877e+00 0.00000000000000e+00 0.00000000000000e+00 2.45593141183245e+00 0.00000000000000e+00 0.00000000000000e+00 -1.83854401607716e+00 0.00000000000000e+00 0.00000000000000e+00
