S:
 1.00000000000000e+00 9.69544475373831e-01 7.78523420263646e-01 0.00000000000000e+00 0.00000000000000e+00 1.10575534520795e-18 7.28107228115177e-02 1.59653542079435e-01 4.17372980261939e-01 6.81236603295357e-01 7.48570125176864e-01 -3.42367869869239e-17 1.85119416767372e-17 -5.57315848347448e-01 -2.81176687584656e-17 1.52258399462111e-17 -3.89984450312187e-01 -2.04277948754855e-17 -1.00057957260257e-17 2.06649279488826e-01 1.85903719680911e-17 -3.26055950297949e-17 3.15111991513198e-01 2.30034299158937e-01 1.05482371796516e-01 -1.09010579058563e-17 5.90950850546858e-18 -2.45968532497275e-01
 9.69544475373831e-01 1.00000000000000e+00 8.97299307181686e-01 0.00000000000000e+00 0.00000000000000e+00 8.51210861618233e-19 6.67357036701297e-02 1.48286897406896e-01 3.92380547285944e-01 6.13571799970720e-01 6.27605902283116e-01 -2.68301510583584e-17 1.46453813337349e-17 -5.87236022243427e-01 -2.44160126467972e-17 1.31959202105929e-17 -4.57973115261997e-01 -1.72105951509196e-17 -1.13473763786020e-17 2.91046564092040e-01 2.10255062400673e-17 -2.73473492768088e-17 2.30034299158937e-01 1.62689320945550e-01 6.69325072965458e-02 -6.87015077563225e-18 3.73453130382717e-18 -2.16974011375832e-01
 7.78523420263646e-01 8.97299307181686e-01 1.00000000000000e+00 0.00000000000000e+00 0.00000000000000e+00 0.00000000000000e+00 3.52372276102191e-02 8.62098954280072e-02 2.62434325652842e-01 4.05532093038600e-01 3.77063893022598e-01 -1.29539736434259e-17 7.06392600646454e-18 -4.93538224781717e-01 -1.34721657824143e-17 7.28240344652093e-18 -4.52040532723011e-01 -8.31132075327820e-18 -9.76367294636014e-18 4.00183459133942e-01 1.81040993510928e-17 -1.32876865758596e-17 1.05482371796516e-01 6.69325072965458e-02 1.80486142673195e-02 -1.92135588017045e-18 1.05165285376762e-18 -1.19397624363074e-01
 0.00000000000000e+00 0.00000000000000e+00 0.00000000000000e+00 1.00000000000000e+00 0.00000000000000e+00 0.00000000000000e+00 -1.00443848002435e-18 -3.63026809463343e-18 -1.55428536651818e-17 -3.09935451369093e-17 -3.45392918931721e-17 5.53760336346902e-01 -1.65510934603421e-17 3.34322818946184e-17 4.29027056183592e-01 -1.28694409644279e-17 2.32813221126307e-17 1.05125162137715e-17 1.28944455822895e-17 -1.00906683263122e-17 -4.36019668099678e-01 -2.81477136413038e-17 -1.08924121907241e-17 -6.86381796888257e-18 -1.91533757694330e-18 1.03914477609376e-01 -3.05631959101424e-18 1.01368663267304e-17
 0.00000000000000e+00 0.00000000000000e+00 0.00000000000000e+00 0.00000000000000e+00 1.00000000000000e+00 -2.54787897262870e-19 5.45449120234605e-19 1.94899902607131e-18 8.51650699638737e-18 1.68501672604445e-17 1.89050609336190e-17 -1.64946007875900e-17 5.53760336346902e-01 -1.83741203076143e-17 -1.28334569154815e-17 4.29027056183592e-01 -1.26974562038427e-17 -2.18115844636824e-18 -4.36019668099678e-01 5.37944640653518e-18 1.29195307307184e-17 -6.14946014125689e-18 5.90504180267521e-18 3.72023212379056e-18 1.04163559646070e-18 -3.05291753114960e-18 1.03914477609376e-01 -5.54343862726638e-18
 1.10575534520795e-18 8.51210861618233e-19 0.00000000000000e+00 0.00000000000000e+00 -2.54787897262870e-19 1.00000000000000e+00 1.35826295141928e-01 2.75504358845347e-01 5.44562925486898e-01 5.01589484013894e-01 2.86374476738429e-01 -1.98873143480553e-17 1.08553156380589e-17 8.37002422140456e-02 -2.95477240650434e-17 1.62745290173955e-17 -1.91027370116936e-01 -2.21985664655858e-17 -5.97807660442696e-18 -4.58496030008395e-02 1.11517476738915e-17 -3.49933528891006e-17 2.45968532497275e-01 2.16974011375832e-01 1.19397624363074e-01 -1.01186090944446e-17 5.48424126333579e-18 -2.70092933399642e-01
 7.28107228115177e-02 6.67357036701297e-02 3.52372276102191e-02 -1.00443848002435e-18 5.45449120234605e-19 1.35826295141928e-01 1.00000000000000e+00 8.97384168653548e-01 3.73144577097472e-01 1.45959815321555e-01 6.26524020794744e-02 0.00000000000000e+00 0.00000000000000e+00 0.00000000000000e+00 0.00000000000000e+00 0.00000000000000e+00 0.00000000000000e+00 0.00000000000000e+00 4.66961559848004e-20 1.73178677841699e-19 0.00000000000000e+00 -2.25226340985958e-20 7.28107228115177e-02 6.67357036701297e-02 3.52372276102191e-02 -9.96711374424917e-19 5.51020659494771e-19 -1.35826295141928e-01
 1.59653542079435e-01 1.48286897406896e-01 8.62098954280072e-02 -3.63026809463343e-18 1.94899902607131e-18 2.75504358845347e-01 8.97384168653548e-01 1.00000000000000e+00 6.78576305916329e-01 3.44651493722728e-01 1.71690813088548e-01 0.00000000000000e+00 0.00000000000000e+00 0.00000000000000e+00 0.00000000000000e+00 2.15719407820153e-18 2.69649259775192e-19 0.00000000000000e+00 -1.69232621056537e-19 3.43836497380569e-19 0.00000000000000e+00 2.02170498709865e-19 1.59653542079435e-01 1.48286897406896e-01 8.62098954280072e-02 -3.62428475265876e-18 1.95765218211854e-18 -2.75504358845346e-01
 4.17372980261939e-01 3.92380547285944e-01 2.62434325652842e-01 -1.55428536651818e-17 8.51650699638737e-18 5.44562925486898e-01 3.73144577097472e-01 6.78576305916329e-01 1.00000000000000e+00 8.01936126100581e-01 5.19592229496787e-01 0.00000000000000e+00 -2.68013799175349e-18 3.35017248969186e-19 0.00000000000000e+00 0.00000000000000e+00 0.00000000000000e+00 0.00000000000000e+00 2.12288705676314e-19 2.11485217300217e-18 0.00000000000000e+00 7.76051113342031e-19 4.17372980261939e-01 3.92380547285944e-01 2.62434325652841e-01 -1.55945851946368e-17 8.56001222668980e-18 -5.44562925486898e-01
 6.81236603295357e-01 6.13571799970720e-01 4.05532093038600e-01 -3.09935451369093e-17 1.68501672604445e-17 5.01589484013894e-01 1.45959815321555e-01 3.44651493722728e-01 8.01936126100581e-01 1.00000000000000e+00 8.83356651244299e-01 0.00000000000000e+00 0.00000000000000e+00 6.00031838990289e-19 0.00000000000000e+00 0.00000000000000e+00 0.00000000000000e+00 0.00000000000000e+00 3.51565072110358e-19 -1.03235845205095e-19 0.00000000000000e+00 1.25733487502919e-18 6.81236603295356e-01 6.13571799970720e-01 4.05532093038600e-01 -3.10234662805295e-17 1.69214772455542e-17 -5.01589484013893e-01
 7.48570125176864e-01 6.27605902283116e-01 3.77063893022598e-01 -3.45392918931721e-17 1.89050609336190e-17 2.86374476738429e-01 6.26524020794744e-02 1.71690813088548e-01 5.19592229496787e-01 8.83356651244299e-01 1.00000000000000e+00 0.00000000000000e+00 0.00000000000000e+00 0.00000000000000e+00 0.00000000000000e+00 0.00000000000000e+00 -4.72046095926793e-19 0.00000000000000e+00 -2.31252949048201e-19 1.40956774172634e-18 0.00000000000000e+00 3.70619914444734e-19 7.48570125176864e-01 6.27605902283117e-01 3.77063893022598e-01 -3.45991728705630e-17 1.89410440615978e-17 -2.86374476738429e-01
 -3.42367869869239e-17 -2.68301510583584e-17 -1.29539736434259e-17 5.53760336346902e-01 -1.64946007875900e-17 -1.98873143480553e-17 0.00000000000000e+00 0.00000000000000e+00 0.00000000000000e+00 0.00000000000000e+00 0.00000000000000e+00 1.00000000000000e+00 0.00000000000000e+00 0.00000000000000e+00 7.84266949410187e-01 0.00000000000000e+00 0.00000000000000e+00 1.89287484526921e-19 0.00000000000000e+00 0.00000000000000e+00 7.07112371201776e-20 0.00000000000000e+00 -3.42789531944928e-17 -2.68902097850352e-17 -1.29938172603498e-17 5.53760336346902e-01 -1.65094712416842e-17 1.99630650991834e-17
 1.85119416767372e-17 1.46453813337349e-17 7.06392600646454e-18 -1.65510934603421e-17 5.53760336346902e-01 1.08553156380589e-17 0.00000000000000e+00 0.00000000000000e+00 -2.68013799175349e-18 0.00000000000000e+00 0.00000000000000e+00 0.00000000000000e+00 1.00000000000000e+00 -6.81589238492084e-20 0.00000000000000e+00 7.84266949410187e-01 -2.25914180580082e-19 0.00000000000000e+00 9.80603886669073e-19 0.00000000000000e+00 0.00000000000000e+00 0.00000000000000e+00 1.86996058859982e-17 1.46624828596959e-17 7.05533552477554e-18 -1.65335506863266e-17 5.53760336346902e-01 -1.10271141652411e-17
 -5.57315848347448e-01 -5.87236022243427e-01 -4.93538224781717e-01 3.34322818946184e-17 -1.83741203076143e-17 8.37002422140456e-02 0.00000000000000e+00 0.00000000000000e+00 3.35017248969186e-19 6.00031838990289e-19 0.00000000000000e+00 0.00000000000000e+00 -6.81589238492084e-20 1.00000000000000e+00 0.00000000000000e+00 -1.74432106031003e-19 7.84266949410187e-01 0.00000000000000e+00 0.00000000000000e+00 0.00000000000000e+00 0.00000000000000e+00 1.94074924837934e-19 5.57315848347448e-01 5.87236022243428e-01 4.93538224781717e-01 -3.34759364201366e-17 1.81729577697541e-17 8.37002422140454e-02
 -2.81176687584656e-17 -2.44160126467972e-17 -1.34721657824143e-17 4.29027056183592e-01 -1.28334569154815e-17 -2.95477240650434e-17 0.00000000000000e+00 0.00000000000000e+00 0.00000000000000e+00 0.00000000000000e+00 0.00000000000000e+00 7.84266949410187e-01 0.00000000000000e+00 0.00000000000000e+00 1.00000000000000e+00 0.00000000000000e+00 0.00000000000000e+00 -8.05851073721266e-20 0.00000000000000e+00 0.00000000000000e+00 1.88003597086458e-19 0.00000000000000e+00 -2.78812063688754e-17 -2.42882493670910e-17 -1.34658465040415e-17 4.29027056183592e-01 -1.27955050699788e-17 2.93069123613893e-17
 1.52258399462111e-17 1.31959202105929e-17 7.28240344652093e-18 -1.28694409644279e-17 4.29027056183592e-01 1.62745290173955e-17 0.00000000000000e+00 2.15719407820153e-18 0.00000000000000e+00 0.00000000000000e+00 0.00000000000000e+00 0.00000000000000e+00 7.84266949410187e-01 -1.74432106031003e-19 0.00000000000000e+00 1.00000000000000e+00 -1.12051315256863e-19 0.00000000000000e+00 -1.49524434193133e-19 0.00000000000000e+00 0.00000000000000e+00 0.00000000000000e+00 1.52520709561026e-17 1.32655091508481e-17 7.30661435126330e-18 -1.28133537425905e-17 4.29027056183592e-01 -1.59515829063467e-17
 -3.89984450312187e-01 -4.57973115261997e-01 -4.52040532723011e-01 2.32813221126307e-17 -1.26974562038427e-17 -1.91027370116936e-01 0.00000000000000e+00 2.69649259775192e-19 0.00000000000000e+00 0.00000000000000e+00 -4.72046095926793e-19 0.00000000000000e+00 -2.25914180580082e-19 7.84266949410187e-01 0.00000000000000e+00 -1.12051315256863e-19 1.00000000000000e+00 0.00000000000000e+00 0.00000000000000e+00 0.00000000000000e+00 0.00000000000000e+00 5.00450498127597e-19 3.89984450312187e-01 4.57973115261998e-01 4.52040532723010e-01 -2.33521535425069e-17 1.27619816809751e-17 -1.91027370116936e-01
 -2.04277948754855e-17 -1.72105951509196e-17 -8.31132075327820e-18 1.05125162137715e-17 -2.18115844636824e-18 -2.21985664655858e-17 0.00000000000000e+00 0.00000000000000e+00 0.00000000000000e+00 0.00000000000000e+00 0.00000000000000e+00 1.89287484526921e-19 0.00000000000000e+00 0.00000000000000e+00 -8.05851073721266e-20 0.00000000000000e+00 0.00000000000000e+00 1.00000000000000e+00 0.00000000000000e+00 0.00000000000000e+00 9.23735508365567e-19 0.00000000000000e+00 -2.04867210696296e-17 -1.71825143551588e-17 -8.31203116619825e-18 1.05459415082518e-17 -2.20161491662537e-18 2.19472713303192e-17
 -1.00057957260257e-17 -1.13473763786020e-17 -9.76367294636014e-18 1.28944455822895e-17 -4.36019668099678e-01 -5.97807660442696e-18 4.66961559848004e-20 -1.69232621056537e-19 2.12288705676314e-19 3.51565072110358e-19 -2.31252949048201e-19 0.00000000000000e+00 9.80603886669073e-19 0.00000000000000e+00 0.00000000000000e+00 -1.49524434193133e-19 0.00000000000000e+00 0.00000000000000e+00 1.00000000000000e+00 -5.56136857873577e-20 0.00000000000000e+00 -9.34943712623030e-20 9.90729355220955e-18 1.12757886008777e-17 9.83654121574016e-18 -1.30883465641978e-17 4.36019668099678e-01 -5.92681192831426e-18
 2.06649279488826e-01 2.91046564092040e-01 4.00183459133942e-01 -1.00906683263122e-17 5.37944640653518e-18 -4.58496030008395e-02 1.73178677841699e-19 3.43836497380569e-19 2.11485217300217e-18 -1.03235845205095e-19 1.40956774172634e-18 0.00000000000000e+00 0.00000000000000e+00 0.00000000000000e+00 0.00000000000000e+00 0.00000000000000e+00 0.00000000000000e+00 0.00000000000000e+00 -5.56136857873577e-20 1.00000000000000e+00 0.00000000000000e+00 -1.26057715938938e-19 2.06649279488826e-01 2.91046564092040e-01 4.00183459133942e-01 -1.02414427820448e-17 5.50769256363206e-18 4.58496030008389e-02
 1.85903719680911e-17 2.10255062400673e-17 1.81040993510928e-17 -4.36019668099678e-01 1.29195307307184e-17 1.11517476738915e-17 0.00000000000000e+00 0.00000000000000e+00 0.00000000000000e+00 0.00000000000000e+00 0.00000000000000e+00 7.07112371201776e-20 0.00000000000000e+00 0.00000000000000e+00 1.88003597086458e-19 0.00000000000000e+00 0.00000000000000e+00 9.23735508365567e-19 0.00000000000000e+00 0.00000000000000e+00 1.00000000000000e+00 0.00000000000000e+00 -1.85123424114764e-17 -2.08498113756084e-17 -1.81068022044084e-17 4.36019668099678e-01 -1.30633723418446e-17 1.10921193912661e-17
 -3.26055950297949e-17 -2.73473492768088e-17 -1.32876865758596e-17 -2.81477136413038e-17 -6.14946014125689e-18 -3.49933528891006e-17 -2.25226340985958e-20 2.02170498709865e-19 7.76051113342031e-19 1.25733487502919e-18 3.70619914444734e-19 0.00000000000000e+00 0.00000000000000e+00 1.94074924837934e-19 0.00000000000000e+00 0.00000000000000e+00 5.00450498127597e-19 0.00000000000000e+00 -9.34943712623030e-20 -1.26057715938938e-19 0.00000000000000e+00 1.00000000000000e+00 -3.25993104931196e-17 -2.73649816719495e-17 -1.32799006623239e-17 -2.80336609550867e-17 -6.20549215655761e-18 3.50376623553610e-17
 3.15111991513198e-01 2.30034299158937e-01 1.05482371796516e-01 -1.08924121907241e-17 5.90504180267521e-18 2.45968532497275e-01 7.28107228115177e-02 1.59653542079435e-01 4.17372980261939e-01 6.81236603295356e-01 7.48570125176864e-01 -3.42789531944928e-17 1.86996058859982e-17 5.57315848347448e-01 -2.78812063688754e-17 1.52520709561026e-17 3.89984450312187e-01 -2.04867210696296e-17 9.90729355220955e-18 2.06649279488826e-01 -1.85123424114764e-17 -3.25993104931196e-17 1.00000000000000e+00 9.69544475373831e-01 7.78523420263646e-01 0.00000000000000e+00 0.00000000000000e+00 1.10575534520795e-18
 2.30034299158937e-01 1.62689320945550e-01 6.69325072965458e-02 -6.86381796888257e-18 3.72023212379056e-18 2.16974011375832e-01 6.67357036701297e-02 1.48286897406896e-01 3.92380547285944e-01 6.13571799970720e-01 6.27605902283117e-01 -2.68902097850352e-17 1.46624828596959e-17 5.87236022243428e-01 -2.42882493670910e-17 1.32655091508481e-17 4.57973115261998e-01 -1.71825143551588e-17 1.12757886008777e-17 2.91046564092040e-01 -2.08498113756084e-17 -2.73649816719495e-17 9.69544475373831e-01 1.00000000000000e+00 8.97299307181686e-01 0.00000000000000e+00 0.00000000000000e+00 8.51210861618233e-19
 1.05482371796516e-01 6.69325072965458e-02 1.80486142673195e-02 -1.91533757694330e-18 1.04163559646070e-18 1.19397624363074e-01 3.52372276102191e-02 8.62098954280072e-02 2.62434325652841e-01 4.05532093038600e-01 3.77063893022598e-01 -1.29938172603498e-17 7.05533552477554e-18 4.93538224781717e-01 -1.34658465040415e-17 7.30661435126330e-18 4.52040532723010e-01 -8.31203116619825e-18 9.83654121574016e-18 4.00183459133942e-01 -1.81068022044084e-17 -1.32799006623239e-17 7.78523420263646e-01 8.97299307181686e-01 1.00000000000000e+00 0.00000000000000e+00 0.00000000000000e+00 0.00000000000000e+00
 -1.09010579058563e-17 -6.87015077563225e-18 -1.92135588017045e-18 1.03914477609376e-01 -3.05291753114960e-18 -1.01186090944446e-17 -9.96711374424917e-19 -3.62428475265876e-18 -1.55945851946368e-17 -3.10234662805295e-17 -3.45991728705630e-17 5.53760336346902e-01 -1.65335506863266e-17 -3.34759364201366e-17 4.29027056183592e-01 -1.28133537425905e-17 -2.33521535425069e-17 1.05459415082518e-17 -1.30883465641978e-17 -1.02414427820448e-17 4.36019668099678e-01 -2.80336609550867e-17 0.00000000000000e+00 0.00000000000000e+00 0.00000000000000e+00 1.00000000000000e+00 0.00000000000000e+00 0.00000000000000e+00
 5.90950850546858e-18 3.73453130382717e-18 1.05165285376762e-18 -3.05631959101424e-18 1.03914477609376e-01 5.48424126333579e-18 5.51020659494771e-19 1.95765218211854e-18 8.56001222668980e-18 1.69214772455542e-17 1.89410440615978e-17 -1.65094712416842e-17 5.53760336346902e-01 1.81729577697541e-17 -1.27955050699788e-17 4.29027056183592e-01 1.27619816809751e-17 -2.20161491662537e-18 4.36019668099678e-01 5.50769256363206e-18 -1.30633723418446e-17 -6.20549215655761e-18 0.00000000000000e+00 0.00000000000000e+00 0.00000000000000e+00 0.00000000000000e+00 1.00000000000000e+00 -2.54787897262870e-19
 -2.45968532497275e-01 -2.16974011375832e-01 -1.19397624363074e-01 1.01368663267304e-17 -5.54343862726638e-18 -2.70092933399642e-01 -1.35826295141928e-01 -2.75504358845346e-01 -5.44562925486898e-01 -5.01589484013893e-01 -2.86374476738429e-01 1.99630650991834e-17 -1.10271141652411e-17 8.37002422140454e-02 2.93069123613893e-17 -1.59515829063467e-17 -1.91027370116936e-01 2.19472713303192e-17 -5.92681192831426e-18 4.58496030008389e-02 1.10921193912661e-17 3.50376623553610e-17 1.10575534520795e-18 8.51210861618233e-19 0.00000000000000e+00 0.00000000000000e+00 -2.54787897262870e-19 1.00000000000000e+00
En:
 -2.45670832597095e+00 -2.55829882248938e+00 -2.38038431626475e+00 8.48279089791093e-17 -4.85327641013020e-17 -6.65917470992690e-01 -8.62615462249365e-01 -1.17681927664960e+00 -1.71055352713444e+00 -1.98080867341750e+00 -1.76434466343094e+00 7.51559444771698e-17 -6.72209003809978e-10 1.31256855979807e+00 8.60345893101973e-17 -6.29088653199579e-10 1.19686708577226e+00 4.81025614224179e-17 -1.61747149902934e-09 -7.37955522206048e-01 -5.18166487316643e-17 -4.86942049282880e-12 -8.32586905657872e-01 -6.58956433803080e-01 -3.43086333507322e-01 1.80821144887575e-17 7.03857031378904e-10 8.53443301361201e-01
 -2.55829882248938e+00 -2.79757809543294e+00 -2.85795006699290e+00 8.59252065464205e-17 -4.63305004292066e-17 -6.44106597502310e-01 -7.87125628655189e-01 -1.08511885628176e+00 -1.61972958549816e+00 -1.86210338294685e+00 -1.59675584243749e+00 6.37986302188607e-17 -3.56022453878245e-10 1.49683157544351e+00 7.72339105185910e-17 -3.33137530965083e-10 1.45734157408200e+00 4.23547771669715e-17 -8.56546824649240e-10 -1.00935578317625e+00 -6.01728315231503e-17 -2.64345506507857e-12 -6.58956433803080e-01 -5.01079771168562e-01 -2.31078912936328e-01 1.21443724085073e-17 6.38460962684498e-10 7.57193839760916e-01
 -2.38038431626475e+00 -2.85795006699290e+00 -3.53089957597702e+00 7.04439379294109e-17 -3.39482595585634e-17 -4.47825749046913e-01 -4.03402426730152e-01 -5.97255380735644e-01 -1.07557413223876e+00 -1.33323430464568e+00 -1.11036262562020e+00 3.49718780388177e-17 -3.74810994146472e-11 1.46839983174008e+00 4.45773062485293e-17 -3.50574803918294e-11 1.54867386716069e+00 2.22208259752420e-17 -9.01396876584605e-11 -1.41155184474264e+00 -5.50328730776630e-17 -2.97765004180229e-13 -3.43086333507322e-01 -2.31078912936329e-01 -7.06550513629474e-02 3.89854183112825e-18 3.14914721401718e-10 4.30720276982255e-01
 8.48279089791093e-17 8.59252065464205e-17 7.04439379294109e-17 -2.28187112787024e+00 4.93552639109657e-17 2.27089264421105e-17 8.04074042134860e-18 1.86389457716112e-17 5.14647406344910e-17 7.80047503171823e-17 7.48319128602042e-17 -1.24397364486399e+00 2.92695107998112e-17 -7.37027775940207e-17 -1.21809949151779e+00 2.94451163927311e-17 -6.30688269844429e-17 1.15132688726315e-15 -2.91762345673411e-17 2.97842150271300e-17 1.17185676938565e+00 7.11012234414214e-17 1.81384498683490e-17 1.21355725727203e-17 3.86871012472882e-18 -2.52218834076269e-01 -3.24675093990564e-18 -1.92566961941326e-17
 -4.85327641013020e-17 -4.63305004292066e-17 -3.39482595585634e-17 4.93552639109657e-17 -2.28187112787024e+00 -1.22677153336098e-17 -6.18388041820000e-14 -5.74545135403747e-12 -9.52192903303316e-11 -2.21384376923467e-10 -2.02572733741587e-10 2.92738893320672e-17 -1.24397364486197e+00 -3.56712047538810e-10 2.93143045770499e-17 -1.21809949151575e+00 -3.33803425380276e-10 8.68717008890775e-18 1.17185676939089e+00 -4.95525425876918e-10 -2.91585432561746e-17 -1.72916430424060e-14 7.03857031401682e-10 6.38460962668696e-10 3.14914721380893e-10 -3.23782298488860e-18 -2.52218834066934e-01 -1.36088539337360e-09
 -6.65917470992690e-01 -6.44106597502310e-01 -4.47825749046913e-01 2.27089264421105e-17 -1.22677153336098e-17 -2.82310812014562e+00 -1.63697469593872e+00 -2.13818620816197e+00 -2.52301410036481e+00 -1.94218211717671e+00 -1.13121504276379e+00 6.30315506425574e-17 -7.07330559583739e-10 1.81921618381349e-01 1.09300522997036e-16 -6.61817488972359e-10 9.05181476059923e-01 6.13810032936845e-17 -1.70163805549195e-09 -1.53413940289867e-01 -4.40161846981943e-17 -5.31461030158335e-12 -8.53443301361201e-01 -7.57193839760917e-01 -4.30720276982256e-01 1.92748401974105e-17 1.36088539341127e-09 1.11109695278768e+00
 -8.62615462249365e-01 -7.87125628655189e-01 -4.03402426730152e-01 8.04074042134860e-18 -6.18388041820000e-14 -1.63697469593872e+00 -2.27095652172456e+01 -1.62871324740408e+01 -4.14547356682507e+00 -1.42693563558295e+00 -5.75746904486736e-01 2.93537224263915e-18 -1.59257101490507e-18 6.04902770653849e-18 9.26274894502628e-18 -5.05421030861448e-18 1.21332602264827e-17 3.67945689788264e-18 1.34291007510584e-20 -4.59910301056981e-03 1.70974932932118e-21 6.00255682504571e-18 -8.62615462249366e-01 -7.87125628655189e-01 -4.03402426730153e-01 8.01735003758169e-18 -6.18388091824735e-14 1.63697469593871e+00
 -1.17681927664960e+00 -1.08511885628176e+00 -5.97255380735644e-01 1.86389457716112e-17 -5.74545135403747e-12 -2.13818620816197e+00 -1.62871324740408e+01 -1.35895620092573e+01 -5.47573240666670e+00 -2.32135291368981e+00 -1.05547823249718e+00 7.78276371017637e-18 -4.24255882636210e-18 -2.86791326845318e-17 1.98072552938691e-17 -1.06821492842749e-17 5.17726578768368e-17 1.01975619929749e-17 2.65606300531355e-19 -2.68003430151101e-02 5.70794880732951e-21 1.49679839759382e-17 -1.17681927664960e+00 -1.08511885628176e+00 -5.97255380735645e-01 1.85248325511153e-17 -5.74545136412315e-12 2.13818620816198e+00
 -1.71055352713444e+00 -1.61972958549816e+00 -1.07557413223876e+00 5.14647406344910e-17 -9.52192903303316e-11 -2.52301410036481e+00 -4.14547356682507e+00 -5.47573240666670e+00 -5.30703893148931e+00 -3.44495528356447e+00 -1.99613206992181e+00 2.17921762794287e-17 -1.18773683323954e-17 8.57644157361117e-17 3.84070412407208e-17 -2.09170896993681e-17 4.90279722730482e-16 2.51191002015880e-17 -1.62392344159500e-18 -1.29362243584609e-01 8.56723050980636e-20 4.05399012859811e-17 -1.71055352713445e+00 -1.61972958549816e+00 -1.07557413223876e+00 5.15066579826783e-17 -9.52192903564950e-11 2.52301410036481e+00
 -1.98080867341750e+00 -1.86210338294685e+00 -1.33323430464568e+00 7.80047503171823e-17 -2.21384376923467e-10 -1.94218211717671e+00 -1.42693563558295e+00 -2.32135291368981e+00 -3.44495528356447e+00 -3.24460111159435e+00 -2.42833070785773e+00 3.20231379633626e-17 -1.73347380482453e-17 -4.03221395801474e-16 3.86607213954278e-17 -2.11202172179519e-17 -4.15948888255304e-16 2.79608535230205e-17 -5.33994939369115e-19 -1.94650417313813e-01 -2.52724611297861e-20 4.08486047278566e-17 -1.98080867341750e+00 -1.86210338294685e+00 -1.33323430464568e+00 7.81989453390188e-17 -2.21384377190053e-10 1.94218211717671e+00
 -1.76434466343094e+00 -1.59675584243749e+00 -1.11036262562020e+00 7.48319128602042e-17 -2.02572733741587e-10 -1.13121504276379e+00 -5.75746904486736e-01 -1.05547823249718e+00 -1.99613206992181e+00 -2.42833070785773e+00 -2.21713615170384e+00 3.15425931685380e-17 -1.72528996187854e-17 -1.75719207252978e-16 2.88137821330640e-17 -1.56608256611537e-17 4.53164252089721e-17 2.15692381380326e-17 -9.89811662548715e-19 -1.62958710233180e-01 -8.20589268548776e-20 3.37077698187540e-17 -1.76434466343094e+00 -1.59675584243749e+00 -1.11036262562020e+00 7.50332459677474e-17 -2.02572734113109e-10 1.13121504276379e+00
 7.51559444771698e-17 6.37986302188607e-17 3.49718780388177e-17 -1.24397364486399e+00 2.92738893320672e-17 6.30315506425574e-17 2.93537224263915e-18 7.78276371017637e-18 2.17921762794287e-17 3.20231379633626e-17 3.15425931685380e-17 -2.19382407379089e+00 1.76911847351869e-17 -4.75860487061564e-20 -2.35562640182081e+00 1.64786320643573e-17 6.87693826137266e-21 -1.42765796545644e-17 8.31070460021913e-20 -4.04075166790435e-18 0.00000000000000e+00 3.85571159719067e-17 7.52775743512302e-17 6.38053665516816e-17 3.51400898018288e-17 -1.24397364486399e+00 2.92368092502957e-17 -6.29750643878256e-17
 -6.72209003809978e-10 -3.56022453878245e-10 -3.74810994146472e-11 2.92695107998112e-17 -1.24397364486197e+00 -7.07330559583739e-10 -1.59257101490507e-18 -4.24255882636210e-18 -1.18773683323954e-17 -1.73347380482453e-17 -1.72528996187854e-17 1.76911847351869e-17 -2.19382407379089e+00 8.26134512025177e-20 1.65173047899795e-17 -2.35562640182081e+00 -2.43189138918073e-20 3.11448233875725e-18 9.76016850751610e-18 2.26022910927427e-18 7.59692596023935e-20 8.37500660016490e-18 -6.72209004117312e-10 -3.56022453972489e-10 -3.74810995010986e-11 2.92219143172595e-17 -1.24397364486197e+00 7.07330559519139e-10
 1.31256855979807e+00 1.49683157544351e+00 1.46839983174008e+00 -7.37027775940207e-17 -3.56712047538810e-10 1.81921618381349e-01 6.04902770653849e-18 -2.86791326845318e-17 8.57644157361117e-17 -4.03221395801474e-16 -1.75719207252978e-16 -4.75860487061564e-20 8.26134512025177e-20 -2.41424186148187e+00 -5.88702202455394e-21 -2.48306218547694e-19 -2.55907445329813e+00 9.95830364996467e-20 -1.87736381140464e-17 -6.31124022496859e-16 3.46513670326284e-17 -2.11196885328517e-19 -1.31256855979807e+00 -1.49683157544351e+00 -1.46839983174009e+00 7.38761006624062e-17 3.56712047183904e-10 1.81921618381349e-01
 8.60345893101973e-17 7.72339105185910e-17 4.45773062485293e-17 -1.21809949151779e+00 2.93143045770499e-17 1.09300522997036e-16 9.26274894502628e-18 1.98072552938691e-17 3.84070412407208e-17 3.86607213954278e-17 2.88137821330640e-17 -2.35562640182081e+00 1.65173047899795e-17 -5.88702202455394e-21 -3.76411599689083e+00 2.29139942807750e-17 5.50494528907574e-21 -1.84943332214089e-17 5.34950487403502e-20 -5.80388438667560e-18 1.29209126270799e-16 5.04716730178984e-17 8.53873803192944e-17 7.66493262424810e-17 4.45767342638807e-17 -1.21809949151779e+00 2.92499773350672e-17 -1.08428627865100e-16
 -6.29088653199579e-10 -3.33137530965083e-10 -3.50574803918294e-11 2.94451163927311e-17 -1.21809949151575e+00 -6.61817488972359e-10 -5.05421030861448e-18 -1.06821492842749e-17 -2.09170896993681e-17 -2.11202172179519e-17 -1.56608256611537e-17 1.64786320643573e-17 -2.35562640182081e+00 -2.48306218547694e-19 2.29139942807750e-17 -3.76411599689083e+00 -7.10327857149770e-19 4.09903692038559e-18 1.40955410477235e-16 3.31559599724120e-18 6.01851946968220e-20 1.08579825550497e-17 -6.29088652610670e-10 -3.33137530788278e-10 -3.50574803694582e-11 2.92977909153164e-17 -1.21809949151575e+00 6.61817488412632e-10
 1.19686708577226e+00 1.45734157408200e+00 1.54867386716069e+00 -6.30688269844429e-17 -3.33803425380276e-10 9.05181476059923e-01 1.21332602264827e-17 5.17726578768368e-17 4.90279722730482e-16 -4.15948888255304e-16 4.53164252089721e-17 6.87693826137266e-21 -2.43189138918073e-20 -2.55907445329813e+00 5.50494528907574e-21 -7.10327857149770e-19 -3.99695231385328e+00 6.22423391366881e-20 -4.74371783867220e-17 1.62761288365532e-16 4.42544517419784e-17 -2.82797113888321e-19 -1.19686708577226e+00 -1.45734157408200e+00 -1.54867386716069e+00 6.32474214386992e-17 3.33803425013814e-10 9.05181476059922e-01
 4.81025614224179e-17 4.23547771669715e-17 2.22208259752420e-17 1.15132688726315e-15 8.68717008890775e-18 6.13810032936845e-17 3.67945689788264e-18 1.01975619929749e-17 2.51191002015880e-17 2.79608535230205e-17 2.15692381380326e-17 -1.42765796545644e-17 3.11448233875725e-18 9.95830364996467e-20 -1.84943332214089e-17 4.09903692038559e-18 6.22423391366881e-20 -3.25527917781206e+00 -1.12720582431048e-19 -1.04580520952384e-17 1.32659181527619e-19 -1.00914285954454e-17 4.81689477002102e-17 4.22417120239005e-17 2.22340391141892e-17 1.15131938546649e-15 8.54648437835659e-18 -6.09060248108437e-17
 -1.61747149902934e-09 -8.56546824649240e-10 -9.01396876584605e-11 -2.91762345673411e-17 1.17185676939089e+00 -1.70163805549195e-09 1.34291007510584e-20 2.65606300531355e-19 -1.62392344159500e-18 -5.33994939369115e-19 -9.89811662548715e-19 8.31070460021913e-20 9.76016850751610e-18 -1.87736381140464e-17 5.34950487403502e-20 1.40955410477235e-16 -4.74371783867220e-17 -1.12720582431048e-19 -3.37733379773059e+00 4.90041761846415e-19 2.52292298967438e-17 1.07297924590253e-19 1.61747149900345e-09 8.56546824457101e-10 9.01396873588245e-11 2.94341582880898e-17 -1.17185676939089e+00 -1.70163805560307e-09
 -7.37955522206048e-01 -1.00935578317625e+00 -1.41155184474264e+00 2.97842150271300e-17 -4.95525425876918e-10 -1.53413940289867e-01 -4.59910301056981e-03 -2.68003430151101e-02 -1.29362243584609e-01 -1.94650417313813e-01 -1.62958710233180e-01 -4.04075166790435e-18 2.26022910927427e-18 -6.31124022496859e-16 -5.80388438667560e-18 3.31559599724120e-18 1.62761288365532e-16 -1.04580520952384e-17 4.90041761846415e-19 -3.58138051170413e+00 7.82767970782258e-20 -1.73481742838445e-17 -7.37955522206048e-01 -1.00935578317624e+00 -1.41155184474264e+00 3.03981207223170e-17 -4.95525426657155e-10 1.53413940289867e-01
 -5.18166487316643e-17 -6.01728315231503e-17 -5.50328730776630e-17 1.17185676938565e+00 -2.91585432561746e-17 -4.40161846981943e-17 1.70974932932118e-21 5.70794880732951e-21 8.56723050980636e-20 -2.52724611297861e-20 -8.20589268548776e-20 0.00000000000000e+00 7.59692596023935e-20 3.46513670326284e-17 1.29209126270799e-16 6.01851946968220e-20 4.42544517419784e-17 1.32659181527619e-19 2.52292298967438e-17 7.82767970782258e-20 -3.37733379773059e+00 -1.95147385069137e-20 5.16006719420393e-17 6.00341515364733e-17 5.52366206069421e-17 -1.17185676938565e+00 2.93716078009834e-17 -4.35439947180039e-17
 -4.86942049282880e-12 -2.64345506507857e-12 -2.97765004180229e-13 7.11012234414214e-17 -1.72916430424060e-14 -5.31461030158335e-12 6.00255682504571e-18 1.49679839759382e-17 4.05399012859811e-17 4.08486047278566e-17 3.37077698187540e-17 3.85571159719067e-17 8.37500660016490e-18 -2.11196885328517e-19 5.04716730178984e-17 1.08579825550497e-17 -2.82797113888321e-19 -1.00914285954454e-17 1.07297924590253e-19 -1.73481742838445e-17 -1.95147385069137e-20 -3.25527917781205e+00 -4.86942045080422e-12 -2.64345517857471e-12 -2.97765125914466e-13 7.07287925285475e-17 -1.72917488213238e-14 5.31461025069269e-12
 -8.32586905657872e-01 -6.58956433803080e-01 -3.43086333507322e-01 1.81384498683490e-17 7.03857031401682e-10 -8.53443301361201e-01 -8.62615462249366e-01 -1.17681927664960e+00 -1.71055352713445e+00 -1.98080867341750e+00 -1.76434466343094e+00 7.52775743512302e-17 -6.72209004117312e-10 -1.31256855979807e+00 8.53873803192944e-17 -6.29088652610670e-10 -1.19686708577226e+00 4.81689477002102e-17 1.61747149900345e-09 -7.37955522206048e-01 5.16006719420393e-17 -4.86942045080422e-12 -2.45670832597095e+00 -2.55829882248938e+00 -2.38038431626475e+00 8.53975834203932e-17 -4.87229126924887e-17 6.65917470992690e-01
 -6.58956433803080e-01 -5.01079771168562e-01 -2.31078912936329e-01 1.21355725727203e-17 6.38460962668696e-10 -7.57193839760917e-01 -7.87125628655189e-01 -1.08511885628176e+00 -1.61972958549816e+00 -1.86210338294685e+00 -1.59675584243749e+00 6.38053665516816e-17 -3.56022453972489e-10 -1.49683157544351e+00 7.66493262424810e-17 -3.33137530788278e-10 -1.45734157408200e+00 4.22417120239005e-17 8.56546824457101e-10 -1.00935578317624e+00 6.00341515364733e-17 -2.64345517857471e-12 -2.55829882248938e+00 -2.79757809543294e+00 -2.85795006699290e+00 8.64324451315593e-17 -4.72132010680292e-17 6.44106597502311e-01
 -3.43086333507322e-01 -2.31078912936328e-01 -7.06550513629474e-02 3.86871012472882e-18 3.14914721380893e-10 -4.30720276982256e-01 -4.03402426730153e-01 -5.97255380735645e-01 -1.07557413223876e+00 -1.33323430464568e+00 -1.11036262562020e+00 3.51400898018288e-17 -3.74810995010986e-11 -1.46839983174009e+00 4.45767342638807e-17 -3.50574803694582e-11 -1.54867386716069e+00 2.22340391141892e-17 9.01396873588245e-11 -1.41155184474264e+00 5.52366206069421e-17 -2.97765125914466e-13 -2.38038431626475e+00 -2.85795006699290e+00 -3.53089957597702e+00 7.09858302701194e-17 -3.50817592651353e-17 4.47825749046913e-01
 1.80821144887575e-17 1.21443724085073e-17 3.89854183112825e-18 -2.52218834076269e-01 -3.23782298488860e-18 1.92748401974105e-17 8.01735003758169e-18 1.85248325511153e-17 5.15066579826783e-17 7.81989453390188e-17 7.50332459677474e-17 -1.24397364486399e+00 2.92219143172595e-17 7.38761006624062e-17 -1.21809949151779e+00 2.92977909153164e-17 6.32474214386992e-17 1.15131938546649e-15 2.94341582880898e-17 3.03981207223170e-17 -1.17185676938565e+00 7.07287925285475e-17 8.53975834203932e-17 8.64324451315593e-17 7.09858302701194e-17 -2.28187112787024e+00 4.95928928123161e-17 -2.27602211379864e-17
 7.03857031378904e-10 6.38460962684498e-10 3.14914721401718e-10 -3.24675093990564e-18 -2.52218834066934e-01 1.36088539341127e-09 -6.18388091824735e-14 -5.74545136412315e-12 -9.52192903564950e-11 -2.21384377190053e-10 -2.02572734113109e-10 2.92368092502957e-17 -1.24397364486197e+00 3.56712047183904e-10 2.92499773350672e-17 -1.21809949151575e+00 3.33803425013814e-10 8.54648437835659e-18 -1.17185676939089e+00 -4.95525426657155e-10 2.93716078009834e-17 -1.72917488213238e-14 -4.87229126924887e-17 -4.72132010680292e-17 -3.50817592651353e-17 4.95928928123161e-17 -2.28187112787024e+00 1.22394816709570e-17
 8.53443301361201e-01 7.57193839760916e-01 4.30720276982255e-01 -1.92566961941326e-17 -1.36088539337360e-09 1.11109695278768e+00 1.63697469593871e+00 2.13818620816198e+00 2.52301410036481e+00 1.94218211717671e+00 1.13121504276379e+00 -6.29750643878256e-17 7.07330559519139e-10 1.81921618381349e-01 -1.08428627865100e-16 6.61817488412632e-10 9.05181476059922e-01 -6.09060248108437e-17 -1.70163805560307e-09 1.53413940289867e-01 -4.35439947180039e-17 5.31461025069269e-12 6.65917470992690e-01 6.44106597502311e-01 4.47825749046913e-01 -2.27602211379864e-17 1.22394816709570e-17 -2.82310812014562e+00
T:
 2.38050000000001e-01 3.07733416483654e-01 4.24373116385716e-01 -0.00000000000000e+00 -0.00000000000000e+00 -1.38219418150993e-19 5.43937445417992e-03 1.58358911369553e-02 6.15919025200548e-02 9.55564726300294e-02 7.52443540940989e-02 -1.32532000467289e-18 7.19823781363498e-19 -1.50636644683050e-01 -2.21751132867682e-18 1.19410832640141e-18 -1.50994733492189e-01 -9.91920983987412e-19 -2.74909000062229e-18 1.61503448737681e-01 5.05543468987537e-18 -1.59143733245566e-18 8.12566084899004e-03 1.71059128808642e-03 -4.44204296040060e-03 4.66502830101751e-19 -2.50614742185545e-19 -2.29208547376345e-02
 3.07733416483654e-01 4.23200000000001e-01 6.52157136459652e-01 -0.00000000000000e+00 -8.51210861618233e-19 -4.25605430809117e-19 6.45432770030165e-06 6.99997982664219e-03 5.73624372925163e-02 9.85947281029010e-02 7.34331525973345e-02 1.88882199611020e-20 -2.61567348338848e-20 -1.82034275381476e-01 -9.73592249533305e-19 5.10972986226210e-19 -1.95117052172077e-01 2.02826813323304e-19 -2.87410086293714e-18 2.44491424942215e-01 5.34723079502050e-18 3.00637021269488e-19 1.71059128808699e-03 -4.53558435111256e-03 -8.55296849711781e-03 8.74328143762074e-19 -4.72906778510410e-19 -1.40515506553499e-02
 4.24373116385716e-01 6.52157136459652e-01 1.24820000000000e+00 -0.00000000000000e+00 -9.57879878452662e-19 -0.00000000000000e+00 -1.70949615660807e-02 -2.64758238561077e-02 1.45873425205028e-02 7.49685496014419e-02 5.55536723458055e-02 3.16740486391328e-18 -1.71467290540396e-18 -1.84728106276319e-01 3.06384108210864e-18 -1.68871820438293e-18 -2.08224955301302e-01 3.21619544684751e-18 -4.64075166617458e-19 3.73624454501497e-01 7.91263730966595e-19 5.08615766868345e-18 -4.44204296040064e-03 -8.55296849711790e-03 -8.13160046617240e-03 9.62331988093261e-19 -5.16863019543650e-19 5.41745933926616e-03
 -0.00000000000000e+00 -0.00000000000000e+00 -0.00000000000000e+00 7.81250000000001e-01 -0.00000000000000e+00 -0.00000000000000e+00 -3.92047564231063e-19 -1.89481849073370e-18 -1.03410663396817e-17 -1.88672823761052e-17 -1.70897198488972e-17 1.70796226530851e-01 -5.08892496139603e-18 2.69587846802721e-17 1.85232157679836e-01 -5.51688811258562e-18 2.49236734643781e-17 3.28915491370169e-18 1.04772278594389e-17 -2.48846770271030e-17 -3.53533509874257e-01 -8.96294448350269e-18 -3.59692109732554e-18 -1.96725843391395e-18 -1.86983895875667e-19 7.19285666659156e-03 -2.13105804369651e-19 4.45464551562526e-18
 -0.00000000000000e+00 -8.51210861618233e-19 -9.57879878452662e-19 -0.00000000000000e+00 7.81250000000001e-01 2.81789431493817e-19 2.13797876201593e-19 1.00864460292318e-18 5.59952340556760e-18 1.03722920882924e-17 9.28359687462500e-18 -5.10654334274997e-18 1.70796226530851e-01 -1.47022497190557e-17 -5.51659207187964e-18 1.85232157679836e-01 -1.34605476412294e-17 -6.95528508875072e-19 -3.53533509874257e-01 1.34590680460457e-17 1.04813017812433e-17 -1.96142877436711e-18 1.96248682782693e-18 1.06889644554270e-18 1.04348149536283e-19 -2.10836090721707e-19 7.19285666659156e-03 -2.45335604075862e-18
 -1.38219418150993e-19 -4.25605430809117e-19 -0.00000000000000e+00 -0.00000000000000e+00 2.81789431493817e-19 7.81250000000001e-01 4.81141968636765e-02 1.14332976045452e-01 2.57735617424815e-01 1.86807624047859e-01 6.58975367690430e-02 -4.06391915713700e-18 2.16765093728119e-18 -1.04838072155044e-01 -9.37482852195105e-18 5.00369458287372e-18 -3.11240766350859e-01 -5.49697619795570e-18 -7.53577813915192e-18 1.93602595393818e-01 1.41587641221661e-17 -8.79661749363706e-18 2.29208547376345e-02 1.40515506553501e-02 -5.41745933926610e-03 4.84658383316371e-19 -2.55694882137640e-19 -7.05654983112877e-02
 5.43937445417992e-03 6.45432770030165e-06 -1.70949615660807e-02 -3.92047564231063e-19 2.13797876201593e-19 4.81141968636765e-02 1.49058000000000e+01 7.79055092174894e+00 -3.46352796461874e-01 -4.01126764466698e-01 -2.22353374980054e-01 -0.00000000000000e+00 -1.00817128442308e-18 -0.00000000000000e+00 -0.00000000000000e+00 -0.00000000000000e+00 3.03331505662067e-19 -0.00000000000000e+00 1.65780504231177e-19 -2.04856817919312e-18 -0.00000000000000e+00 -8.54218428215018e-19 5.43937445416875e-03 6.45432769095406e-06 -1.70949615660840e-02 4.86872668691241e-18 -2.68596341262740e-18 -4.81141968636547e-02
 1.58358911369553e-02 6.99997982664219e-03 -2.64758238561077e-02 -1.89481849073370e-18 1.00864460292318e-18 1.14332976045452e-01 7.79055092174894e+00 5.05620000000002e+00 4.53153257090926e-01 -1.35172315838054e-01 -1.47413732117827e-01 -0.00000000000000e+00 -0.00000000000000e+00 -2.24055724097904e-19 -0.00000000000000e+00 8.08947779325575e-19 2.35943102303293e-19 -0.00000000000000e+00 -1.23399271045400e-19 -4.50051919819201e-19 -0.00000000000000e+00 3.11697937913853e-19 1.58358911369552e-02 6.99997982664061e-03 -2.64758238561078e-02 5.62524600715392e-18 -3.03293209659621e-18 -1.14332976045449e-01
 6.15919025200548e-02 5.73624372925163e-02 1.45873425205028e-02 -1.03410663396817e-17 5.59952340556760e-18 2.57735617424815e-01 -3.46352796461874e-01 4.53153257090926e-01 8.21400000000003e-01 2.95165956813421e-01 6.01687801757280e-02 -0.00000000000000e+00 -0.00000000000000e+00 2.51262936726890e-19 -0.00000000000000e+00 -1.61276224582395e-18 -0.00000000000000e+00 -0.00000000000000e+00 1.88867385187472e-19 6.29334297299264e-19 -0.00000000000000e+00 2.06729437705644e-19 6.15919025200588e-02 5.73624372925176e-02 1.45873425205027e-02 2.24204328605931e-18 -1.33770986860100e-18 -2.57735617424816e-01
 9.55564726300294e-02 9.85947281029010e-02 7.49685496014419e-02 -1.88672823761052e-17 1.03722920882924e-17 1.86807624047859e-01 -4.01126764466698e-01 -1.35172315838054e-01 2.95165956813421e-01 2.48066666666667e-01 1.25848877580605e-01 -0.00000000000000e+00 -6.00031838990289e-19 -0.00000000000000e+00 -0.00000000000000e+00 -0.00000000000000e+00 -1.80533371638587e-19 -0.00000000000000e+00 3.30030725686698e-20 1.12357068913201e-18 -0.00000000000000e+00 3.89055096424190e-19 9.55564726300458e-02 9.85947281029036e-02 7.49685496014406e-02 -3.51387616185318e-18 1.90949867336472e-18 -1.86807624047856e-01
