pVp:
 -3.17136819228228e+03 -1.63961931435586e+03 9.26847533581779e+01 4.33513312331686e+01 2.31577883879559e-02 7.86002929390771e-02 8.30826158417580e-02 2.53135575568450e-02 8.59171164913397e-02 9.08167650948672e-02 3.44234270034091e-03 1.34159452265946e-02 5.50153124553826e-03 5.99639050462150e-03 -5.54169755006633e-03 -2.54866231423782e-01 2.82702264018627e-01 7.90683700630851e-01 -2.17580335248393e+00 3.49827111622689e-02 -2.40143244217282e-01 3.02317833217903e-01 7.76899834161377e-01 1.11883246541189e+00 -1.84330207065330e+00 -2.40175336176814e-01 3.02274521191180e-01 -2.29148933630193e+00 3.40656267347279e-02 3.56299340088612e-02 2.76989338159494e-05 1.97665098783473e-03 3.79723769356049e-01 6.21230783247841e-02 -1.89695053051831e-01 -2.65744751215223e-01 -4.63200951065886e-01 1.74654032894572e-01 2.55893988575794e-01 4.32923768027681e-01 6.15613345543633e-02 1.47881979843284e-01 1.16928024356901e-01 1.10972517251126e-01 -1.79058106886526e-02 6.02405160271727e-02 7.47506340503334e-02 -9.11851508811896e-03 -1.12283549480652e-02 -1.36054597317456e-01 6.02402953746709e-02 7.47504868366864e-02 -1.02751838881437e-01 -4.41094107683279e-02 -7.88440513502884e-02 0.00000000000000e+00 2.28189773924486e-07 2.74381584225028e-02 7.07267442581181e-02 2.64183969486775e-06 -2.43394006038062e-02 -1.39845583879646e-02 7.90842123480006e-04 -4.79247565842059e-02 -2.62498897103183e-02 -5.90538369117597e-05 6.93040503225898e-02 -1.18904264781750e-02 -3.07414667538201e-05 -6.03745355354308e-02 3.53630853252200e-02 2.06533772713758e-02 3.10816906493364e-02 -6.20962430455277e-02 -3.53082223102394e-02 3.53502560313736e-02 2.06373637622732e-02 -1.01540955229559e-02 -7.65327836707947e-02 -1.01251868260206e-02 0.00000000000000e+00 0.00000000000000e+00 3.25773398420036e-04 6.92797571515933e-03 -2.50430662491620e-05 -1.41462970505299e-04 -1.22344647418117e-04 -2.92938223522257e-03 -1.66886338989514e-02 -1.43923697865713e-02 2.02671496092980e-04 9.90280716463939e-04 1.53515560559365e-04 1.75275919421236e-04 -5.54621404701010e-04 6.22910255479250e-03 7.70678075904204e-04 -2.48670098778904e-03 -4.53948631440870e-03 -3.92648381119367e-03 6.23051554426472e-03 7.70995817236960e-04 -2.36865441226976e-04 -3.75104841317584e-03 -5.30190432494255e-03 0.00000000000000e+00 0.00000000000000e+00 6.11684277855069e-06 6.93412934426836e-04 0.00000000000000e+00 -1.89466936431014e-06 -1.09088922112133e-06 5.25205383623280e-06 -3.95696819974015e-03 -2.26641092349405e-03 0.00000000000000e+00 1.40481367560573e-05 -2.37475033158874e-06 0.00000000000000e+00 -1.22008397598840e-05 1.63150606614607e-03 7.37897560248479e-05 1.83894517892729e-04 -7.45330965033307e-04 -4.27786175908374e-04 5.50914241412939e-04 1.11617223433797e-05 -1.00350191036693e-05 -1.36770647399737e-04 -9.50773461762796e-05 1.63117451643421e-03 7.37631678904687e-05 -6.13616267341834e-05 -8.31155377773172e-04 -2.77973335062974e-04
 -1.63961931435586e+03 -9.42201618421796e+02 4.27451293808970e+01 2.61734319770682e+01 -5.71101761104422e-02 -1.93793011953609e-01 -2.04866499952826e-01 2.44638163137292e-02 8.30645686213105e-02 8.77863213935447e-02 1.93833506822957e-03 7.60451136089922e-03 3.08954794091377e-03 3.37682855994538e-03 -3.16399063527009e-03 -4.13766220271769e-01 3.11263368427084e-01 1.17457022442548e+00 -3.22836012092022e+00 5.41717462788687e-02 -3.89906885225163e-01 3.43853949963983e-01 1.15656699346801e+00 1.66818208408405e+00 -2.73936420109401e+00 -3.89960394390175e-01 3.43779236713973e-01 -3.40864940035340e+00 5.42332656906835e-02 5.61569177702500e-02 2.05460731510870e-03 1.07015699649698e-02 5.53759685156381e-01 7.58797988469340e-02 -2.72356958721562e-01 -3.78769955832326e-01 -6.63450346599706e-01 2.60697593082017e-01 3.85523113188909e-01 6.48252315126498e-01 2.92028841962738e-02 6.60054220365871e-02 6.14617573602208e-02 5.95247814404614e-02 -2.78560122176045e-03 9.02596728015127e-02 1.14068240597639e-01 -1.21257889849016e-02 -1.35366910753254e-02 -1.94257162593693e-01 9.02592354229695e-02 1.14067938490496e-01 -1.48179154496162e-01 -6.13146629894027e-02 -1.11127230291711e-01 2.43934658370451e-07 2.85672673403273e-06 4.39776966773695e-02 1.06111265987391e-01 7.72100960952222e-05 -3.99823840596824e-02 -2.28532290181156e-02 1.82998483046363e-03 -7.08629690256937e-02 -3.77329022578613e-02 -4.62317125372744e-04 1.06399231454163e-01 -1.87272847930434e-02 -2.15625316201739e-04 -9.32054530865953e-02 5.32419833598182e-02 3.18266390683205e-02 4.67665008269278e-02 -9.23630553555849e-02 -5.21368252895586e-02 5.32232831127873e-02 3.18023615391334e-02 -1.49726646603156e-02 -1.13980447919074e-01 -1.44336178738215e-02 0.00000000000000e+00 0.00000000000000e+00 5.45966829099464e-04 1.06839156058129e-02 -4.32871566237345e-05 -2.45964249662404e-04 -2.12304800511165e-04 -4.42258835672690e-03 -2.54001454786229e-02 -2.18464768131128e-02 3.38061207770528e-04 1.65823935405644e-03 2.54709135672330e-04 2.92013378545287e-04 -9.30814264813572e-04 9.52049990777991e-03 1.21298275840993e-03 -3.84641133206128e-03 -7.01205417254853e-03 -6.05345833252390e-03 9.52262147578292e-03 1.21347700440164e-03 -3.54535700870176e-04 -5.78830937222010e-03 -8.18812398959715e-03 0.00000000000000e+00 0.00000000000000e+00 1.03643474813555e-05 1.07495100099263e-03 0.00000000000000e+00 -3.33990200986811e-06 -1.91812330838054e-06 1.61485940154311e-05 -6.03740660459018e-03 -3.44470494940227e-03 0.00000000000000e+00 2.40598343658484e-05 -4.11615213279693e-06 0.00000000000000e+00 -2.09481669597053e-05 2.48235994961016e-03 1.15881310900150e-04 2.86245901060927e-04 -1.15317090262065e-03 -6.60155752508497e-04 8.41979638374680e-04 1.76325229399325e-05 -1.54959763438137e-05 -2.13291866770105e-04 -1.48020756399127e-04 2.48186537811866e-03 1.15840076225463e-04 -9.41212104344760e-05 -1.28628276425289e-03 -4.27815539484769e-04
 9.26847533581779e+01 4.27451293808970e+01 -1.77465632491145e+01 -7.85356836107992e+00 -2.62543759708992e-01 -8.77948906210055e-01 -9.34358780925678e-01 -9.52874696430595e-02 -3.17964272695200e-01 -3.38725845660189e-01 -7.54504424539431e-02 -2.77376477649353e-01 -1.23327174504758e-01 -1.31308398577431e-01 1.06995537760077e-01 -2.06719384296403e+00 -1.73516071258068e+00 2.32414425965268e+00 -6.69922069379002e+00 -7.22409572230214e-02 -2.09590934817678e+00 -1.78974068129513e+00 2.38008813640008e+00 3.31420567651899e+00 -5.96058363970875e+00 -2.09583612340397e+00 -1.78959432573757e+00 -7.22217035048171e+00 -8.06769336196520e-02 -8.01642539963291e-02 3.83725948515866e-01 5.56782673628295e-01 3.50805200682786e-01 -6.43084679948860e-01 4.23086069045741e-01 5.97808721759692e-01 1.03603426783166e+00 1.16788735771018e+00 1.66563480215816e+00 2.86874822694161e+00 -1.12935872786509e+00 -2.74653121510336e+00 -2.11552508461152e+00 -2.00480738823926e+00 3.67184538452156e-01 2.08970040841387e-01 4.57346376866434e-01 6.31088357276069e-02 1.14367693123638e-01 1.60049522612961e-01 2.08967567086583e-01 4.57343322561828e-01 5.57826282398791e-02 1.11786760269107e-01 1.64529839339440e-01 2.87737652455519e-02 4.64156416739450e-02 3.45671298197475e-01 3.48508144132782e-01 1.31045686020839e-02 -2.75378300010862e-01 -1.36823223863777e-01 3.33324892663255e-02 6.56330351580763e-02 9.22710142078608e-02 -3.58428906542747e-02 1.49461979960598e-01 -6.11632013655571e-02 -3.37604286084509e-03 -1.75795116244380e-01 2.01088910004091e-01 2.01075405017761e-01 1.43843555588810e-01 -2.19070840640838e-01 -1.07034826446198e-01 2.01069660290181e-01 2.00978258165690e-01 -3.30487340024503e-02 -2.81204914641378e-01 9.32648130761153e-04 3.41360099195083e-04 5.77194568032164e-04 1.82171367410910e-02 8.00142299937954e-02 -2.42007725034352e-03 -1.23841998533094e-02 -1.10842412764842e-02 -1.95386234227712e-02 -1.26025513171319e-01 -1.04465720120017e-01 7.06330893136487e-03 3.51951478322666e-02 5.78777510507817e-03 6.82447589514365e-03 -1.97020541446168e-02 5.71944734460065e-02 1.51741415571273e-02 -3.06623440699969e-02 -5.28782013688391e-02 -4.41046892297060e-02 5.72027303380711e-02 1.51785302316645e-02 -8.51293236598104e-04 -4.24223438506486e-02 -6.23170308645996e-02 6.11684238530968e-06 1.03643468213177e-05 7.35243797760451e-04 1.03336883733094e-02 9.72922061662732e-06 -5.08725374440496e-04 -2.76564027696671e-04 7.70425547659000e-04 -3.74989440141990e-02 -2.02992346899505e-02 -4.54153696619153e-05 1.48258261731191e-03 -3.04302658816983e-04 -1.31916806000298e-05 -1.35000941675508e-03 1.51245766590211e-02 1.64264608693103e-03 2.98249638803170e-03 -1.05523316709721e-02 -5.84388804905235e-03 5.57294423892266e-03 2.92903913364229e-04 -1.55068771694523e-04 -2.38597951350127e-03 -1.62597099971313e-03 1.51222859317661e-02 1.64217542227035e-03 -8.22679652373847e-04 -1.18852295140373e-02 -3.52011270068378e-03
 4.33513312331686e+01 2.61734319770682e+01 -7.85356836107992e+00 -5.65699867054408e+00 -1.46262873204587e-01 -4.84847092707090e-01 -5.18082880636887e-01 -1.13951354455586e-01 -4.07497000714494e-01 -4.20739332037363e-01 -7.17014837701177e-02 -2.65241296642467e-01 -1.16891124568783e-01 -1.24747971997248e-01 1.03122798656188e-01 -2.08152590545951e+00 -1.99955561304024e+00 1.30927850097219e+00 -3.97048292286996e+00 -1.54017432394875e-01 -2.15987694814968e+00 -2.10769756330137e+00 1.36644816906570e+00 1.80230446822814e+00 -3.63337914298883e+00 -2.15967113271014e+00 -2.10739996187843e+00 -4.27154088562636e+00 -1.90961817815137e-01 -1.80477928530729e-01 3.96443974215229e-02 3.36414759353295e-02 -7.58964690229591e-01 -1.20926497668204e+00 8.47821834117070e-01 1.08523609153325e+00 2.01131367117867e+00 1.18880574905793e+00 1.56527434780475e+00 2.84528602162798e+00 -7.22367774138871e-01 -1.77545345808461e+00 -1.42951300566779e+00 -1.38585185872394e+00 2.19500266841708e-01 -6.91427458112105e-02 2.32915957803742e-01 1.23752878293774e-01 1.66310288520397e-01 9.63631218061895e-01 -6.91411153339923e-02 2.32917508376377e-01 6.67126918031746e-01 3.57121793048529e-01 6.31620957637421e-01 7.12141681292449e-02 1.06714989587054e-01 3.36954977522681e-01 1.88250354592142e-01 1.84118563199836e-02 1.55220633672565e-02 3.90521792493089e-02 3.67856799615527e-02 6.15539044236276e-01 4.13973902952630e-01 -3.98169175122082e-02 -2.79642282429698e-01 1.30108710589755e-02 2.74680072460315e-03 1.94424049443705e-01 1.55815702429714e-01 2.42576462545361e-01 1.19469798312478e-02 8.31280458534545e-02 6.96988401561988e-02 1.55895604298882e-01 2.42560032671126e-01 1.38343219339445e-02 8.34841006381092e-02 6.84848765018089e-02 7.17113676684022e-03 1.11371514802179e-02 8.15886573955804e-02 1.63846114099824e-01 -9.27774248057368e-03 -3.83776545737180e-02 -3.72633040715848e-02 -2.44075481466751e-02 -1.35681994092615e-01 -1.18004895908762e-01 1.39941806404198e-02 6.18447830002273e-02 1.54412527639990e-02 1.69350245843097e-02 -3.11315879353309e-02 1.10748621530742e-01 5.45583416941317e-02 -6.18473116563975e-02 -9.10371766320803e-02 -7.79960629169248e-02 1.10757744578076e-01 5.45686834303416e-02 -9.47176946577025e-05 -6.93655889415288e-02 -1.15703269494841e-01 6.93412868076902e-04 1.07495091460442e-03 1.03336880768157e-02 3.75283851531944e-02 3.46865090436509e-04 -6.66315913634020e-03 -3.26299412781793e-03 2.41585382487538e-03 -7.83440563589429e-02 -4.10905932906902e-02 -1.00860237730465e-03 9.11807864045125e-03 -2.57321537977794e-03 -1.17902304393266e-04 -9.22445718896083e-03 3.79456233436755e-02 1.05351429984386e-02 1.11002460366693e-02 -3.35323033293461e-02 -1.82003922452630e-02 1.61451448456723e-02 2.93524079747990e-03 -7.89900975068119e-04 -1.12066965595749e-02 -7.73801187827571e-03 3.79411193158872e-02 1.05329359401942e-02 -2.85917224978234e-03 -3.84263725850273e-02 -9.67721263480700e-03
 2.31577883879559e-02 -5.71101761104422e-02 -2.62543759708992e-01 -1.46262873204587e-01 -9.03085138840342e+01 -4.05661131937327e-02 -7.06155235139323e-02 -2.23638869087159e+01 -1.54652469733481e-02 -2.68936407023615e-02 -1.30329948655443e+00 -2.93627942635996e-02 1.62007755335649e-01 -1.38369749212559e+00 -3.15477733568620e-01 -1.41815443101302e+00 -1.92481827363397e+00 -3.70079190552906e+00 -5.03523263445255e+00 -3.92061254227026e-02 -1.43539772106105e+00 -1.96081021826757e+00 -3.73725174778021e+00 2.49493787487770e+00 -4.43779152231883e+00 4.13552323340683e+00 5.77640201980721e+00 1.01979032039267e+01 1.20087079995533e-01 1.18199515385114e-01 1.89727820335038e-01 2.69160951358288e-01 -4.05091141051128e-01 -7.70226413881424e-01 1.80997714111796e-01 6.65486086673941e-01 1.16322166847929e+00 -9.99409150563085e-01 1.06907125414341e+00 1.85825441174403e+00 2.38256143599925e-01 -2.88111887320364e+00 -2.77541964978201e+00 4.05993855243178e-01 1.41385425815517e+00 1.08812080152778e-04 4.06250744847010e-02 -1.12444529415744e-01 3.73686106944655e-02 8.00445377821963e-02 -2.46789830977257e-01 1.21838138142194e-01 6.31107595291652e-01 3.89044762810163e-01 6.65183400012307e-01 7.09354266234961e-05 1.95602545629313e-04 1.36209902100842e-02 2.02565151042828e-02 5.87448044294099e-02 -1.47999542957612e-02 -2.86260189591755e-03 -1.09152959221791e-01 -1.88268068348252e-02 6.78527918108327e-03 -9.49682567699057e-02 4.19135525302307e-03 -1.37472775653112e-02 -4.49390388262920e-02 -1.78621004091910e-02 3.07660541176964e-02 -4.18702387886619e-02 4.45257213161846e-02 -4.47522347517718e-02 -2.35524196917630e-02 -8.84353580330435e-04 2.02142080160190e-02 2.34785126635333e-02 3.35525554960518e-03 8.47439530663387e-03 2.61918881331766e-05 4.56130996116795e-05 2.37520660092060e-03 9.07257941929881e-03 8.43580672012823e-04 -1.81200079812475e-03 -1.49444523821303e-03 6.13311807131150e-03 -1.06365315976932e-02 -6.48302367858477e-03 -3.24122727012266e-03 5.96962493076778e-03 1.01981993562865e-03 -2.81152336061345e-03 -4.42686201987437e-03 7.23863251897204e-03 4.33887182425591e-03 -2.72365686304291e-03 -1.43117811609056e-02 -1.14455722797840e-02 4.01053540805377e-03 1.08823627347108e-03 5.60385347790349e-03 -3.61782167802447e-03 -4.82790809816723e-03 0.00000000000000e+00 0.00000000000000e+00 1.07243445006560e-05 3.59749992290157e-04 2.24181246433654e-05 -6.03382580828175e-06 -2.42898974582841e-06 2.07503134520780e-03 -1.75896856809237e-03 -6.75525964539587e-04 -1.43264704961578e-04 2.03538205850556e-05 -9.38964861874817e-06 -7.95184410199439e-05 -2.33715755948602e-05 -1.60017617649640e-04 -1.78554266034826e-04 4.67441875253745e-04 1.02686048766096e-03 6.22353772275655e-04 3.50005118495209e-04 1.97024822017410e-05 1.28401928491805e-04 -1.81305339845228e-04 -1.12857246206697e-04 8.02868122379859e-04 1.09921505247512e-04 6.63884026324387e-04 -8.59389871819480e-04 -2.20233275771840e-04
 7.86002929390771e-02 -1.93793011953609e-01 -8.77948906210055e-01 -4.84847092707090e-01 -4.05661131937327e-02 -9.04270207568174e+01 -1.51123750344176e-01 -1.54652481016648e-02 -2.24065977895167e+01 -5.61852455832333e-02 -4.35359095002302e-01 -1.42464635027944e+00 6.69502677431681e-01 -2.93627930103424e-02 1.28742910444563e+00 3.74914573484441e+00 5.28229080777344e+00 -4.73847345039581e+00 8.11496199300865e+00 9.73971185448678e-02 -2.11090085583499e+00 -2.82290794332450e+00 2.60127166745695e+00 -1.87994496414298e+00 -6.47377514928279e+00 -1.41317496663499e-01 -8.74015976918198e-02 -4.04856344789639e-01 -5.52399238552371e+00 -5.12503791469123e-03 2.74452066565615e-01 3.93020858783617e-01 -5.53099945414532e-01 -1.11401328837045e+00 6.72372411290994e-01 6.54993785400748e-01 1.64704124665115e+00 1.11530764715628e+00 -1.73489274220102e-01 2.73685939764246e+00 -6.86795322568613e-01 -1.67355563390973e+00 -3.97706557011329e+00 -2.98511058603176e+00 -8.45012421799824e-01 3.35584178715846e-03 6.94201515525270e-02 3.68402711336613e-02 -7.57693685370028e-02 1.23695789110981e-01 -8.33555467920544e-02 9.79340994831945e-02 3.15711278712042e-01 5.39851292261078e-02 3.18336817270510e-01 2.55598279185661e-02 4.21441272316774e-02 2.62998470986014e-01 -1.63412178608248e-02 9.49178763288144e-03 -2.16440246442499e-01 -1.40643988220814e-01 2.21795946139126e-02 5.91243631193123e-01 4.45010566696067e-01 -2.33587166656838e-02 4.08059047994868e-03 1.30678687544388e-02 -3.93057460713719e-03 7.55396714574721e-03 -2.83211516159555e-02 1.12053734798459e-01 -1.17745180519484e-03 7.91321252184130e-02 4.65381702620761e-02 -3.93402256061338e-02 1.33798285591203e-01 1.41043764708981e-02 1.03693227375146e-01 4.38465068825786e-02 1.48561910585198e-04 2.60637703395751e-04 1.24188566874254e-02 3.86323899450435e-02 -1.84149703178956e-03 -8.28529066410133e-03 -8.42370667709753e-03 -3.15825484808723e-03 -1.92472084039360e-02 -1.99004804661149e-02 5.42960926348620e-03 2.65294114628947e-02 7.54461648732087e-03 5.87221843305189e-03 -1.25068602163558e-02 1.51601345776213e-02 8.48967454101327e-03 -1.60975265961850e-02 -2.19326425488732e-02 -2.26563546268651e-02 1.40271536285964e-02 7.35067579125030e-03 -2.08908071847050e-04 -1.36289496236633e-02 -2.82535608966608e-02 1.89337789214136e-06 3.33339349196378e-06 4.94220881814005e-04 6.16190196931041e-03 4.44377153149662e-06 -3.25142283323163e-04 -1.92190589439311e-04 4.87633976881500e-04 -1.33820821647110e-02 -7.97152096190795e-03 -2.32158035746580e-05 1.13935830423837e-03 -1.55940450939117e-04 -8.47359045357895e-06 -9.53048557795843e-04 4.81979475984565e-03 1.06639314523251e-03 1.90914183763547e-03 -6.01016111228827e-03 -3.71678323564610e-03 1.94295485692060e-03 1.81331027224455e-04 -9.88337457025565e-05 -1.35837528803033e-03 -1.01982767908023e-03 5.15746114353702e-03 1.16731547312759e-03 -5.77191592119387e-04 -7.56758299069910e-03 -2.45204650404642e-03
 8.30826158417580e-02 -2.04866499952826e-01 -9.34358780925678e-01 -5.18082880636887e-01 -7.06155235139323e-02 -1.51123750344176e-01 -9.04820503464758e+01 -2.68936425836967e-02 -5.61852450827661e-02 -2.24291957468311e+01 -2.93627911291633e-02 -1.43111595537933e+00 -1.62574463346786e+00 -4.70231173262727e-01 2.04744287348158e-02 -1.51151688859906e-01 -9.34792223512246e-02 1.31898384207023e-01 -3.86578301958043e-01 -5.46469832140316e+00 3.26059485594703e+00 4.64478456507094e+00 -4.13869871166983e+00 -5.79034619035082e+00 4.76431197457218e+00 -1.50951157277844e-01 -9.34254678341737e-02 -4.22050053551498e-01 -5.11841292987318e-03 -5.52725016069079e+00 4.68260153280895e-01 6.66412527061540e-01 -9.80884640526071e-01 -1.90087403070985e+00 1.16718050604062e+00 1.63577204268798e+00 2.55439032750132e+00 1.88483479822615e+00 2.66119511508615e+00 2.85495685150029e+00 -2.91066219327841e+00 -5.68052312883305e+00 -2.54085134312257e+00 -4.08849951603919e+00 9.84648716868222e-01 -3.00279890332753e-01 2.05857016917116e-01 1.56456378204159e-01 2.40685183681176e-01 1.28005016597501e+00 -1.49422041021129e-01 1.56235696392453e-01 5.46305087857035e-01 3.22242544713332e-01 4.06739374007278e-01 1.48064546411401e-02 2.45422458370984e-02 1.73447741091947e-01 2.37524960176062e-02 1.10988888484513e-02 -1.80400520093075e-01 -3.02201190200411e-02 3.03534139616282e-02 3.77919408025908e-01 1.46994431176026e-01 -3.51332061804327e-02 -4.75454701807461e-02 -9.20488780947385e-02 -1.27862982747038e-03 -7.50194393776827e-02 -4.68713504167050e-03 7.18910309960498e-02 1.45258229012526e-02 1.99801892697135e-02 4.69095439939316e-02 1.46459166472026e-02 3.39660841980615e-02 1.61879391904271e-03 -1.84948571498417e-02 4.31014201021981e-02 1.28307188577820e-04 2.24548651768356e-04 1.10288995661430e-02 3.70625699487917e-02 -1.51119280308139e-03 -8.37421272829932e-03 -6.17006486982305e-03 -2.17966783109567e-03 -3.21258785898537e-02 -1.56920931341161e-02 5.20333711856082e-03 2.28964672300448e-02 -3.68864453232497e-04 4.04353147506483e-03 -1.56405932181547e-02 1.66117725677739e-02 8.00390405287308e-03 -1.54357579387813e-02 -2.71296150168583e-02 -1.63821720912537e-02 1.85823964763602e-02 9.99124424510270e-03 1.00055122168422e-04 -2.64242587506252e-02 -3.30143066440519e-02 1.09312582248281e-06 1.92939574420012e-06 3.01686146891411e-04 4.13118424192861e-03 3.59496575796722e-06 -2.09328648659817e-04 -9.26858513612362e-05 6.16128174923662e-04 -1.16464560740834e-02 -3.81776552563332e-03 -2.17855462567537e-05 5.94945782343431e-04 -2.40572239524838e-04 -6.13079316232768e-06 -6.67036736761007e-04 3.68735823625358e-03 6.73994346518607e-04 1.29011115950914e-03 -4.36946790215181e-03 -1.65257179348081e-03 1.68989114689666e-03 1.36513724105101e-04 -6.54190916572556e-05 -1.15465936911812e-03 -6.37460419381498e-04 3.09920769704938e-03 4.97745312820640e-04 -2.18624804448739e-04 -3.70461883763733e-03 -2.90378339588298e-04
 2.53135575568450e-02 2.44638163137292e-02 -9.52874696430595e-02 -1.13951354455586e-01 -2.23638869087159e+01 -1.54652481016648e-02 -2.68936425836967e-02 -1.11374786450540e+01 -1.91632013519833e-02 -3.28841416317421e-02 -8.23485478297170e-01 -2.21307371223340e-02 1.30740473951360e-01 -8.75171423194315e-01 -2.52807740437896e-01 -1.34750677215780e+00 -1.77447091188359e+00 -3.94722239650863e+00 -2.81454351715823e+00 -9.37533503909656e-02 -1.39208152325921e+00 -1.84713490700083e+00 -4.08154631926912e+00 1.29501836057810e+00 -2.54254404153263e+00 4.02110683446830e+00 5.48546800579139e+00 3.69186190857134e+00 3.11940996996721e-01 2.92635984038922e-01 -2.08138547196283e-01 -3.20250168010036e-01 -1.26269474210467e+00 -1.17560084614752e+00 -1.07513090239043e+00 1.04300271675837e+00 1.94594118338108e+00 -2.20321733712974e+00 1.06191739702315e+00 1.96040550368367e+00 8.31249929338861e-01 -1.83412236374489e+00 -2.16777770765105e+00 1.56377137510623e+00 1.49977750723516e+00 -4.91798978955041e-02 4.38079611510188e-03 -7.11668335815361e-01 7.18728507014232e-02 2.39568690045733e-01 -9.86425997523320e-01 -6.43740781956164e-01 1.39113437558533e+00 8.50131498312861e-01 1.59002985744943e+00 1.46542875400304e-03 2.95868481536207e-03 3.39652700115099e-02 3.66626407239253e-02 -1.32742922630942e-01 -3.51904401116499e-02 -2.33827102129213e-03 -5.63940853809345e-01 -2.59107460158408e-02 2.42605202315199e-02 3.21071848818043e-01 -8.31569893760149e-03 -2.09788331307357e-02 1.89252334079288e-01 -4.82786972600677e-02 2.16298930821145e-01 7.32992697257415e-02 1.16610645206471e-01 -4.60179407888336e-01 -2.44072135861176e-01 -5.59460168425078e-02 -9.72425593404472e-03 -1.43193305189903e-01 1.78010366549616e-01 2.22964715940892e-02 2.90086956675165e-03 4.36565471964829e-03 1.88347871101903e-02 2.32742709806286e-02 6.04542374564598e-03 -2.60845839882841e-03 -1.42514328120909e-03 5.80547336475010e-03 5.75004458885578e-03 1.37479283248812e-02 -6.94446934851940e-03 1.06683230361499e-03 -2.07338027800191e-03 -5.95796815113814e-03 -3.01789919186349e-03 2.75231652091554e-02 3.35752614132732e-02 1.22800948609989e-02 -2.03979437273560e-02 -1.40318018295895e-02 1.31572372442255e-02 7.70952239652232e-03 2.46019248443026e-02 -7.82005086832212e-03 -1.27371775500632e-02 1.30608797578196e-05 2.80460386476668e-05 8.43069296451820e-04 2.56712384037975e-03 2.07685879715046e-03 -8.11426965406862e-04 -1.27701616652229e-04 1.60083487029113e-02 -6.18509205142896e-03 -1.57689161315037e-03 -4.54852548608860e-03 2.20416094031912e-04 -7.06969778189023e-04 -2.11321802482059e-03 -1.08431191642409e-03 -6.32479333494060e-03 -5.19027258562968e-03 7.51988528411678e-03 8.42869354928042e-03 5.08666658615080e-03 2.72518253507501e-03 8.78474318657569e-04 3.42634155327463e-03 -2.51309960153858e-03 -1.50474194794131e-03 4.97935970727794e-03 2.39451639399592e-03 8.99493474800074e-03 -5.79591653119547e-03 -1.16960695816617e-03
 8.59171164913397e-02 8.30645686213105e-02 -3.17964272695200e-01 -4.07497000714494e-01 -1.54652469733481e-02 -2.24065977895167e+01 -5.61852450827661e-02 -1.91632013519833e-02 -1.12311581559034e+01 -9.28939475035161e-02 -2.40234625738692e-01 -9.10674942336790e-01 4.64131530385746e-01 -2.21307377582417e-02 8.44715146372591e-01 3.56219104719692e+00 4.93307495666655e+00 -2.52727932605800e+00 2.64862810336222e+00 2.21932620181922e-01 -2.07022786362421e+00 -2.64582983071489e+00 1.42216238570763e+00 -3.16497370561021e+00 -3.74762418849544e+00 -1.56286388218944e-01 -5.32398028678836e-02 -2.68092435802728e-01 -5.08122601441230e+00 -2.70963602578764e-02 -2.70031009821582e-01 -4.11457536872716e-01 -1.77087050534367e+00 -1.74456768824613e+00 1.16681036223703e+00 -3.96304443886820e-01 2.77265039118199e+00 1.24358768305804e+00 -1.43747560127441e+00 2.94952071348830e+00 1.77746905416496e-01 3.29411275804776e-01 -3.00683986080606e+00 -2.01965720792907e+00 -1.24753596358823e+00 -8.03497603659036e-02 2.85760796443060e-02 8.46700494569449e-02 -6.50336645565014e-01 3.96447431967997e-01 -4.09486554644380e-01 -1.99028567466419e-01 9.48019273086563e-01 -3.33141251523760e-01 7.94364005853066e-01 3.85759714050311e-02 5.28693285861530e-02 -1.73654330308536e-01 -6.92803398900015e-01 -3.04563465660059e-03 6.59492184922245e-01 4.56608761825743e-01 -8.31715876200693e-03 1.71205475519369e+00 1.30821095369391e+00 1.44891793164636e-02 -9.79671439114392e-01 2.56302224299804e-02 1.08380803688273e-02 6.93151186774695e-01 -3.34175630942185e-01 -2.09644346766444e-02 -4.52455804603499e-01 7.67188705422000e-01 5.37333149787071e-01 -4.29359202267871e-01 -4.98548401529871e-02 1.88601175099485e-01 1.24745583296800e+00 1.83581189920421e-01 1.70687178827660e-02 2.60828270146067e-02 1.27566979741421e-01 1.38201744629054e-01 -9.98547622504465e-03 -1.77096073983830e-02 -2.99937357069387e-02 6.28561916709047e-03 9.82998881387208e-02 6.71124247237122e-02 9.48978778163210e-03 2.09702976617588e-02 2.30464998185935e-02 1.90223409092491e-02 2.37895911416128e-03 8.00637369592591e-02 8.06868032158439e-02 -5.07922660578483e-02 -2.33173143476911e-02 -4.44917152446076e-02 7.50147490380121e-02 7.16135070429344e-02 2.49691178541937e-03 -1.70275343233198e-03 -7.39115577899968e-02 3.94397486482411e-03 6.00605153459851e-03 3.63544308148834e-02 7.48102129338779e-02 1.43380791688960e-03 -1.47264719070125e-02 -7.19427571460016e-03 4.30782218240857e-03 -6.55082125041706e-02 -3.91235820693188e-02 -3.46795961327912e-03 1.54975941443887e-02 -4.21930592521040e-03 -2.48522031349419e-04 -1.59752283564092e-02 5.53191138946859e-02 3.06412768155190e-02 2.23749244941924e-02 -4.89298909769204e-02 -3.08597650741531e-02 3.04557498790639e-02 1.23282948078525e-02 -2.45390223385592e-03 -2.52500699932158e-02 -2.05305059742951e-02 5.92834272854559e-02 3.32987550157063e-02 -5.78690046943874e-03 -6.39860424238741e-02 -1.55468750629633e-02
 9.08167650948672e-02 8.77863213935447e-02 -3.38725845660189e-01 -4.20739332037363e-01 -2.68936407023615e-02 -5.61852455832333e-02 -2.24291957468311e+01 -3.28841416317421e-02 -9.28939475035161e-02 -1.12313322595699e+01 -2.21307361793636e-02 -8.64301237967482e-01 -1.03120133917062e+00 -2.66593220687773e-01 1.77517613200303e-02 -1.43708658316825e-01 -4.96301974798258e-02 7.18724773829284e-02 -2.46546144065785e-01 -4.90973807932016e+00 3.16195045614819e+00 4.43744726125768e+00 -2.23969795123145e+00 -3.00791386634881e+00 7.80193047223737e-01 -1.53113468887661e-01 -5.31706885390142e-02 -2.71058584829964e-01 -2.70894478535962e-02 -5.07622425160825e+00 -4.95847400693042e-01 -7.60617834498153e-01 -3.08439619470195e+00 -2.92674900923018e+00 2.01711427228624e+00 2.57004127590486e+00 2.88056724601029e+00 2.06484304282276e+00 2.65222186547167e+00 1.87563280619936e+00 -1.83210916060756e+00 -2.94018495936522e+00 -1.52893761183173e-01 -2.18734177238333e+00 5.87117543078199e-01 -1.27457502753581e+00 -7.70204494109295e-01 2.83920963114277e-01 2.84275701180524e-01 2.99210520785201e+00 -7.01898848676567e-01 -3.74181275898789e-01 1.60930873930891e+00 7.25384741511870e-01 5.72105104975873e-01 2.45713255998414e-02 3.52315642752158e-02 -4.42129741713957e-02 -3.38185685006844e-01 1.61367279322727e-02 4.04018991945860e-01 1.14933149472482e-01 3.43723499884747e-02 1.27946513061218e+00 2.03757496544330e-01 -4.29524434047304e-02 -3.26163170112462e-01 3.00507928642622e-01 1.14733206113531e-03 5.44608753324605e-01 -1.71416706732773e-01 6.23689108257139e-03 -2.32881407088235e-01 5.23555541888174e-01 1.40974639208332e-01 -5.11384360673381e-03 5.69755144746481e-02 2.16143501667183e-02 1.67286300994592e-01 -7.99558401157746e-02 1.45640095479784e-02 2.21452672437611e-02 1.04179037711133e-01 1.17548123523046e-01 -5.66372379476844e-03 -1.78971970274441e-02 -1.35721047787690e-02 1.40667746009920e-02 6.62969186931114e-02 6.05528645570189e-02 4.25762100572429e-03 1.01614364690722e-02 2.53449684219674e-03 7.63829533257315e-03 -6.30810306147238e-03 7.34947423652840e-02 6.96872283929945e-02 -4.25164048505574e-02 -4.84274437603568e-02 -1.73357130642297e-02 8.22541186332419e-02 8.54856191001167e-02 4.22024844360777e-03 -3.70443740195882e-02 -5.12215554733903e-02 2.28891455949294e-03 3.49901134468501e-03 2.22815553636450e-02 4.72112930605768e-02 1.16316283560055e-03 -1.08703226989852e-02 -2.47520214702322e-03 4.45586671729669e-03 -5.62901519003590e-02 -1.02711542286231e-02 -3.22260224481093e-03 6.70065437767670e-03 -7.30939743077017e-03 -5.78588644769182e-05 -1.31850785358391e-02 3.52891031930963e-02 1.84067433159088e-02 1.44158029073499e-02 -3.61615144107443e-02 -9.39717113180072e-03 2.19724874973341e-02 8.52700473735570e-03 -1.47043953073042e-03 -2.06238936441247e-02 -1.08054168877766e-02 2.83870377408429e-02 1.37746482382890e-02 -2.47652205038391e-03 -3.30892212198089e-02 4.18264353280120e-03
 3.44234270034091e-03 1.93833506822957e-03 -7.54504424539431e-02 -7.17014837701177e-02 -1.30329948655443e+00 -4.35359095002302e-01 -2.93627911291633e-02 -8.23485478297170e-01 -2.40234625738692e-01 -2.21307361793636e-02 -6.66966582358570e+01 -1.50937960694812e-01 7.26600736917294e-02 -2.97015451487030e-01 6.77106312809758e-03 2.25460099052889e+00 4.49785105788752e+00 5.47469630889926e+00 4.65310208756120e+00 1.06300682218722e-01 -1.29688365136419e+00 -2.45164286795320e+00 -3.09705760403795e+00 -1.07654083182979e+00 -3.75929850943214e+00 1.92221665652215e-01 2.19564715947383e-01 3.09478284665068e-01 9.07421199484757e+00 4.39428298041268e-02 5.09609254265574e-02 8.09080091350471e-03 -1.17366677616598e+00 -7.86957605410834e-01 -2.32614423816443e-01 6.59843437162958e-01 3.01320982769631e+00 -9.25452187640669e-01 -4.89002226026114e-02 1.96739986341667e+00 1.55351299712300e-01 -1.35485935894902e+00 -5.43926806171453e+00 1.19797548116043e+00 6.92107251193025e-01 2.29278895041029e-02 3.71527057386920e-02 -5.63406592189020e-02 -7.57337400685576e-03 1.84266733483144e-02 -2.67414896157528e-01 -8.86184440663810e-02 8.21904983643441e-01 -2.06493191938926e-03 8.84735083400724e-01 4.21591859807599e-04 1.01607161597375e-03 2.22785961661293e-02 1.81549884107512e-02 8.87238555841070e-02 -2.41198701501735e-02 -3.86687080155582e-03 -3.01194940600972e-01 -3.81818551045539e-03 2.67270511425588e-02 1.02868338975822e-01 -9.34262902463011e-03 -1.74764219726014e-02 6.26526147203069e-02 -1.72430996861080e-02 7.46598506780195e-02 -4.83084859379435e-02 9.52856738028031e-02 -2.46827816969031e-01 -1.48636224866993e-01 -2.40344239248215e-02 2.84416874652538e-02 -2.91061822031015e-02 1.23206606959164e-01 2.85055569733255e-02 2.11681048878124e-04 3.55784339750262e-04 7.09489066654193e-03 1.41431569680564e-02 3.31187160405249e-03 -5.43180581916761e-03 -5.24210249020646e-03 7.88563715188903e-03 -9.88439241660980e-03 -5.05023684679622e-03 -8.61139859250602e-03 1.39217519824318e-02 4.53053349706788e-03 -8.85543595684467e-03 -9.64220581314714e-03 1.14658727053999e-02 9.78495474890628e-03 -4.52339383937583e-03 -1.93305418705938e-02 -1.91145450094399e-02 5.66966387354683e-03 2.00592524792383e-03 8.61992375463842e-03 -4.89317900731968e-03 -7.47542599265991e-03 0.00000000000000e+00 0.00000000000000e+00 3.93315246462368e-05 6.40586372174290e-04 1.40620357666196e-04 -2.75906055655272e-05 -1.06591468711017e-05 4.10537025676135e-03 -2.48249330496141e-03 -8.93405738523727e-04 -6.94277649380620e-04 6.58508137707753e-05 -3.06825020120566e-05 -4.13543160668020e-04 -7.47447557335245e-05 -8.47791746288108e-04 -6.09430258673190e-04 1.05949350374065e-03 2.58377454065491e-03 1.73804930920169e-03 5.74456535256486e-04 5.46664403141957e-05 3.42141725030310e-04 -3.92372067781292e-04 -2.66518330074947e-04 1.36625408292045e-03 3.37104009263976e-04 1.85322848334691e-03 -1.95918161861881e-03 -5.60917309924398e-04
 1.34159452265946e-02 7.60451136089922e-03 -2.77376477649353e-01 -2.65241296642467e-01 -2.93627942635996e-02 -1.42464635027944e+00 -1.43111595537933e+00 -2.21307371223340e-02 -9.10674942336790e-01 -8.64301237967482e-01 -1.50937960694812e-01 -6.70662461334877e+01 -2.03764067341691e-01 -1.07637878166504e-01 2.96064862409363e-01 1.12023989984237e-01 1.60097035197741e-01 -1.19403874740868e-01 1.32881829828216e-01 8.17060760562291e+00 2.86111567089415e+00 5.74443302894483e+00 -3.38162860901151e+00 2.47526347608615e+00 3.93861584114909e+00 -8.76302661816882e-02 -4.81096611083735e-02 -1.74762114897651e-01 -2.99416045084719e-01 -2.92438035425421e-01 1.32744077660909e-01 3.38706954867454e-02 -2.89137891563249e+00 -1.97530030352874e+00 3.06252241560269e+00 1.63629603694496e+00 5.93911568935560e+00 2.03224212269981e+00 -1.15194723170582e-01 3.19986464139322e+00 -1.36250309123466e+00 -2.63219592003073e+00 -5.75024414665829e+00 -6.13408840769432e+00 -2.80600865316640e+00 -6.94451638957865e-02 5.39212333142103e-02 1.21941118939878e-01 -5.22854843182516e-01 5.77110253516092e-01 -1.66573197995439e-01 1.43791420346596e-03 7.89600600455938e-01 1.78755823483351e-02 5.20850650621918e-01 7.27256041296910e-02 1.12880109218323e-01 2.11069563764286e-01 -2.09950391443536e-01 2.01303014609838e-02 -5.98069961159965e-02 5.15954537302583e-02 3.58789986426257e-02 9.32574953521531e-01 3.92230106414542e-01 -4.37249381013421e-02 -5.74671298180416e-01 1.24094271101781e-01 4.80305559143523e-03 5.25853593143636e-01 -5.60734126192830e-02 9.85413713337044e-02 -1.09192976446924e-01 2.85433324546127e-01 1.56041059348845e-01 -8.40558811558451e-03 6.01270251668123e-02 1.96634415745106e-02 1.27531163804281e-01 1.53654382247670e-02 1.03761307049346e-03 1.75269052758327e-03 3.57685657653132e-02 6.35749009020975e-02 -6.13592224215513e-03 -2.67759293616898e-02 -2.32550810685799e-02 -2.27595717844683e-03 -2.41480912774531e-02 -1.36748441725029e-02 1.40571398518676e-02 5.71649541909033e-02 7.21387013806222e-03 1.34959720115832e-02 -3.15949590992493e-02 2.75719511215042e-02 1.85739623336150e-02 -2.90971047950744e-02 -3.86974805708616e-02 -2.89579471250420e-02 2.89190003273805e-02 2.01595304885028e-02 4.43039235557273e-04 -2.85353210361017e-02 -5.26627271655986e-02 1.40688688514146e-05 2.41546890028424e-05 1.55205690257765e-03 1.04706939087239e-02 2.47813844227613e-05 -1.21301459128751e-03 -5.66099338695536e-04 1.06463421138701e-03 -2.15040128352022e-02 -8.12706158320765e-03 -1.10358016833438e-04 2.86908145636351e-03 -9.98560745816452e-04 -2.47265470774228e-05 -3.01309623702445e-03 7.72282078677957e-03 2.17084952905011e-03 3.54225816707440e-03 -1.04845899874303e-02 -4.52571168182964e-03 3.48911628872810e-03 4.46956983373092e-04 -2.05407581275088e-04 -2.93338415201598e-03 -1.81197246721637e-03 6.70316735361390e-03 1.74238145571270e-03 -7.46312206900134e-04 -9.92286432920582e-03 -8.46233276293460e-04
 5.50153124553826e-03 3.08954794091377e-03 -1.23327174504758e-01 -1.16891124568783e-01 1.62007755335649e-01 6.69502677431681e-01 -1.62574463346786e+00 1.30740473951360e-01 4.64131530385746e-01 -1.03120133917062e+00 7.26600736917294e-02 -2.03764067341691e-01 -6.69867140187078e+01 -1.05063436422006e-01 -1.28219744534111e-01 1.96850734517047e+00 4.03241442601250e+00 -5.98426157654683e-01 2.09694293246781e+00 -2.42642511729372e-01 -1.91711896265356e+00 -4.00935498430551e+00 4.09575275829165e+00 5.84748849218879e+00 2.55170970563245e+00 2.08668795185139e+00 4.22905356084490e+00 2.29623295752955e+00 2.69775496826278e-01 -2.40637131902138e-01 8.42694047639649e-02 -4.83672080498668e-04 -2.13100023782099e+00 -1.40154941530007e+00 2.86737078256790e+00 3.95106452257249e+00 2.55176903075094e+00 2.12954960494504e+00 3.00764921344441e+00 1.70272180658907e-01 -5.33539667955786e+00 -5.65078948583114e+00 3.35655750211512e+00 -4.00545455200436e+00 1.78912881584453e+00 -5.93976948615997e-01 -2.24477154205287e-01 2.98719359522197e-01 4.14419185441947e-01 2.40655342636913e+00 3.89705284317177e-02 7.17048397887101e-02 2.73549231848329e-01 2.04448753417041e-01 -3.87922009892587e-01 -1.18148521886908e-02 -1.78052778493239e-02 7.88454493354523e-03 8.17628836721587e-02 9.98636901044827e-03 -7.97987702182151e-02 5.75974558801970e-02 3.82336693916066e-02 -3.14691261999539e-02 -2.96230390042425e-01 -4.15900827764359e-02 1.43012936300272e-01 4.41172169257405e-02 9.94235294026574e-04 -8.83491206737173e-02 2.87921275332778e-02 -1.22235555880751e-02 4.51328999716061e-02 -7.12105996774698e-02 -6.89837810049047e-02 7.33649062491267e-02 -4.39994549071327e-02 -2.81326342640195e-02 -2.76909875332533e-01 -4.17833944810192e-02 1.59554851832623e-04 2.66286949143674e-04 5.70087610566432e-03 1.53967566261003e-02 -1.02205444560976e-03 -7.52612673952330e-03 4.73442072186975e-04 1.52791302806775e-03 -2.52283664332141e-02 -2.28770947075481e-03 4.48689983558455e-03 7.00885707166433e-03 -1.53163916229134e-02 3.79460155994475e-05 -1.63925192248956e-02 9.32093621171763e-03 2.91190183456210e-03 -8.12909996726690e-03 -1.68614217977003e-02 2.17303946378819e-03 1.50019544135734e-02 1.10234786877033e-02 5.96646630743736e-04 -2.78218303282382e-02 -2.01103440603363e-02 -2.34371498133974e-06 -3.97416171531690e-06 -2.00311534801617e-04 -5.48670031900559e-04 1.21903945173298e-06 9.59562834968449e-05 1.96691860857484e-04 6.18011303958217e-04 -3.44148569882516e-03 2.87130121758579e-03 -1.52892084461706e-05 -7.92941879581775e-04 -4.36304856400514e-04 3.99797549651950e-06 2.33326343535031e-05 1.12429115744879e-04 -2.71764921781589e-04 -1.82180845750573e-05 1.02700690313876e-04 2.02245578626262e-03 4.98269590016119e-04 1.28505421949977e-05 8.81664954709840e-07 -3.76975954398421e-04 2.23125954445208e-04 -9.91789122239532e-04 -7.59902311926973e-04 3.05312019754064e-04 2.94641169130792e-03 2.25074542158859e-03
