pVp:
 -3.17136814509890e+03 -1.63961929820366e+03 9.26847524376254e+01 4.33513309472853e+01 2.31577883354712e-02 7.86002929193894e-02 8.30826157818617e-02 2.53135575605801e-02 8.59171164893187e-02 9.08167650919343e-02 3.44234269435350e-03 1.34159452389698e-02 5.50153128498466e-03 5.99639047917006e-03 -5.54169750827250e-03 -2.54866229614977e-01 2.82702260823317e-01 7.90683694295681e-01 -2.17580333431260e+00 3.49827111444891e-02 -2.40143242381638e-01 3.02317830103318e-01 7.76899827762018e-01 1.11883245634670e+00 -1.84330205483817e+00 -2.40175334498002e-01 3.02274517766502e-01 -2.29148931707620e+00 3.40656266372300e-02 3.56299340212971e-02 2.76989337982838e-05 1.97665097952506e-03 3.79723766223598e-01 6.21230779297104e-02 -1.89695051480233e-01 -2.65744749012185e-01 -4.63200947212906e-01 1.74654031284473e-01 2.55893986274318e-01 4.32923764098833e-01 6.15613339327299e-02 1.47881978288891e-01 1.16928023125877e-01 1.10972516125270e-01 -1.79058104822430e-02 6.02405155636674e-02 7.47506334411070e-02 -9.11851500690045e-03 -1.12283548335749e-02 -1.36054596219325e-01 6.02402949113234e-02 7.47504862284026e-02 -1.02751838067017e-01 -4.41094103946028e-02 -7.88440507039754e-02 0.00000000000000e+00 2.28189772986679e-07 2.74381582037682e-02 7.07267436904160e-02 2.64183987185491e-06 -2.43394004123092e-02 -1.39845582775937e-02 7.90842123743213e-04 -4.79247562544855e-02 -2.62498895195222e-02 -5.90538377789163e-05 6.93040497591963e-02 -1.18904263835677e-02 -3.07414672738656e-05 -6.03745350466721e-02 3.53630850459966e-02 2.06533771034131e-02 3.10816904010304e-02 -6.20962425385534e-02 -3.53082220187052e-02 3.53502557522940e-02 2.06373635944290e-02 -1.01540954394770e-02 -7.65327830473204e-02 -1.01251867371521e-02 0.00000000000000e+00 0.00000000000000e+00 3.25773395873124e-04 6.92797565950740e-03 -2.50430660563673e-05 -1.41462969418623e-04 -1.22344646477864e-04 -2.92938221193955e-03 -1.66886337679446e-02 -1.43923696730874e-02 2.02671494506748e-04 9.90280708725415e-04 1.53515559353938e-04 1.75275918047885e-04 -5.54621400368801e-04 6.22910250573524e-03 7.70678069724961e-04 -2.48670096783006e-03 -4.53948627791280e-03 -3.92648377955671e-03 6.23051549526021e-03 7.70995811059843e-04 -2.36865439247865e-04 -3.75104838301052e-03 -5.30190428236352e-03 0.00000000000000e+00 0.00000000000000e+00 6.11684273093891e-06 6.93412928835024e-04 0.00000000000000e+00 -1.89466934984575e-06 -1.09088921278227e-06 5.25205386510570e-06 -3.95696816816708e-03 -2.26641090529362e-03 0.00000000000000e+00 1.40481366472557e-05 -2.37475031335106e-06 0.00000000000000e+00 -1.22008396656008e-05 1.63150605311172e-03 7.37897554302435e-05 1.83894516419297e-04 -7.45330959010169e-04 -4.27786172436447e-04 5.50914237027826e-04 1.11617222537080e-05 -1.00350190220144e-05 -1.36770646298204e-04 -9.50773454092773e-05 1.63117450337235e-03 7.37631672946151e-05 -6.13616262314176e-05 -8.31155371042200e-04 -2.77973332791924e-04
 -1.63961929820366e+03 -9.42201612892236e+02 4.27451290667096e+01 2.61734318797679e+01 -5.71101767612789e-02 -1.93793012040011e-01 -2.04866500488557e-01 2.44638162502164e-02 8.30645685152992e-02 8.77863212566228e-02 1.93833482391418e-03 7.60451093301590e-03 3.08954765335706e-03 3.37682817093962e-03 -3.16399062378297e-03 -4.13766219537741e-01 3.11263367479862e-01 1.17457022158363e+00 -3.22836011208494e+00 5.41717461926698e-02 -3.89906884582619e-01 3.43853948639159e-01 1.15656699021828e+00 1.66818207973102e+00 -2.73936419338710e+00 -3.89960394324222e-01 3.43779234622721e-01 -3.40864939087293e+00 5.42332654538654e-02 5.61569177581846e-02 2.05460730635504e-03 1.07015699603481e-02 5.53759684096680e-01 7.58797988171208e-02 -2.72356958457778e-01 -3.78769955589060e-01 -6.63450345936451e-01 2.60697592459182e-01 3.85523112146578e-01 6.48252313606115e-01 2.92028840874031e-02 6.60054217417290e-02 6.14617568488195e-02 5.95247810340655e-02 -2.78560135389863e-03 9.02596726603496e-02 1.14068240389270e-01 -1.21257889659941e-02 -1.35366910573446e-02 -1.94257162250012e-01 9.02592352908207e-02 1.14067938284482e-01 -1.48179154256862e-01 -6.13146628627664e-02 -1.11127230113236e-01 2.43934657427801e-07 2.85672673064355e-06 4.39776965996594e-02 1.06111265798474e-01 7.72100943863595e-05 -3.99823839900367e-02 -2.28532289806183e-02 1.82998482489087e-03 -7.08629689464128e-02 -3.77329022179231e-02 -4.62317118141488e-04 1.06399231264327e-01 -1.87272847557051e-02 -2.15625316833979e-04 -9.32054529116875e-02 5.32419832701599e-02 3.18266390110888e-02 4.67665007489178e-02 -9.23630551863660e-02 -5.21368251950436e-02 5.32232830253414e-02 3.18023614825252e-02 -1.49726646378774e-02 -1.13980447715195e-01 -1.44336178397286e-02 0.00000000000000e+00 0.00000000000000e+00 5.45966828057902e-04 1.06839155867613e-02 -4.32871565639403e-05 -2.45964249144231e-04 -2.12304800118001e-04 -4.42258834931886e-03 -2.54001454366502e-02 -2.18464767765622e-02 3.38061207287486e-04 1.65823935095530e-03 2.54709135446678e-04 2.92013378111081e-04 -9.30814262820703e-04 9.52049989178525e-03 1.21298275612995e-03 -3.84641132491873e-03 -7.01205415970046e-03 -6.05345832168848e-03 9.52262146021896e-03 1.21347700218531e-03 -3.54535700393014e-04 -5.78830936172629e-03 -8.18812397463028e-03 0.00000000000000e+00 0.00000000000000e+00 1.03643474629190e-05 1.07495099902526e-03 0.00000000000000e+00 -3.33990200399712e-06 -1.91812330511633e-06 1.61485939511184e-05 -6.03740659389342e-03 -3.44470494318926e-03 0.00000000000000e+00 2.40598343253409e-05 -4.11615212418039e-06 0.00000000000000e+00 -2.09481669221692e-05 2.48235994536108e-03 1.15881310694895e-04 2.86245900560040e-04 -1.15317090055021e-03 -6.60155751326005e-04 8.41979636876803e-04 1.76325229071855e-05 -1.54959763173268e-05 -2.13291866375397e-04 -1.48020756127467e-04 2.48186537360909e-03 1.15840076014456e-04 -9.41212102724402e-05 -1.28628276186829e-03 -4.27815538683972e-04
 9.26847524376254e+01 4.27451290667096e+01 -1.77465631605486e+01 -7.85356829883132e+00 -2.62543767705209e-01 -8.77948916340138e-01 -9.34358799400606e-01 -9.52874678891199e-02 -3.17964270055477e-01 -3.38725841405478e-01 -7.54504485441296e-02 -2.77376491821937e-01 -1.23327184741072e-01 -1.31308408494378e-01 1.06995539476809e-01 -2.06719383120879e+00 -1.73516070573650e+00 2.32414418482398e+00 -6.69922047894368e+00 -7.22409561140323e-02 -2.09590933616042e+00 -1.78974067441147e+00 2.38008806094681e+00 3.31420556940590e+00 -5.96058345261874e+00 -2.09583611181149e+00 -1.78959431908355e+00 -7.22217012134058e+00 -8.06769336746193e-02 -8.01642528649882e-02 3.83725945348622e-01 5.56782672484215e-01 3.50805204292088e-01 -6.43084671524022e-01 4.23085605662566e-01 5.97808065819980e-01 1.03603313180153e+00 1.16788729447981e+00 1.66563471270469e+00 2.86874807167111e+00 -1.12935872641928e+00 -2.74653121307935e+00 -2.11552508265192e+00 -2.00480738761221e+00 3.67184537212514e-01 2.08970036278722e-01 4.57346368506366e-01 6.31088180878495e-02 1.14367668621080e-01 1.60049506426998e-01 2.08967562797110e-01 4.57343314473305e-01 5.57826321683466e-02 1.11786743836947e-01 1.64529809966982e-01 2.87737650263417e-02 4.64156415962768e-02 3.45671295283024e-01 3.48508140764833e-01 1.31045661021916e-02 -2.75378351858681e-01 -1.36823257822148e-01 3.33324825546226e-02 6.56330290407297e-02 9.22709996763645e-02 -3.58428806584352e-02 1.49461989419214e-01 -6.11631962110946e-02 -3.37604605014123e-03 -1.75795112821314e-01 2.01088910413853e-01 2.01075405050759e-01 1.43843555733038e-01 -2.19070843934348e-01 -1.07034829805402e-01 2.01069660751588e-01 2.00978258224893e-01 -3.30487351437131e-02 -2.81204918452502e-01 9.32645552826440e-04 3.41360096651394e-04 5.77194567023500e-04 1.82171360436194e-02 8.00142273930557e-02 -2.42007716126522e-03 -1.23841998792332e-02 -1.10842411474363e-02 -1.95386236904882e-02 -1.26025508385500e-01 -1.04465717880210e-01 7.06330873479308e-03 3.51951463098055e-02 5.78777469846286e-03 6.82447524823345e-03 -1.97020532560656e-02 5.71944716926780e-02 1.51741410663678e-02 -3.06623428798264e-02 -5.28781991798066e-02 -4.41046881767494e-02 5.72027285894493e-02 1.51785297427908e-02 -8.51293787107012e-04 -4.24223422857668e-02 -6.23170287434719e-02 6.11684233764913e-06 1.03643468034718e-05 7.35243772046544e-04 1.03336881301410e-02 9.72921893021157e-06 -5.08725363922337e-04 -2.76564024475143e-04 7.70425402768736e-04 -3.74989431804334e-02 -2.02992344447612e-02 -4.54153614788245e-05 1.48258255695119e-03 -3.04302641382222e-04 -1.31916813360868e-05 -1.35000935424745e-03 1.51245764462913e-02 1.64264605506072e-03 2.98249628839891e-03 -1.05523314893933e-02 -5.84388797353500e-03 5.57294411284507e-03 2.92903904579673e-04 -1.55068771516003e-04 -2.38597944371684e-03 -1.62597095914587e-03 1.51222857172972e-02 1.64217539008793e-03 -8.22679641417267e-04 -1.18852292923193e-02 -3.52011269102553e-03
 4.33513309472853e+01 2.61734318797679e+01 -7.85356829883132e+00 -5.65699861711925e+00 -1.46262875141591e-01 -4.84847095299797e-01 -5.18082885194840e-01 -1.13951347640689e-01 -4.07496989894298e-01 -4.20739314800840e-01 -7.17014810727800e-02 -2.65241290242416e-01 -1.16891119451398e-01 -1.24747967384593e-01 1.03122797533508e-01 -2.08152589340734e+00 -1.99955560639165e+00 1.30927844851502e+00 -3.97048276697589e+00 -1.54017428160546e-01 -2.15987693598687e+00 -2.10769755688084e+00 1.36644811613138e+00 1.80230439402604e+00 -3.63337900532490e+00 -2.15967112019494e+00 -2.10739995526762e+00 -4.27154072057730e+00 -1.90961815422530e-01 -1.80477924360530e-01 3.96443970100919e-02 3.36414758322447e-02 -7.58964681808187e-01 -1.20926496487512e+00 8.47821155830273e-01 1.08523513144272e+00 2.01131200896317e+00 1.18880565775104e+00 1.56527422386493e+00 2.84528580109085e+00 -7.22367775957361e-01 -1.77545346236626e+00 -1.42951301027680e+00 -1.38585186239413e+00 2.19500265567274e-01 -6.91427533731178e-02 2.32915945404727e-01 1.23752851450875e-01 1.66310251996388e-01 9.63631178244407e-01 -6.91411227827674e-02 2.32917496242931e-01 6.67126911358827e-01 3.57121764143920e-01 6.31620905626923e-01 7.12141675606877e-02 1.06714989403703e-01 3.36954974245097e-01 1.88250349915091e-01 1.84118521069619e-02 1.55217310949304e-02 3.90519812505437e-02 3.67856700196849e-02 6.15539004084353e-01 4.13973863493498e-01 -3.98169017374252e-02 -2.79642267783100e-01 1.30108798148954e-02 2.74679614663733e-03 1.94424055413103e-01 1.55815702811889e-01 2.42576462683603e-01 1.19469830540405e-02 8.31280294872937e-02 6.96988286995066e-02 1.55895604644388e-01 2.42560032766782e-01 1.38343193065020e-02 8.34840820915487e-02 6.84848685009360e-02 7.17113671115082e-03 1.11371514609881e-02 8.15886548049645e-02 1.63846107815145e-01 -9.27774488294152e-03 -3.83776730305936e-02 -3.72633186076659e-02 -2.44075472288632e-02 -1.35681988787258e-01 -1.18004891387863e-01 1.39941789662143e-02 6.18447780351831e-02 1.54412487857212e-02 1.69350203415951e-02 -3.11315869803454e-02 1.10748618165718e-01 5.45583406361790e-02 -6.18473090519252e-02 -9.10371740171796e-02 -7.79960614151359e-02 1.10757741226268e-01 5.45686823731264e-02 -9.47185122594210e-05 -6.93655875534172e-02 -1.15703265888076e-01 6.93412862472962e-04 1.07495091261827e-03 1.03336878335166e-02 3.75283840329528e-02 3.46865020524663e-04 -6.66316094813658e-03 -3.26299528519832e-03 2.41585349110268e-03 -7.83440539039404e-02 -4.10905924373631e-02 -1.00860209734584e-03 9.11807841467386e-03 -2.57321511625605e-03 -1.17902353807701e-04 -9.22445665777435e-03 3.79456225550418e-02 1.05351428273320e-02 1.11002455798777e-02 -3.35323026298816e-02 -1.82003919206295e-02 1.61451443815884e-02 2.93524069179266e-03 -7.89900945100230e-04 -1.12066961991337e-02 -7.73801162009895e-03 3.79411185104652e-02 1.05329357631102e-02 -2.85917214750174e-03 -3.84263716724420e-02 -9.67721262894952e-03
 2.31577883354712e-02 -5.71101767612789e-02 -2.62543767705209e-01 -1.46262875141591e-01 -9.03085137123972e+01 -4.05661186127567e-02 -7.06155336623807e-02 -2.23638868494292e+01 -1.54652460064036e-02 -2.68936387741213e-02 -1.30329949539471e+00 -2.93628003951464e-02 1.62007797253677e-01 -1.38369750897656e+00 -3.15477812180690e-01 -1.41815338093680e+00 -1.92481692204129e+00 -3.70078891976481e+00 -5.03522926912192e+00 -3.92061260721161e-02 -1.43539667065157e+00 -1.96080886654658e+00 -3.73724876186827e+00 2.49493619097479e+00 -4.43778860681994e+00 4.13552008034894e+00 5.77639796200583e+00 1.01978966593310e+01 1.20087081497447e-01 1.18199516837067e-01 1.89727818741504e-01 2.69160951042567e-01 -4.05090677382795e-01 -7.70225735392750e-01 1.80997914749257e-01 6.65485389694642e-01 1.16322045992270e+00 -9.99408023686951e-01 1.06907050339881e+00 1.85825311142224e+00 2.38255895839185e-01 -2.88111738490928e+00 -2.77541818348755e+00 4.05993425640820e-01 1.41385343809174e+00 1.08854590469618e-04 4.06250887460709e-02 -1.12444221747039e-01 3.73685838211826e-02 8.00444250022837e-02 -2.46789334381867e-01 1.21838360664977e-01 6.31107028436963e-01 3.89044351887589e-01 6.65182685190271e-01 7.09354264484648e-05 1.95602544163165e-04 1.36209878327348e-02 2.02565116058747e-02 5.87448154706169e-02 -1.47999513251677e-02 -2.86260291126188e-03 -1.09152685391120e-01 -1.88268026369963e-02 6.78527453462171e-03 -9.49682973063999e-02 4.19136027345032e-03 -1.37472736535804e-02 -4.49390665473441e-02 -1.78620952773197e-02 3.07659400564250e-02 -4.18702677565204e-02 4.45257198595808e-02 -4.47520724903642e-02 -2.35523277672371e-02 -8.84315880858722e-04 2.02142175270442e-02 2.34785842730602e-02 3.35518870526098e-03 8.47438500761162e-03 2.61918879402631e-05 4.56130995547245e-05 2.37520651405239e-03 9.07258183137231e-03 8.43580705903928e-04 -1.81200072811990e-03 -1.49444524128118e-03 6.13313857741066e-03 -1.06365452165665e-02 -6.48303680177952e-03 -3.24122743896769e-03 5.96962476541523e-03 1.01982020225556e-03 -2.81152350774333e-03 -4.42686173088523e-03 7.23864613831525e-03 4.33887253330876e-03 -2.72365754497294e-03 -1.43117875276433e-02 -1.14455782412455e-02 4.01053586648288e-03 1.08823611898249e-03 5.60385603661445e-03 -3.61782134652256e-03 -4.82790783349237e-03 0.00000000000000e+00 0.00000000000000e+00 1.07243427476042e-05 3.59749924509821e-04 2.24181248731431e-05 -6.03382481856337e-06 -2.42898959511117e-06 2.07503416546742e-03 -1.75896822240457e-03 -6.75525894472049e-04 -1.43264706641519e-04 2.03538184751976e-05 -9.38964626788951e-06 -7.95184426761046e-05 -2.33715707595527e-05 -1.60019592350610e-04 -1.78554316170215e-04 4.67441977338846e-04 1.02686111877150e-03 6.22354117085158e-04 3.50005242723867e-04 1.97024820948504e-05 1.28401967437086e-04 -1.81305346126255e-04 -1.12857256530028e-04 8.02868683544091e-04 1.09921515673976e-04 6.63884281426183e-04 -8.59390040480805e-04 -2.20233350200308e-04
 7.86002929193894e-02 -1.93793012040011e-01 -8.77948916340138e-01 -4.84847095299797e-01 -4.05661186127567e-02 -9.04270205888441e+01 -1.51123763958462e-01 -1.54652469822335e-02 -2.24065977294521e+01 -5.61852429774393e-02 -4.35359054592077e-01 -1.42464637136089e+00 6.69502735195348e-01 -2.93627988661330e-02 1.28742914630355e+00 3.74914276297857e+00 5.28228698305706e+00 -4.73847008108598e+00 8.11495664103781e+00 9.73971200177398e-02 -2.11089937076465e+00 -2.82290603233436e+00 2.60126998431504e+00 -1.87994316823236e+00 -6.47377102636654e+00 -1.41317497796561e-01 -8.74015992743887e-02 -4.04856346691390e-01 -5.52398821026799e+00 -5.12503765074614e-03 2.74452064354461e-01 3.93020858465957e-01 -5.53099290524947e-01 -1.11401232897354e+00 6.72371714565513e-01 6.54993494417489e-01 1.64703953728518e+00 1.11530689656042e+00 -1.73488676831085e-01 2.73685755839390e+00 -6.86795069026908e-01 -1.67355501279878e+00 -3.97706349529979e+00 -2.98510909883882e+00 -8.45011869436589e-01 3.35590295161249e-03 6.94201722027031e-02 3.68402441749146e-02 -7.57690801285483e-02 1.23695627246491e-01 -8.33553255916897e-02 9.79341939405019e-02 3.15710884794220e-01 5.39852619510830e-02 3.18336479257119e-01 2.55598277268765e-02 4.21441271687557e-02 2.62998526459311e-01 -1.63408802984528e-02 9.49178686012492e-03 -2.16440329088228e-01 -1.40644044314623e-01 2.21795902522409e-02 5.91242958397071e-01 4.45010013057376e-01 -2.33587135054455e-02 4.08077356089432e-03 1.30678610625628e-02 -3.93057675784367e-03 7.55383533616233e-03 -2.83209190890040e-02 1.12053793382936e-01 -1.17728984017011e-03 7.91318728307875e-02 4.65379778018978e-02 -3.93399400259685e-02 1.33798357583909e-01 1.41043087605786e-02 1.03692805270364e-01 4.38464345740814e-02 1.48561909498490e-04 2.60637702879641e-04 1.24188567139974e-02 3.86324083788054e-02 -1.84149696120522e-03 -8.28529072425592e-03 -8.42370663088444e-03 -3.15827133820877e-03 -1.92472743469710e-02 -1.99005590967882e-02 5.42960938984589e-03 2.65294120153130e-02 7.54461652255729e-03 5.87221821052171e-03 -1.25068604629050e-02 1.51601598613303e-02 8.48967590370628e-03 -1.60975332303354e-02 -2.19326518729118e-02 -2.26563656983999e-02 1.40271742815908e-02 7.35067684713715e-03 -2.08909010991314e-04 -1.36289549852349e-02 -2.82535725360395e-02 1.89337787763577e-06 3.33339348618851e-06 4.94220873860180e-04 6.16190388071586e-03 4.44377092637833e-06 -3.25142274878950e-04 -1.92190585882917e-04 4.87633871156494e-04 -1.33820985069491e-02 -7.97153219225635e-03 -2.32158005060775e-05 1.13935828105279e-03 -1.55940442580743e-04 -8.47359065221996e-06 -9.53048531817352e-04 4.81980238284080e-03 1.06639330668999e-03 1.90914235321486e-03 -6.01016309838107e-03 -3.71678455274767e-03 1.94295717527891e-03 1.81331047760440e-04 -9.88337739487752e-05 -1.35837559596919e-03 -1.01982792719012e-03 5.15746965242765e-03 1.16731565573383e-03 -5.77191802226095e-04 -7.56758552862120e-03 -2.45204749228916e-03
 8.30826157818617e-02 -2.04866500488557e-01 -9.34358799400606e-01 -5.18082885194840e-01 -7.06155336623807e-02 -1.51123763958462e-01 -9.04820501955039e+01 -2.68936405860917e-02 -5.61852425834571e-02 -2.24291956836280e+01 -2.93627972568149e-02 -1.43111590645473e+00 -1.62574465895857e+00 -4.70231138823592e-01 2.04744311338580e-02 -1.51151689998532e-01 -9.34792241246709e-02 1.31898385611134e-01 -3.86578305987892e-01 -5.46469414551508e+00 3.26059228241445e+00 4.64478125308858e+00 -4.13869579330602e+00 -5.79034206228233e+00 4.76430900360725e+00 -1.50951158386885e-01 -9.34254696114794e-02 -4.22050058151102e-01 -5.11841257791283e-03 -5.52724598394432e+00 4.68260149387720e-01 6.66412526291872e-01 -9.80883504620021e-01 -1.90087236828222e+00 1.16717929771874e+00 1.63577033328996e+00 2.55438806223295e+00 1.88483349755874e+00 2.66119327517177e+00 2.85495532429170e+00 -2.91066070248039e+00 -5.68052033825319e+00 -2.54085032126733e+00 -4.08849754372617e+00 9.84648188930964e-01 -3.00279229362888e-01 2.05857307456556e-01 1.56456244032952e-01 2.40684991718920e-01 1.28004887626322e+00 -1.49421657244308e-01 1.56235859893551e-01 5.46304403881260e-01 3.22242207487366e-01 4.06739114581202e-01 1.48064545305916e-02 2.45422457971138e-02 1.73447769006065e-01 2.37526842335101e-02 1.10988856873412e-02 -1.80400569897855e-01 -3.02201402338494e-02 3.03534044347608e-02 3.77918868533437e-01 1.46994383480391e-01 -3.51331930806609e-02 -4.75453895676073e-02 -9.20489207189346e-02 -1.27863308995261e-03 -7.50195355910425e-02 -4.68700239790347e-03 7.18910642559815e-02 1.45259140007581e-02 1.99799982167456e-02 4.69095132129978e-02 1.46459567172517e-02 3.39660940255053e-02 1.61878365993012e-03 -1.84949283680380e-02 4.31014862188112e-02 1.28307187637341e-04 2.24548651390911e-04 1.10288994337425e-02 3.70625844626942e-02 -1.51119280504580e-03 -8.37421268114212e-03 -6.17006478489591e-03 -2.17968257739309e-03 -3.21259523886349e-02 -1.56921360234947e-02 5.20333743238987e-03 2.28964671116916e-02 -3.68864451550277e-04 4.04353147565918e-03 -1.56405929672263e-02 1.66117932512922e-02 8.00390493323440e-03 -1.54357629940669e-02 -2.71296240128670e-02 -1.63821780548163e-02 1.85824252161256e-02 9.99124565595552e-03 1.00053627551470e-04 -2.64242699122243e-02 -3.30143198041663e-02 1.09312581412412e-06 1.92939574069714e-06 3.01686139424217e-04 4.13118523012180e-03 3.59496499812054e-06 -2.09328642418359e-04 -9.26858485652420e-05 6.16127985767743e-04 -1.16464665745819e-02 -3.81776897742806e-03 -2.17855410882229e-05 5.94945762709142e-04 -2.40572233962891e-04 -6.13079278605389e-06 -6.67036716365707e-04 3.68736249488296e-03 6.73994431574017e-04 1.29011141601504e-03 -4.36946913078327e-03 -1.65257225977566e-03 1.68989268408275e-03 1.36513735751616e-04 -6.54191145791066e-05 -1.15465958170424e-03 -6.37460536074665e-04 3.09921040174441e-03 4.97745360511441e-04 -2.18624880139410e-04 -3.70461965845504e-03 -2.90378403325848e-04
 2.53135575605801e-02 2.44638162502164e-02 -9.52874678891199e-02 -1.13951347640689e-01 -2.23638868494292e+01 -1.54652469822335e-02 -2.68936405860917e-02 -1.11374785938677e+01 -1.91631964745031e-02 -3.28841330210532e-02 -8.23485480130245e-01 -2.21307275693074e-02 1.30740487147963e-01 -8.75171427026885e-01 -2.52807751543810e-01 -1.34750663609252e+00 -1.77447074007642e+00 -3.94722189926178e+00 -2.81454301139693e+00 -9.37533479880517e-02 -1.39208138767351e+00 -1.84713473569425e+00 -4.08154582170587e+00 1.29501810926828e+00 -2.54254360200668e+00 4.02110643458937e+00 5.48546749283948e+00 3.69186098397104e+00 3.11940997208203e-01 2.92635985586743e-01 -2.08138545598315e-01 -3.20250167439587e-01 -1.26269467955406e+00 -1.17560075624955e+00 -1.07512977503703e+00 1.04300196526424e+00 1.94593988273214e+00 -2.20321704981203e+00 1.06191721793496e+00 1.96040519154113e+00 8.31249894067956e-01 -1.83412217986717e+00 -2.16777752378290e+00 1.56377131476809e+00 1.49977740361054e+00 -4.91799074146832e-02 4.38077863306277e-03 -7.11668269579191e-01 7.18728110950946e-02 2.39568686812489e-01 -9.86425916020008e-01 -6.43740731673796e-01 1.39113424609982e+00 8.50131413172824e-01 1.59002970796177e+00 1.46542875400961e-03 2.95868481330241e-03 3.39652633714467e-02 3.66626308692091e-02 -1.32742648849401e-01 -3.51904316450647e-02 -2.33827314260385e-03 -5.63940782112797e-01 -2.59107305698258e-02 2.42605112232509e-02 3.21071848122046e-01 -8.31568796396148e-03 -2.09788221556301e-02 1.89252325098888e-01 -4.82786764001192e-02 2.16298908055286e-01 7.32992587226076e-02 1.16610632937004e-01 -4.60179370410512e-01 -2.44072119126085e-01 -5.59460110905878e-02 -9.72425303047455e-03 -1.43193283628858e-01 1.78010351395947e-01 2.22964712688082e-02 2.90086954341035e-03 4.36565471233936e-03 1.88347874007064e-02 2.32742700706375e-02 6.04544427179461e-03 -2.60847492792511e-03 -1.42515804503957e-03 5.80548111169537e-03 5.75004499710755e-03 1.37479250372733e-02 -6.94447002061597e-03 1.06683322186618e-03 -2.07337800805757e-03 -5.95796889043848e-03 -3.01789924270577e-03 2.75231668814749e-02 3.35752619245628e-02 1.22800942703174e-02 -2.03979451982242e-02 -1.40318043832269e-02 1.31572352206371e-02 7.70952171855781e-03 2.46019262474315e-02 -7.82004952987783e-03 -1.27371753917838e-02 1.30608797083772e-05 2.80460384925331e-05 8.43069152679824e-04 2.56712350514647e-03 2.07686161804219e-03 -8.11426788123099e-04 -1.27701646124240e-04 1.60083496843794e-02 -6.18509100562860e-03 -1.57689156803135e-03 -4.54852536920113e-03 2.20416230488818e-04 -7.06969548432610e-04 -2.11321811355834e-03 -1.08431148980037e-03 -6.32479404687963e-03 -5.19027271888888e-03 7.51988508464382e-03 8.42869413792021e-03 5.08666680590168e-03 2.72518240015220e-03 8.78474302160768e-04 3.42634163895339e-03 -2.51309946651098e-03 -1.50474193927799e-03 4.97935967191620e-03 2.39451640215538e-03 8.99493502351540e-03 -5.79591657753778e-03 -1.16960699813912e-03
 8.59171164893187e-02 8.30645685152992e-02 -3.17964270055477e-01 -4.07496989894298e-01 -1.54652460064036e-02 -2.24065977294521e+01 -5.61852425834571e-02 -1.91631964745031e-02 -1.12311580983853e+01 -9.28939339202380e-02 -2.40234621269280e-01 -9.10674939088402e-01 4.64131548312996e-01 -2.21307282300923e-02 8.44715152410303e-01 3.56219067273881e+00 4.93307447447462e+00 -2.52727882243926e+00 2.64862735916759e+00 2.21932622517725e-01 -2.07022767036786e+00 -2.64582958781521e+00 1.42216213439136e+00 -3.16497338452508e+00 -3.74762356567912e+00 -1.56286384412800e-01 -5.32398019876781e-02 -2.68092431641142e-01 -5.08122533572510e+00 -2.70963564610066e-02 -2.70031007529946e-01 -4.11457535914302e-01 -1.77087041419330e+00 -1.74456755640499e+00 1.16680961177099e+00 -3.96303845623373e-01 2.77264855185597e+00 1.24358749987497e+00 -1.43747543367828e+00 2.94952026992682e+00 1.77746930264892e-01 3.29411346831829e-01 -3.00683960416076e+00 -2.01965702519265e+00 -1.24753589587086e+00 -8.03497720036966e-02 2.85760558373972e-02 8.46700095890158e-02 -6.50336605667267e-01 3.96447424924663e-01 -4.09486534035897e-01 -1.99028567153128e-01 9.48019218317608e-01 -3.33141208569197e-01 7.94363913903881e-01 3.85759710733100e-02 5.28693285045985e-02 -1.73654314365370e-01 -6.92803343804891e-01 -3.04563501933761e-03 6.59491505654216e-01 4.56608210952922e-01 -8.31715872758821e-03 1.71205457051850e+00 1.30821080005785e+00 1.44891751555191e-02 -9.79671400424717e-01 2.56302168407717e-02 1.08380772945106e-02 6.93151159273092e-01 -3.34175596480948e-01 -2.09644250204243e-02 -4.52455766936349e-01 7.67188638763629e-01 5.37333097601499e-01 -4.29359158130276e-01 -4.98548259730671e-02 1.88601158882595e-01 1.24745572501931e+00 1.83581171742775e-01 1.70687177517899e-02 2.60828269720140e-02 1.27566974992137e-01 1.38201739454444e-01 -9.98548981344423e-03 -1.77096734212267e-02 -2.99938095099433e-02 6.28561950962636e-03 9.82998749827529e-02 6.71124120919448e-02 9.48978303860361e-03 2.09702883521226e-02 2.30464903768450e-02 1.90223306907744e-02 2.37895881099761e-03 8.00637376437758e-02 8.06868021670707e-02 -5.07922644215756e-02 -2.33173169467123e-02 -4.44917184938348e-02 7.50147483911093e-02 7.16135055668918e-02 2.49691077224522e-03 -1.70275620654909e-03 -7.39115572598673e-02 3.94397483311359e-03 6.00605152367069e-03 3.63544301933961e-02 7.48102109610838e-02 1.43380765521080e-03 -1.47264880143750e-02 -7.19428707998965e-03 4.30782163607802e-03 -6.55082125727009e-02 -3.91235838117641e-02 -3.46795859869996e-03 1.54975940691510e-02 -4.21930501584370e-03 -2.48522217427607e-04 -1.59752269210448e-02 5.53191136297524e-02 3.06412764914260e-02 2.23749237793918e-02 -4.89298906051084e-02 -3.08597651954036e-02 3.04557491258130e-02 1.23282942755686e-02 -2.45390199303995e-03 -2.52500691890532e-02 -2.05305051829426e-02 5.92834271844486e-02 3.32987547129448e-02 -5.78690035563697e-03 -6.39860419759492e-02 -1.55468755982744e-02
 9.08167650919343e-02 8.77863212566228e-02 -3.38725841405478e-01 -4.20739314800840e-01 -2.68936387741213e-02 -5.61852429774393e-02 -2.24291956836280e+01 -3.28841330210532e-02 -9.28939339202380e-02 -1.12313321895302e+01 -2.21307266212521e-02 -8.64301214469763e-01 -1.03120133309605e+00 -2.66593204584476e-01 1.77517578655465e-02 -1.43708652688533e-01 -4.96301958138061e-02 7.18724779961425e-02 -2.46546136463629e-01 -4.90973739890370e+00 3.16195013492892e+00 4.43744684500214e+00 -2.23969751497988e+00 -3.00791324867839e+00 7.80192663699228e-01 -1.53113462866212e-01 -5.31706865850634e-02 -2.71058577791299e-01 -2.70894442776849e-02 -5.07622356996456e+00 -4.95847396760020e-01 -7.60617833001075e-01 -3.08439603955494e+00 -2.92674878605989e+00 2.01711297247205e+00 2.57003943517176e+00 2.88056571877554e+00 2.06484272818697e+00 2.65222142828883e+00 1.87563245612217e+00 -1.83210897596627e+00 -2.94018461650693e+00 -1.52893645376372e-01 -2.18734153104524e+00 5.87117475082528e-01 -1.27457493825362e+00 -7.70204453403427e-01 2.83920919893185e-01 2.84275642007816e-01 2.99210495068646e+00 -7.01898814990865e-01 -3.74181276612308e-01 1.60930864718355e+00 7.25384651388036e-01 5.72105040499554e-01 2.45713254080335e-02 3.52315642195674e-02 -4.42129761460177e-02 -3.38185669662483e-01 1.61367207889218e-02 4.04018455825556e-01 1.14933107457769e-01 3.43723320963297e-02 1.27946500264386e+00 2.03757475734680e-01 -4.29524138728282e-02 -3.26163149744738e-01 3.00507937066760e-01 1.14732755577379e-03 5.44608750481224e-01 -1.71416689569764e-01 6.23689543324826e-03 -2.32881391004198e-01 5.23555491391360e-01 1.40974632341438e-01 -5.11384379059156e-03 5.69755103093418e-02 2.16143498294867e-02 1.67286284107903e-01 -7.99558393239530e-02 1.45640094346192e-02 2.21452672083930e-02 1.04179035468372e-01 1.17548119021105e-01 -5.66373688120037e-03 -1.78972757009265e-02 -1.35721477066457e-02 1.40667713324140e-02 6.62969062729602e-02 6.05528619267848e-02 4.25762017054913e-03 1.01614323065062e-02 2.53449131414823e-03 7.63829110392073e-03 -6.30810286166794e-03 7.34947408482070e-02 6.96872271264664e-02 -4.25164032668088e-02 -4.84274444229258e-02 -1.73357127201185e-02 8.22541194509056e-02 8.54856185958339e-02 4.22024699879948e-03 -3.70443770784868e-02 -5.12215569150609e-02 2.28891454120800e-03 3.49901133831666e-03 2.22815547687524e-02 4.72112913599393e-02 1.16316255654451e-03 -1.08703333359982e-02 -2.47520582419156e-03 4.45586584825633e-03 -5.62901509400357e-02 -1.02711538186903e-02 -3.22260108162929e-03 6.70065428866400e-03 -7.30939656963547e-03 -5.78590049146499e-05 -1.31850773068189e-02 3.52891026900684e-02 1.84067430796982e-02 1.44158022802010e-02 -3.61615141681752e-02 -9.39717086851699e-03 2.19724868503974e-02 8.52700440589058e-03 -1.47043946197839e-03 -2.06238930403985e-02 -1.08054162968546e-02 2.83870368223746e-02 1.37746479182177e-02 -2.47652192155055e-03 -3.30892202179065e-02 4.18264333024007e-03
 3.44234269435350e-03 1.93833482391418e-03 -7.54504485441296e-02 -7.17014810727800e-02 -1.30329949539471e+00 -4.35359054592077e-01 -2.93627972568149e-02 -8.23485480130245e-01 -2.40234621269280e-01 -2.21307266212521e-02 -6.66966580625433e+01 -1.50937967640700e-01 7.26601105018407e-02 -2.97015465085178e-01 6.77107631190242e-03 2.25460100210912e+00 4.49785106548430e+00 5.47469612657368e+00 4.65310174728746e+00 1.06300684936662e-01 -1.29688365714938e+00 -2.45164287360102e+00 -3.09705751263676e+00 -1.07654082035224e+00 -3.75929830776438e+00 1.92221667138032e-01 2.19564716449935e-01 3.09478285013466e-01 9.07421162993204e+00 4.39428329254318e-02 5.09609247839023e-02 8.09080077419833e-03 -1.17366677556634e+00 -7.86957607630259e-01 -2.32614175234263e-01 6.59843183779438e-01 3.01320833737867e+00 -9.25452151832067e-01 -4.89002505961665e-02 1.96739967895613e+00 1.55351300096720e-01 -1.35485936418934e+00 -5.43926806023997e+00 1.19797547692599e+00 6.92107254447493e-01 2.29278712811979e-02 3.71526828063402e-02 -5.63406728690488e-02 -7.57340608212699e-03 1.84266920408902e-02 -2.67414893487911e-01 -8.86184393650323e-02 8.21904966422493e-01 -2.06493372923600e-03 8.84735044115300e-01 4.21591858775744e-04 1.01607161196069e-03 2.22785939048132e-02 1.81549843692232e-02 8.87238998905585e-02 -2.41198675585093e-02 -3.86687334316082e-03 -3.01194932475752e-01 -3.81817874457412e-03 2.67270413639917e-02 1.02868340044560e-01 -9.34261709611535e-03 -1.74764185388083e-02 6.26526090558025e-02 -1.72430941185479e-02 7.46598462975905e-02 -4.83084881759801e-02 9.52856704181604e-02 -2.46827810001898e-01 -1.48636223102168e-01 -2.40344230195080e-02 2.84416886458736e-02 -2.91061790651968e-02 1.23206602090672e-01 2.85055561711223e-02 2.11681047287883e-04 3.55784339276091e-04 7.09489047406065e-03 1.41431553068605e-02 3.31187177419880e-03 -5.43180594707480e-03 -5.24210280625870e-03 7.88563784147000e-03 -9.88438774660522e-03 -5.05023608267600e-03 -8.61139868002861e-03 1.39217515939044e-02 4.53053416324055e-03 -8.85543606201722e-03 -9.64220510122818e-03 1.14658716450440e-02 9.78495451801964e-03 -4.52339313400905e-03 -1.93305404512178e-02 -1.91145448692650e-02 5.66966192513835e-03 2.00592478345769e-03 8.61992348328928e-03 -4.89317705726807e-03 -7.47542398648844e-03 0.00000000000000e+00 0.00000000000000e+00 3.93315209117808e-05 6.40586270415950e-04 1.40620359991811e-04 -2.75906022848835e-05 -1.06591472047624e-05 4.10537027523737e-03 -2.48249271073074e-03 -8.93405656472241e-04 -6.94277650581486e-04 6.58508141495517e-05 -3.06824973768945e-05 -4.13543164908928e-04 -7.47447452963916e-05 -8.47791951723007e-04 -6.09430269775062e-04 1.05949346671594e-03 2.58377464907679e-03 1.73804933700422e-03 5.74456444075520e-04 5.46664369859263e-05 3.42141726843043e-04 -3.92372031488888e-04 -2.66518317523958e-04 1.36625398253115e-03 3.37104005317432e-04 1.85322850231523e-03 -1.95918157850720e-03 -5.60917318245209e-04
 1.34159452389698e-02 7.60451093301590e-03 -2.77376491821937e-01 -2.65241290242416e-01 -2.93628003951464e-02 -1.42464637136089e+00 -1.43111590645473e+00 -2.21307275693074e-02 -9.10674939088402e-01 -8.64301214469763e-01 -1.50937967640700e-01 -6.70662459539769e+01 -2.03764064766362e-01 -1.07637846834580e-01 2.96064878344236e-01 1.12023993490571e-01 1.60097036061017e-01 -1.19403872666182e-01 1.32881834097680e-01 8.17060727195406e+00 2.86111568577020e+00 5.74443303772368e+00 -3.38162840426907e+00 2.47526346386608e+00 3.93861552702965e+00 -8.76302641417231e-02 -4.81096618607706e-02 -1.74762114752252e-01 -2.99416044118805e-01 -2.92438024523618e-01 1.32744076053194e-01 3.38706949486124e-02 -2.89137891587332e+00 -1.97530030892571e+00 3.06252092888316e+00 1.63629541575775e+00 5.93911289969512e+00 2.03224193864660e+00 -1.15194790953202e-01 3.19986430036739e+00 -1.36250309469235e+00 -2.63219592793581e+00 -5.75024415108559e+00 -6.13408841419989e+00 -2.80600865104043e+00 -6.94451898491016e-02 5.39212033618427e-02 1.21941065394075e-01 -5.22854878935850e-01 5.77110256846135e-01 -1.66573222481553e-01 1.43788498087870e-03 7.89600636290419e-01 1.78755727750084e-02 5.20850592722726e-01 7.27256035651239e-02 1.12880109022462e-01 2.11069563289704e-01 -2.09950393421064e-01 2.01302983595458e-02 -5.98071719179603e-02 5.15953772702629e-02 3.58789867940365e-02 9.32574931590930e-01 3.92230078277548e-01 -4.37249260591009e-02 -5.74671276174934e-01 1.24094271818394e-01 4.80304739884897e-03 5.25853586460414e-01 -5.60734116302941e-02 9.85413722229704e-02 -1.09192973965297e-01 2.85433314889653e-01 1.56041053885146e-01 -8.40558760957815e-03 6.01270251715228e-02 1.96634405217001e-02 1.27531156231451e-01 1.53654348867373e-02 1.03761306276552e-03 1.75269052459207e-03 3.57685642459401e-02 6.35748958658497e-02 -6.13592207285380e-03 -2.67759299172694e-02 -2.32550809609500e-02 -2.27595804754543e-03 -2.41480818025539e-02 -1.36748399537224e-02 1.40571394552669e-02 5.71649512713791e-02 7.21386872964458e-03 1.34959702591769e-02 -3.15949576850459e-02 2.75719473424970e-02 1.85739613519302e-02 -2.90971025044613e-02 -3.86974761196271e-02 -2.89579451473233e-02 2.89189966125506e-02 2.01595295390932e-02 4.43037965406495e-04 -2.85353179216770e-02 -5.26627231382528e-02 1.40688687425137e-05 2.41546889609973e-05 1.55205683279908e-03 1.04706933695591e-02 2.47813796666256e-05 -1.21301455687331e-03 -5.66099324723322e-04 1.06463392383418e-03 -2.15040111169711e-02 -8.12706104487384e-03 -1.10357995705174e-04 2.86908128857820e-03 -9.98560702490994e-04 -2.47265515317100e-05 -3.01309606895207e-03 7.72282033952581e-03 2.17084945231905e-03 3.54225793860681e-03 -1.04845895955247e-02 -4.52571149647589e-03 3.48911602002519e-03 4.46956962937771e-04 -2.05407579338767e-04 -2.93338400156129e-03 -1.81197237575667e-03 6.70316690141494e-03 1.74238137835193e-03 -7.46312164665562e-04 -9.92286383116603e-03 -8.46233260055798e-04
 5.50153128498466e-03 3.08954765335706e-03 -1.23327184741072e-01 -1.16891119451398e-01 1.62007797253677e-01 6.69502735195348e-01 -1.62574465895857e+00 1.30740487147963e-01 4.64131548312996e-01 -1.03120133309605e+00 7.26601105018407e-02 -2.03764064766362e-01 -6.69867138465340e+01 -1.05063434025977e-01 -1.28219757475837e-01 1.96850735617188e+00 4.03241443279281e+00 -5.98426069742733e-01 2.09694270853882e+00 -2.42642510866147e-01 -1.91711896866878e+00 -4.00935498959955e+00 4.09575254140319e+00 5.84748818326039e+00 2.55170973808441e+00 2.08668796145799e+00 4.22905356490713e+00 2.29623271576206e+00 2.69775504274323e-01 -2.40637131617045e-01 8.42694035238161e-02 -4.83672583148653e-04 -2.13100023691426e+00 -1.40154941928369e+00 2.86736931674035e+00 3.95106244729891e+00 2.55176800942684e+00 2.12954942173418e+00 3.00764895222002e+00 1.70272063209650e-01 -5.33539667802411e+00 -5.65078949245390e+00 3.35655749815382e+00 -4.00545455789221e+00 1.78912881550586e+00 -5.93976940659819e-01 -2.24477142510103e-01 2.98719337839644e-01 4.14419154994103e-01 2.40655335261162e+00 3.89705038526397e-02 7.17048108289360e-02 2.73549272858349e-01 2.04448711122837e-01 -3.87922021260926e-01 -1.18148520937697e-02 -1.78052778211355e-02 7.88453478677575e-03 8.17628677131591e-02 9.98636150903102e-03 -7.97987505429299e-02 5.75975037146739e-02 3.82336464244838e-02 -3.14691084112789e-02 -2.96230388117579e-01 -4.15900515908301e-02 1.43012944012785e-01 4.41172324388828e-02 9.94232175785196e-04 -8.83491101320572e-02 2.87921260878096e-02 -1.22235560292531e-02 4.51328948378566e-02 -7.12106005598869e-02 -6.89837802349133e-02 7.33648984889129e-02 -4.39994584427915e-02 -2.81326370556027e-02 -2.76909861979409e-01 -4.17833979281057e-02 1.59554850630434e-04 2.66286948922682e-04 5.70087569025843e-03 1.53967526410341e-02 -1.02205471075889e-03 -7.52612676572717e-03 4.73442071043884e-04 1.52791075331680e-03 -2.52283570761596e-02 -2.28770394832012e-03 4.48690050280301e-03 7.00885564337124e-03 -1.53163909391877e-02 3.79467257870466e-05 -1.63925175016932e-02 9.32093228751921e-03 2.91190092048593e-03 -8.12909803431077e-03 -1.68614172401027e-02 2.17304217113255e-03 1.50019517189326e-02 1.10234780612603e-02 5.96645435710670e-04 -2.78218280397782e-02 -2.01103410514572e-02 -2.34371496307044e-06 -3.97416171022736e-06 -2.00311532375763e-04 -5.48670244132220e-04 1.21903758935259e-06 9.59562829320369e-05 1.96691861713168e-04 6.18010904091291e-04 -3.44148445752617e-03 2.87130165045236e-03 -1.52891960547382e-05 -7.92941863630220e-04 -4.36304855308461e-04 3.99797726885460e-06 2.33326246578809e-05 1.12428853088926e-04 -2.71764927275411e-04 -1.82181568398042e-05 1.02700778875717e-04 2.02245581481518e-03 4.98269393567169e-04 1.28505366126387e-05 8.81652715193314e-07 -3.76975885113234e-04 2.23125987593924e-04 -9.91789535053394e-04 -7.59902326648314e-04 3.05311981579556e-04 2.94641189948038e-03 2.25074544112318e-03
