S:
 1.00000000000000e+00 9.33746665827803e-01 1.86830126295597e-01 7.97603841182616e-02 0.00000000000000e+00 0.00000000000000e+00 0.00000000000000e+00 0.00000000000000e+00 0.00000000000000e+00 0.00000000000000e+00 0.00000000000000e+00 0.00000000000000e+00 0.00000000000000e+00 0.00000000000000e+00 0.00000000000000e+00 5.32229252298301e-02 4.13705213693878e-02 -3.42240730040799e-02 9.68040533996870e-02 0.00000000000000e+00 5.32229371685496e-02 4.13705369850650e-02 -3.42258530494253e-02 -4.84013783872379e-02 8.38344441516876e-02 5.32229355113329e-02 4.13705346806231e-02 1.02675780097820e-01 -1.25906985951549e-06 0.00000000000000e+00 0.00000000000000e+00 4.84321333068242e-06 1.14814315869514e-02 2.93438305564643e-02 -4.60206700905718e-03 -6.50813210434091e-03 -1.12725232125307e-02 -1.98685997321970e-02 -2.80976942559735e-02 -4.86670991714443e-02 1.07590411150952e-02 2.63537103066150e-02 1.97654805073399e-02 1.86353839624942e-02 -3.80359129587029e-03 1.14623990189332e-02 3.11844968413802e-03 -1.21637650326036e-03 -1.74673915258217e-03 -1.67157617915186e-02 1.14623944209448e-02 3.11844757884064e-03 -1.24195410468499e-02 -5.68093051757430e-03 -9.87061756587067e-03 0.00000000000000e+00 0.00000000000000e+00 5.04981353093770e-04 4.96809622151112e-03 -3.78558056905342e-07 -3.54502051595442e-04 -2.04366873548488e-04 -1.56340462758521e-05 -1.46405591011726e-02 -8.44013532248123e-03 2.70814892719503e-06 1.46201071969451e-03 -2.45486364105983e-04 1.56122060371146e-06 -1.26802646390464e-03 4.96460044056986e-03 7.62019769787692e-04 2.12468730959098e-03 -4.33905009700055e-03 -2.49676507891376e-03 4.96213827676253e-03 7.61383425713015e-04 -7.17619383825066e-04 -5.33304165926122e-03 -7.60635598430924e-04 0.00000000000000e+00 0.00000000000000e+00 4.87921212682632e-06 3.19141850087311e-04 -2.99925828262927e-07 -1.69077993963547e-06 -1.46327035460028e-06 -2.96138640298561e-04 -1.66943032803145e-03 -1.44479352295603e-03 2.89318021533314e-06 1.41151726312606e-05 2.19643623765986e-06 2.50387690299477e-06 -7.89829210251968e-06 6.46112739390535e-04 2.45772130120488e-05 -1.10904686693543e-04 -2.03078742647495e-04 -1.75958081130258e-04 6.46276268722362e-04 2.45876902487292e-05 -1.09592957235086e-05 -1.68059507979078e-04 -2.37067669137821e-04 0.00000000000000e+00 0.00000000000000e+00 0.00000000000000e+00 2.78537762278665e-05 0.00000000000000e+00 0.00000000000000e+00 0.00000000000000e+00 -3.06496820237993e-07 -3.09944380156333e-04 -1.78699738729937e-04 0.00000000000000e+00 1.77222661792805e-07 0.00000000000000e+00 0.00000000000000e+00 -1.53691087288014e-07 1.56747916932784e-04 2.26248235980761e-06 7.27346114307912e-06 -2.97511024902228e-05 -1.71365312413094e-05 5.01928900094476e-05 3.32394966294754e-07 -3.78726522403624e-07 -5.10499814955972e-06 -3.55560032921793e-06 1.56713521723918e-04 2.26164629913569e-06 -2.47635715570102e-06 -3.31622989120971e-05 -1.11806386410452e-05
 9.33746665827803e-01 1.00000000000000e+00 3.60036793224751e-01 1.74953027506644e-01 0.00000000000000e+00 0.00000000000000e+00 0.00000000000000e+00 0.00000000000000e+00 0.00000000000000e+00 0.00000000000000e+00 0.00000000000000e+00 0.00000000000000e+00 0.00000000000000e+00 0.00000000000000e+00 0.00000000000000e+00 1.00274885731299e-01 7.95368926576722e-02 -6.21718851279838e-02 1.75855471432918e-01 0.00000000000000e+00 1.00274907616687e-01 7.95369218329786e-02 -6.21751177032288e-02 -8.79265564221525e-02 1.52294711999985e-01 1.00274904408515e-01 7.95369174479753e-02 1.86522121595137e-01 -2.28721381324381e-06 0.00000000000000e+00 4.84321333068242e-06 4.12826761323734e-05 2.31479614205794e-02 5.58883330840316e-02 -9.38633598368606e-03 -1.32739298436706e-02 -2.29913406220552e-02 -3.70665431729160e-02 -5.24186108423651e-02 -9.07925649708442e-02 2.03928814484954e-02 4.99512999188166e-02 3.74638497156326e-02 3.53218443219279e-02 -7.20939585740251e-03 2.20139332109420e-02 6.21566436828139e-03 -2.34549443386697e-03 -3.36817338517282e-03 -3.22323936571599e-02 2.20139244042480e-02 6.21566018706036e-03 -2.39481480870278e-02 -1.09543311459022e-02 -1.90331519010108e-02 0.00000000000000e+00 0.00000000000000e+00 1.07301021557963e-03 9.70403745437380e-03 -8.30401042518889e-07 -7.77631433689858e-04 -4.48296714747379e-04 -2.98875843548791e-05 -2.79883310133006e-02 -1.61349918255247e-02 5.64435839832589e-06 3.04713913292571e-03 -5.11645429697819e-04 3.25391540446462e-06 -2.64283497172577e-03 9.57260425985683e-03 1.53003054177841e-03 4.15186760565368e-03 -8.47897073834569e-03 -4.87894759665838e-03 9.56787437972843e-03 1.52875802454645e-03 -1.40231421092291e-03 -1.04214020343652e-02 -1.48637304659350e-03 0.00000000000000e+00 0.00000000000000e+00 1.07022144068203e-05 6.33384113731507e-04 -6.85721983058561e-07 -3.86563897936401e-06 -3.34548263167643e-06 -5.74000481717251e-04 -3.23582836713051e-03 -2.80041867403730e-03 6.38671369365389e-06 3.11593331613259e-05 4.84864691788414e-06 5.52732415450141e-06 -1.74355299389135e-05 1.25198561467421e-03 4.97963846147729e-05 -2.20404479686401e-04 -4.03584969559170e-04 -3.49687199638726e-04 1.25230198601188e-03 4.98175762808283e-05 -2.17797337316771e-05 -3.33989648611750e-04 -4.71131615900907e-04 0.00000000000000e+00 0.00000000000000e+00 1.89283287455735e-07 5.56751924814253e-05 0.00000000000000e+00 0.00000000000000e+00 0.00000000000000e+00 -5.97579932212541e-07 -6.04301784856467e-04 -3.48412740980485e-04 0.00000000000000e+00 4.01160105306315e-07 0.00000000000000e+00 0.00000000000000e+00 -3.47894181080788e-07 3.04282982257368e-04 4.59917285374720e-06 1.45451042065218e-05 -5.94947684154757e-05 -3.42687790213984e-05 9.75344887376181e-05 6.76937273310188e-07 -7.60016833527396e-07 -1.02445545569636e-05 -7.13527027556320e-06 3.04216282263426e-04 4.59747520107097e-06 -4.95209918833807e-06 -6.63163604314692e-05 -2.23585000472850e-05
 1.86830126295597e-01 3.60036793224751e-01 1.00000000000000e+00 8.73147870969765e-01 0.00000000000000e+00 0.00000000000000e+00 0.00000000000000e+00 0.00000000000000e+00 0.00000000000000e+00 0.00000000000000e+00 0.00000000000000e+00 0.00000000000000e+00 0.00000000000000e+00 0.00000000000000e+00 0.00000000000000e+00 5.33686888746798e-01 4.46105418536448e-01 -1.99943252993100e-01 5.65546872024267e-01 0.00000000000000e+00 5.33686963585926e-01 4.46105514403204e-01 -1.99953619034183e-01 -2.82769600305319e-01 4.89775974839811e-01 5.33686952003800e-01 4.46105499953162e-01 5.99850478827349e-01 -7.35495242955746e-06 0.00000000000000e+00 1.14814315869514e-02 2.31479614205794e-02 2.11532088340600e-01 3.45179695447784e-01 -6.87525112256581e-02 -9.72281422329275e-02 -1.68405691724758e-01 -1.71999700495798e-01 -2.43237826152068e-01 -4.21304298795297e-01 7.16621787348547e-02 1.75532770558464e-01 1.31650894048032e-01 1.24123720295467e-01 -2.53343800164948e-02 1.65452949604552e-01 7.25400717292778e-02 -1.62746289656446e-02 -2.33706677824441e-02 -2.23650173785668e-01 1.65452892224835e-01 7.25400320757659e-02 -1.66168491523022e-01 -7.60085786943901e-02 -1.32064915122284e-01 5.04981353093770e-04 1.07301021557963e-03 2.59361068434318e-02 8.93786608760188e-02 -2.34252294301502e-05 -2.19365895999627e-02 -1.26462236130025e-02 -2.02849588132506e-04 -1.89959025212877e-01 -1.09509470847873e-01 7.34603070232754e-05 3.96578930365783e-02 -6.65896071793253e-03 4.23491860787674e-05 -3.43959571730953e-02 7.88675782513347e-02 2.24587194885981e-02 3.73662955677076e-02 -7.63096889734000e-02 -4.39099255815028e-02 7.88320231817330e-02 2.24425863317177e-02 -1.26223205698526e-02 -9.38037111089622e-02 -1.33789395210897e-02 4.87921212682632e-06 1.07022144068203e-05 7.20629375736995e-04 8.30167383743678e-03 -8.00370352367484e-05 -4.51194928760653e-04 -3.90482606979507e-04 -5.12751291313807e-03 -2.89054664830673e-02 -2.50159770406609e-02 3.26473558043203e-04 1.59279071532661e-03 2.47851247287057e-04 2.82543614968219e-04 -8.91262667717317e-04 1.15779925369165e-02 1.00962345984680e-03 -2.94533376237476e-03 -5.39323176345709e-03 -4.67297905750971e-03 1.15808122512720e-02 1.01002571542315e-03 -2.91039084581350e-04 -4.46305016022025e-03 -6.29565629909232e-03 0.00000000000000e+00 1.89283287455735e-07 2.48748705471518e-05 8.75637641594388e-04 0.00000000000000e+00 -1.52146270580073e-05 -8.77205733023669e-06 -6.06260797101567e-06 -6.13080488343779e-03 -3.53474139346620e-03 0.00000000000000e+00 5.20936550929806e-05 -8.74220724400782e-06 0.00000000000000e+00 -4.51766745289734e-05 2.93046413153628e-03 1.05325637612881e-04 2.28981364517739e-04 -9.36617104766718e-04 -5.39488185335896e-04 9.60332365371880e-04 1.65719017025233e-05 -1.31603112775676e-05 -1.77392816582874e-04 -1.23553023645179e-04 2.92983635690824e-03 1.05288346108942e-04 -7.79617810724925e-05 -1.04403030101686e-03 -3.51993857209515e-04
 7.97603841182616e-02 1.74953027506644e-01 8.73147870969765e-01 1.00000000000000e+00 0.00000000000000e+00 0.00000000000000e+00 0.00000000000000e+00 0.00000000000000e+00 0.00000000000000e+00 0.00000000000000e+00 0.00000000000000e+00 0.00000000000000e+00 0.00000000000000e+00 0.00000000000000e+00 0.00000000000000e+00 7.20096578711525e-01 5.55223204693235e-01 -1.67079618979476e-01 4.72590866895916e-01 0.00000000000000e+00 7.20096644173182e-01 5.55223276614742e-01 -1.67088267765785e-01 -2.36292209713103e-01 4.09274007108190e-01 7.20096635082890e-01 5.55223266611981e-01 5.01256135024079e-01 -6.14638462458321e-06 0.00000000000000e+00 2.93438305564643e-02 5.58883330840316e-02 3.45179695447784e-01 5.25149034443556e-01 -7.24071420375151e-02 -1.02396433313895e-01 -1.77357519287416e-01 -1.91357340154793e-01 -2.70612934443724e-01 -4.68719830056567e-01 4.64869127108320e-02 1.13867268496982e-01 8.54013052459669e-02 8.05184632004100e-02 -1.64342900258885e-02 3.13405525453566e-01 1.69684682592659e-01 -2.35476661559242e-02 -3.38148827627401e-02 -3.23598131777699e-01 3.13405443789116e-01 1.69684619254562e-01 -2.40428256708411e-01 -1.09976385727623e-01 -1.91083983268845e-01 4.96809622151112e-03 9.70403745437380e-03 8.93786608760188e-02 1.98270709398198e-01 -6.18825302695903e-05 -5.79498895418416e-02 -3.34075294555098e-02 -3.23764735832477e-04 -3.03190702059172e-01 -1.74786395748169e-01 1.12761179419913e-04 6.08745348551394e-02 -1.02214489144789e-02 6.50056262521255e-05 -5.27975075734352e-02 1.74816078258670e-01 7.40385943110224e-02 7.24205127681864e-02 -1.47897636584996e-01 -8.51028787343398e-02 1.74752200326745e-01 7.40001907874177e-02 -2.44677686842579e-02 -1.81834036819411e-01 -2.59344385229635e-02 3.19141850087311e-04 6.33384113731507e-04 8.30167383743678e-03 3.19766174714962e-02 -8.58324463414113e-04 -4.83865542441659e-03 -4.18757098811481e-03 -1.24724757335080e-02 -7.03114223849538e-02 -6.08503906980774e-02 1.77208565991275e-03 8.64560539352646e-03 1.34532687727013e-03 1.53363569632185e-03 -4.83773880915910e-03 3.39717812681971e-02 7.21770526236535e-03 -1.09704694879761e-02 -2.00881425765985e-02 -1.74054210535373e-02 3.39791360544875e-02 7.21993179490597e-03 -1.08394975232880e-03 -1.66222427071878e-02 -2.34476251184402e-02 2.78537762278665e-05 5.56751924814253e-05 8.75637641594388e-04 5.21594289238927e-03 -5.80009629914918e-07 -5.86532936850185e-04 -3.38168039031742e-04 -1.94872557285841e-05 -1.97064707892042e-02 -1.13618487980168e-02 1.54994293419715e-06 9.03678720662365e-04 -1.51652749111676e-04 8.93629963670351e-07 -7.83688510795765e-04 9.77463044418375e-03 1.21647233510522e-03 1.27634879231499e-03 -5.22073101523983e-03 -3.00712285792218e-03 3.45653211131431e-03 2.72587141851991e-04 -9.87109971822440e-05 -1.33056284504304e-03 -9.26728976343247e-04 9.77269964703683e-03 1.21612769887176e-03 -4.34587078006548e-04 -5.81980130039076e-03 -1.96214066034347e-03
 0.00000000000000e+00 0.00000000000000e+00 0.00000000000000e+00 0.00000000000000e+00 1.00000000000000e+00 0.00000000000000e+00 0.00000000000000e+00 6.58338631143568e-01 0.00000000000000e+00 0.00000000000000e+00 0.00000000000000e+00 0.00000000000000e+00 0.00000000000000e+00 0.00000000000000e+00 0.00000000000000e+00 9.20397279939106e-02 1.21374859276597e-01 2.75167419751690e-01 1.61746192271445e-01 0.00000000000000e+00 9.20445017826497e-02 1.21381165361506e-01 2.75161571714759e-01 -8.08761843446806e-02 1.40082991259989e-01 -2.76128726681633e-01 -3.64137189539672e-01 -1.82337581512737e-01 6.31225183717426e-06 0.00000000000000e+00 4.60206700905718e-03 9.38633598368606e-03 6.87525112256581e-02 7.24071420375151e-02 3.66406823730347e-02 -4.49829143073200e-02 -7.79134380521303e-02 1.38333208671714e-01 -5.91319712261755e-02 -1.02420557887066e-01 -4.51460628926965e-02 9.59994391767026e-02 1.06432201148672e-01 -7.81960219314616e-02 -7.34932557164022e-02 7.21147858873050e-03 4.62515590776837e-03 5.00788463511378e-02 -1.59630571452806e-03 -1.52761590350115e-02 7.36311994397490e-02 4.72241188770347e-02 -6.46956567619677e-02 -5.30084688313922e-02 -9.21022217118941e-02 3.78558056905342e-07 8.30401042518886e-07 2.34252294301490e-05 6.18825302695844e-05 3.78361461247681e-03 -2.41691841189062e-05 -1.39332845256061e-05 4.22129044486135e-02 -1.34965430393945e-04 -7.78061726039994e-05 -1.39910406017597e-02 5.15224480752291e-05 0.00000000000000e+00 -8.06569443635442e-03 -5.96268932459662e-05 -1.88383518649771e-02 -7.60259520243053e-03 2.19586882642591e-03 2.78542162945434e-02 1.60278015845482e-02 6.36423171363228e-03 2.56768089884663e-03 1.42666294094952e-02 -1.15724120220346e-02 -1.65053805817585e-03 2.99925828262927e-07 6.85721983058561e-07 8.00370352367484e-05 8.58324463414113e-04 3.06464009324162e-05 -5.39270765235619e-05 -4.66707054293190e-05 3.90774940072214e-03 -2.91808198564752e-03 -2.52542791684934e-03 -1.51076438590919e-04 2.30070865761440e-04 5.61031592593449e-05 -1.30747750578744e-04 -1.63903083843200e-04 2.70016593366639e-03 3.14080047704458e-04 -2.52318627153304e-04 -1.81958028022895e-03 -1.57657985741371e-03 2.66788472818487e-04 3.10375085926757e-05 7.31974948736548e-04 -1.48739878769442e-04 -2.09815067679586e-04 0.00000000000000e+00 0.00000000000000e+00 0.00000000000000e+00 5.80009629914933e-07 6.68874794749553e-07 0.00000000000000e+00 0.00000000000000e+00 6.00160347841450e-04 -3.91999254707752e-06 -2.26008956865076e-06 -4.94659015237955e-06 0.00000000000000e+00 0.00000000000000e+00 -2.85197740240180e-06 0.00000000000000e+00 -3.69758363655075e-04 -1.72204778650206e-05 4.05104102889902e-05 1.65787105661793e-04 9.54927936469437e-05 3.54206967205774e-05 7.78582486461816e-07 1.26388999190312e-05 -8.99492368233564e-06 -6.26490991174134e-06 1.25904305206970e-04 5.86280439066764e-06 7.63136377696176e-05 -6.29383758338217e-05 -2.12196160180416e-05
 0.00000000000000e+00 0.00000000000000e+00 0.00000000000000e+00 0.00000000000000e+00 0.00000000000000e+00 1.00000000000000e+00 0.00000000000000e+00 0.00000000000000e+00 6.58338631143568e-01 0.00000000000000e+00 0.00000000000000e+00 0.00000000000000e+00 0.00000000000000e+00 0.00000000000000e+00 0.00000000000000e+00 -2.60337763833519e-01 -3.43313264889352e-01 1.61746189564013e-01 -1.25153953077847e-01 0.00000000000000e+00 1.30167121041831e-01 1.71654326171397e-01 -8.08761844197096e-02 2.17978036105024e-01 1.98101998014048e-01 3.38628581788372e-06 4.46589851346716e-06 6.31274867653537e-06 3.32351180825303e-01 0.00000000000000e+00 6.50813210434091e-03 1.32739298436706e-02 9.72281422329275e-02 1.02396433313895e-01 -4.49829143073201e-02 4.83550162776989e-03 -1.10183304014224e-01 -5.91319711707719e-02 9.65239329903327e-02 -1.44840681009919e-01 -4.21302903669064e-03 -1.03195949250396e-02 1.50513849886575e-01 9.59994387858707e-02 6.47442902783790e-02 1.03558153651371e-02 6.64180903947715e-03 -1.59630566793476e-03 4.88981413049190e-02 -2.19368450788181e-02 3.36802884026001e-02 2.16011957378740e-02 -5.30084680444816e-02 2.69433723174208e-02 -4.21292793505397e-02 3.54502051595442e-04 7.77631433689858e-04 2.19365895999627e-02 5.79498895418416e-02 -2.41691841189064e-05 -1.88496346237816e-02 -1.30478557931647e-02 -1.34964856824634e-04 -8.41751416262796e-02 -7.28615229228900e-02 7.44321900961457e-05 4.01825791076720e-02 -2.35953459860383e-05 5.15225221677224e-05 -2.78554500434049e-02 3.84718037730891e-02 1.55260689063039e-02 2.78542166823391e-02 -4.10489157454503e-02 -3.27320801175816e-02 4.72962594048877e-02 1.90819110548380e-02 -1.15724119894252e-02 -7.01774130331195e-02 -1.22660963265761e-02 1.69077993963547e-06 3.86563897936401e-06 4.51194928760653e-04 4.83865542441659e-03 -5.39270765235619e-05 -2.63792084398223e-04 -2.63098021203776e-04 -2.91808187439622e-03 -1.20247962876850e-02 -1.42366622494726e-02 2.30677799077683e-04 1.12542486463599e-03 3.16271842199576e-04 2.30070862751603e-04 -5.27507347704258e-04 4.94430236225108e-03 5.75115286024900e-04 -1.81958026784472e-03 -2.59046814489688e-03 -2.88689200586341e-03 4.09117043866953e-03 4.75956593061496e-04 -1.48739889109633e-04 -1.53923435132942e-03 -3.21748960215349e-03 0.00000000000000e+00 0.00000000000000e+00 1.52146270580073e-05 5.86532936850185e-04 0.00000000000000e+00 -8.45894066229523e-06 -5.26268561054207e-06 -3.91997746311396e-06 -3.36390864042935e-03 -2.28550291654376e-03 0.00000000000000e+00 3.60675985738574e-05 -3.67542431271117e-06 0.00000000000000e+00 -2.88052227459691e-05 1.51244620181399e-03 7.04380178335592e-05 1.65787097965169e-04 -5.97088009130891e-04 -3.90600258355571e-04 4.77448998854425e-04 1.04948079448488e-05 -8.99492356876990e-06 -1.07939770674137e-04 -8.44470916442961e-05 1.68605569279072e-03 7.85121227463488e-05 -6.29383729789860e-05 -7.61829855014574e-04 -2.84163859651022e-04
 0.00000000000000e+00 0.00000000000000e+00 0.00000000000000e+00 0.00000000000000e+00 0.00000000000000e+00 0.00000000000000e+00 1.00000000000000e+00 0.00000000000000e+00 0.00000000000000e+00 6.58338631143568e-01 0.00000000000000e+00 0.00000000000000e+00 0.00000000000000e+00 0.00000000000000e+00 0.00000000000000e+00 0.00000000000000e+00 0.00000000000000e+00 0.00000000000000e+00 0.00000000000000e+00 3.32351115197865e-01 -2.25458212158010e-01 -2.97316842308997e-01 1.40082990665210e-01 1.98101997499072e-01 -1.07747981156161e-02 0.00000000000000e+00 0.00000000000000e+00 0.00000000000000e+00 0.00000000000000e+00 3.32351180449409e-01 1.12725232125307e-02 2.29913406220552e-02 1.68405691724758e-01 1.77357519287416e-01 -7.79134380521303e-02 -1.10183304014224e-01 -1.22395650570727e-01 -1.02420557940581e-01 -1.44840681313825e-01 -7.07268761519805e-02 9.59994403095134e-02 1.50807283027732e-01 7.68268959697403e-03 1.06639694615013e-01 -3.39382132276623e-02 9.91019997215826e-02 6.35600895033549e-02 -1.52761579387483e-02 -2.19368449241104e-02 -1.58738460884149e-01 5.85195061259940e-02 3.75320805860170e-02 -9.21022208864427e-02 -4.21292797804446e-02 -2.20091916508704e-02 2.04366873548488e-04 4.48296714747379e-04 1.26462236130025e-02 3.34075294555098e-02 -1.39332845256062e-05 -1.30478557931647e-02 -3.73831737662744e-03 -7.78058083063751e-05 -7.28615224689431e-02 2.09112528115547e-04 5.15224731197926e-05 1.38235406263447e-02 -1.39838904560334e-02 1.47616216229385e-05 -2.41241366715683e-02 2.21373464152256e-02 8.93397077579333e-03 1.60278017250353e-02 -3.27320799514902e-02 -2.99946510232385e-03 6.74572225158271e-03 2.72159522769350e-03 -1.65053806147138e-03 -1.22660962710071e-02 1.40743484854953e-02 1.46327035460028e-06 3.34548263167643e-06 3.90482606979507e-04 4.18757098811481e-03 -4.66707054293190e-05 -2.63098021203776e-04 -1.87483352561503e-04 -2.52542781870404e-03 -1.42366622748636e-02 -7.89560662403148e-03 2.30070863026166e-04 9.24229805120431e-04 -2.34356569386418e-05 1.63948236784028e-04 -6.28086308052849e-04 4.28400310487095e-03 4.98310072283079e-04 -1.57657985959823e-03 -2.88689203731151e-03 -1.75997026845143e-03 5.77107625560487e-03 6.71392657766523e-04 -2.09815082080372e-04 -3.21748958532259e-03 -3.79697246759473e-03 0.00000000000000e+00 0.00000000000000e+00 8.77205733023669e-06 3.38168039031742e-04 0.00000000000000e+00 -5.26268561054207e-06 -2.36533990538769e-06 -2.26008039953353e-06 -2.28550293548209e-03 -7.17552121589417e-04 0.00000000000000e+00 1.74926117317803e-05 -7.05891676913783e-06 0.00000000000000e+00 -1.94597880409929e-05 8.71163735925233e-04 4.05720527084918e-05 9.54927897102318e-05 -3.90600260222283e-04 -1.43942840248393e-04 3.32540339876817e-04 7.30957035292470e-06 -6.26490986837908e-06 -8.44470925292826e-05 -4.55106793978880e-05 5.68452127700523e-04 2.64702903406928e-05 -2.12196154595807e-05 -2.84163864135460e-04 -1.47920955754146e-05
 0.00000000000000e+00 0.00000000000000e+00 0.00000000000000e+00 0.00000000000000e+00 6.58338631143568e-01 0.00000000000000e+00 0.00000000000000e+00 1.00000000000000e+00 0.00000000000000e+00 0.00000000000000e+00 0.00000000000000e+00 0.00000000000000e+00 0.00000000000000e+00 0.00000000000000e+00 0.00000000000000e+00 1.82001905669776e-01 1.93129330447942e-01 5.62436496878884e-01 1.55801924473982e-01 0.00000000000000e+00 1.82011330635721e-01 1.93139334681954e-01 5.62430868179661e-01 -7.79039258218023e-02 1.34934840619913e-01 -5.46024531878554e-01 -5.79407980402424e-01 1.21745130772869e-01 6.08145022313408e-06 0.00000000000000e+00 1.98685997321970e-02 3.70665431729160e-02 1.71999700495798e-01 1.91357340154793e-01 1.38333208671714e-01 -5.91319711707719e-02 -1.02420557940581e-01 4.44253900659782e-01 -9.59935647870239e-02 -1.66267322217789e-01 -8.09245826433183e-02 7.14922670497049e-02 9.85738393884582e-02 -1.40166830087918e-01 -8.81811595213556e-02 3.06699286408039e-02 2.32910358941486e-02 2.14761888389024e-01 -3.99060941890767e-03 -3.81889166995723e-02 3.13148561931843e-01 2.37807986729155e-01 -7.21633165279174e-02 -1.32516067709144e-01 -2.30246684082050e-01 1.56340462758521e-05 2.98875843548789e-05 2.02849588132507e-04 3.23764735832470e-04 4.22129044486135e-02 -1.34964856824634e-04 -7.78058083063755e-05 2.11056430150740e-01 -4.35361767885601e-04 -2.50981466889744e-04 -6.38768581524512e-02 1.32372646387118e-04 1.71552605076808e-05 -3.68243673626179e-02 -1.83021186165022e-04 -1.13526632019394e-01 -7.08442094183352e-02 5.04915064094731e-02 1.16063860597478e-01 6.67851686644902e-02 3.83604706433668e-02 2.39353291421886e-02 1.00786403320117e-01 -4.82346913695214e-02 -6.87956804225837e-03 2.96138640298561e-04 5.74000481717251e-04 5.12751291313807e-03 1.24724757335080e-02 3.90774940072214e-03 -2.91808187439622e-03 -2.52542781870404e-03 4.12845059238087e-02 -2.13452545584615e-02 -1.84730592298398e-02 -6.02175945238214e-03 4.35249167363964e-03 1.38537331974554e-03 -5.21147778895689e-03 -3.66193011374433e-03 3.13117553213644e-02 1.19767423945696e-02 1.73802392890086e-03 -2.45453208469776e-02 -2.12673542612486e-02 3.09353466322073e-03 1.18334887177628e-03 1.50157201287739e-02 -2.00615417072419e-03 -2.82991629777160e-03 3.06496820237994e-07 5.97579932212542e-07 6.06260797101569e-06 1.94872557285841e-05 6.00160347841450e-04 -3.91997746311396e-06 -2.26008039953355e-06 1.02509664327257e-02 -5.10062936602181e-05 -2.94079395215493e-05 -1.16262984887622e-03 4.76406404017034e-06 -1.35702905201934e-07 -6.70319148751188e-04 -5.28120128130386e-06 -5.97571693184718e-03 -1.62415104376549e-03 2.25498468575002e-03 4.77564049914857e-03 2.75075227810811e-03 7.09902019633147e-04 1.46704083718662e-04 9.51110045757690e-04 -4.63375613501055e-04 -3.22738298934980e-04 2.03484965009178e-03 5.53026254027124e-04 3.28631190807295e-03 -1.81320142295181e-03 -6.11319210424577e-04
 0.00000000000000e+00 0.00000000000000e+00 0.00000000000000e+00 0.00000000000000e+00 0.00000000000000e+00 6.58338631143568e-01 0.00000000000000e+00 0.00000000000000e+00 1.00000000000000e+00 0.00000000000000e+00 0.00000000000000e+00 0.00000000000000e+00 0.00000000000000e+00 0.00000000000000e+00 0.00000000000000e+00 -5.14799102329486e-01 -5.46273435133602e-01 1.55801923492791e-01 1.76827173125076e-01 0.00000000000000e+00 2.57396034248084e-01 2.73133002548410e-01 -7.79039253894828e-02 5.07348871344264e-01 1.90821605100936e-01 6.69624252238751e-06 7.10530506838289e-06 6.08136945004674e-06 6.17518721081920e-01 0.00000000000000e+00 2.80976942559735e-02 5.24186108423650e-02 2.43237826152068e-01 2.70612934443724e-01 -5.91319712261755e-02 9.65239329903327e-02 -1.44840681313825e-01 -9.59935647870239e-02 3.76381619029174e-01 -2.35131234468658e-01 -3.65871039793601e-02 -8.96182050314624e-02 1.39400744184008e-01 7.14922665631605e-02 9.55196877105439e-02 4.40425818010412e-02 3.34463572514372e-02 -3.99060943975257e-03 2.11810240517279e-01 -5.48399867768223e-02 1.43240012198806e-01 1.08777823541350e-01 -1.32516065604924e-01 1.56925431177455e-01 -1.05319141342476e-01 1.46405591011726e-02 2.79883310133006e-02 1.89959025212877e-01 3.03190702059172e-01 -1.34965430393952e-04 -8.41751416262796e-02 -7.28615224689431e-02 -4.35361767885608e-04 -1.96639646597022e-01 -2.35032962986901e-01 1.61407708618039e-04 8.71364407761878e-02 1.60651679300704e-02 1.32373944318964e-04 -4.36363115977755e-02 2.31844819123723e-01 1.44678500366983e-01 1.16063860944733e-01 -1.29702276522294e-01 -1.36389102384509e-01 2.85078676650202e-01 1.77877172308712e-01 -4.82346905674697e-02 -2.51182766961678e-01 -5.11260194852997e-02 1.66943032803145e-03 3.23582836713051e-03 2.89054664830673e-02 7.03114223849538e-02 -2.91808198564752e-03 -1.20247962876850e-02 -1.42366622748636e-02 -2.13452545584615e-02 -7.52592549082380e-02 -1.04138672985569e-01 3.80277023213345e-03 1.85528562596078e-02 7.80980233431506e-03 4.35249188204456e-03 -6.81572149451666e-03 5.73352856777157e-02 2.19307394337184e-02 -2.45453206338417e-02 -2.98025631310516e-02 -3.89428768926281e-02 4.74389918785681e-02 1.81465165468372e-02 -2.00615424658805e-03 -1.56175992907551e-02 -4.33964351332573e-02 3.09944380156333e-04 6.04301784856467e-04 6.13080488343779e-03 1.97064707892042e-02 -3.91999254707752e-06 -3.36390864042935e-03 -2.28550293548209e-03 -5.10062936602190e-05 -4.13290079710827e-02 -2.97386807489059e-02 7.11330922307663e-06 4.14733425850199e-03 -1.37236060373704e-04 4.76407231688879e-06 -3.01533281223452e-03 2.44428562316826e-02 6.64336869015179e-03 4.77564039395542e-03 -1.61115879585343e-02 -1.12515774740259e-02 9.56903772567971e-03 1.97747986750505e-03 -4.63375615432817e-04 -5.26052858016634e-03 -4.35031185128829e-03 2.72498218737745e-02 7.40588737333561e-03 -1.81320147303226e-03 -2.08598947453208e-02 -8.18652099601202e-03
 0.00000000000000e+00 0.00000000000000e+00 0.00000000000000e+00 0.00000000000000e+00 0.00000000000000e+00 0.00000000000000e+00 6.58338631143568e-01 0.00000000000000e+00 0.00000000000000e+00 1.00000000000000e+00 0.00000000000000e+00 0.00000000000000e+00 0.00000000000000e+00 0.00000000000000e+00 0.00000000000000e+00 0.00000000000000e+00 0.00000000000000e+00 0.00000000000000e+00 0.00000000000000e+00 6.17518661502862e-01 -4.45827259151294e-01 -4.73084738909886e-01 1.34934840456871e-01 1.90821605775130e-01 2.87002872544275e-01 0.00000000000000e+00 0.00000000000000e+00 0.00000000000000e+00 0.00000000000000e+00 6.17518722790838e-01 4.86670991714443e-02 9.07925649708442e-02 4.21304298795297e-01 4.68719830056567e-01 -1.02420557887066e-01 -1.44840681009919e-01 -7.07268761519805e-02 -1.66267322217789e-01 -2.35131234468658e-01 1.04870267412848e-01 7.14922675076333e-02 6.50049028057982e-02 -8.88867103648828e-02 4.59666329975480e-02 -2.52743099129991e-02 4.21474092351164e-01 3.20071451692581e-01 -3.81889164380669e-02 -5.48399859827824e-02 -3.07261138044421e-01 2.48879542637559e-01 1.89001484345541e-01 -2.30246683696973e-01 -1.05319142950769e-01 3.45487361681742e-02 8.44013532248123e-03 1.61349918255247e-02 1.09509470847873e-01 1.74786395748169e-01 -7.78061726039923e-05 -7.28615229228900e-02 2.09112528115547e-04 -2.50981466889747e-04 -2.35032962986901e-01 7.55627511566515e-02 1.32373342100005e-04 7.58513915468485e-03 -5.45205126037867e-02 8.10002500404516e-06 -6.19804047239160e-02 1.33407550887420e-01 8.32505316089227e-02 6.67851687702932e-02 -1.36389101955196e-01 2.88434193048174e-02 4.06599094811298e-02 2.53700829717765e-02 -6.87956796512928e-03 -5.11260197531111e-02 9.99849618014274e-02 1.44479352295603e-03 2.80041867403730e-03 2.50159770406609e-02 6.08503906980774e-02 -2.52542791684934e-03 -1.42366622494726e-02 -7.89560662403148e-03 -1.84730592298398e-02 -1.04138672985569e-01 -4.50549610797037e-02 4.35249184254387e-03 1.43209359093899e-02 -3.60491036527377e-03 2.54037715689462e-03 -1.18821674486367e-02 4.96783009164085e-02 1.90019436905096e-02 -2.12673541019563e-02 -3.89428769678040e-02 -1.85995195616311e-02 6.69182681940579e-02 2.55977922977225e-02 -2.82991637062802e-03 -4.33964349866665e-02 -4.60692242327820e-02 1.78699738729937e-04 3.48412740980485e-04 3.53474139346620e-03 1.13618487980168e-02 -2.26008956865065e-06 -2.28550291654376e-03 -7.17552121589417e-04 -2.94079395215492e-05 -2.97386807489059e-02 -6.89494480753392e-03 4.76408655623958e-06 1.61500306308174e-03 -1.24015899171488e-03 1.59703965696431e-06 -2.40882669160514e-03 1.40789997905468e-02 3.82655718131748e-03 2.75075220467175e-03 -1.12515774288842e-02 -3.05835032220845e-03 6.66477682937574e-03 1.37730276530038e-03 -3.22738296875524e-04 -4.35031182704886e-03 -2.04447920883641e-03 9.18725239400269e-03 2.49688813284952e-03 -6.11319231334892e-04 -8.18652098652486e-03 6.61632682504674e-04
 0.00000000000000e+00 0.00000000000000e+00 0.00000000000000e+00 0.00000000000000e+00 0.00000000000000e+00 0.00000000000000e+00 0.00000000000000e+00 0.00000000000000e+00 0.00000000000000e+00 0.00000000000000e+00 1.00000000000000e+00 0.00000000000000e+00 0.00000000000000e+00 0.00000000000000e+00 0.00000000000000e+00 -1.05188233782913e-01 -1.84730302496042e-01 -3.07346476309365e-01 -6.66698901706901e-02 0.00000000000000e+00 5.25961232991544e-02 9.23686810499997e-02 1.53667501487643e-01 8.36162096778245e-02 8.67673668372069e-02 -4.10367008490996e-06 -7.20824646542518e-06 -3.37397605269694e-06 -4.01125750556709e-01 0.00000000000000e+00 1.07590411150952e-02 2.03928814484954e-02 7.16621787348547e-02 4.64869127108320e-02 4.51460628926965e-02 4.21302903669064e-03 -9.59994403095133e-02 8.09245826433183e-02 3.65871039793601e-02 -7.14922675076333e-02 1.71276202136270e-02 -7.70670526635608e-03 1.48768120033597e-01 -8.25836729865254e-02 -1.46328973313548e-02 1.32744534691400e-03 1.30630987065890e-03 1.07612543861092e-02 7.30302352888594e-03 -3.54477714343589e-03 4.40804418925846e-02 4.33785893747734e-02 -5.16198348560723e-02 3.83431855398918e-02 -6.95082902351244e-02 2.70814892719503e-06 5.64435839832595e-06 7.34603070232747e-05 1.12761179419910e-04 1.39910406017597e-02 -7.44321900961461e-05 -5.15224731197928e-05 6.38768581524511e-02 -1.61407708618035e-04 -1.32373342100012e-04 -3.62536893402224e-02 1.36003066699941e-04 2.72603639465861e-05 -2.55645467756704e-02 -1.41635111141551e-04 -2.86328492862614e-02 -1.89968719879653e-02 2.29191803264628e-03 4.27229494707321e-02 3.31865545410184e-02 1.18975820250412e-02 7.89166579895788e-03 3.35631938985038e-02 -2.44228847456813e-02 -4.20362122368325e-03 2.89318021533314e-06 6.38671369365389e-06 3.26473558043203e-04 1.77208565991275e-03 1.51076438590919e-04 -2.30677799077683e-04 -2.30070863026166e-04 6.02175945238214e-03 -3.80277023213344e-03 -4.35249184254387e-03 -5.47183385387763e-04 8.43555681708356e-04 3.22845380095488e-04 -5.52464896158403e-04 -5.43975188202579e-04 3.79324325604619e-03 8.17261467262864e-04 -6.57497005606934e-04 -3.18304533539712e-03 -3.48673663023769e-03 3.10043697273443e-04 6.68095333009843e-05 1.25682733284398e-03 -1.89003887298631e-04 -3.83856909475448e-04 0.00000000000000e+00 0.00000000000000e+00 0.00000000000000e+00 1.54994293419716e-06 4.94659015237955e-06 0.00000000000000e+00 0.00000000000000e+00 1.16262984887622e-03 -7.11330922307642e-06 -4.76408655623938e-06 -2.89496799394028e-05 2.26085946306715e-07 0.00000000000000e+00 -1.80784163901482e-05 -2.11570118489067e-07 -6.34010686012427e-04 -5.73949582457510e-05 1.03828099182486e-04 4.23839780969566e-04 2.75199491317132e-04 5.86670208523245e-05 2.57194449794003e-06 3.45670612171381e-05 -2.32975751565408e-05 -1.81124235017349e-05 2.40715755068957e-04 2.17882265734749e-05 2.30827729256552e-04 -1.83882202847269e-04 -6.81873151009329e-05
 0.00000000000000e+00 0.00000000000000e+00 0.00000000000000e+00 0.00000000000000e+00 0.00000000000000e+00 0.00000000000000e+00 0.00000000000000e+00 0.00000000000000e+00 0.00000000000000e+00 0.00000000000000e+00 0.00000000000000e+00 1.00000000000000e+00 0.00000000000000e+00 0.00000000000000e+00 0.00000000000000e+00 0.00000000000000e+00 0.00000000000000e+00 0.00000000000000e+00 0.00000000000000e+00 -3.78186580781437e-01 -1.28831466559373e-01 -2.26252275560016e-01 8.67673692705024e-02 -2.04813550804033e-01 -2.34414118672433e-02 0.00000000000000e+00 0.00000000000000e+00 0.00000000000000e+00 0.00000000000000e+00 4.91976685125243e-06 2.63537103066150e-02 4.99512999188166e-02 1.75532770558464e-01 1.13867268496982e-01 -9.59994391767026e-02 1.03195949250396e-02 -1.50807283027732e-01 -7.14922670497049e-02 8.96182050314624e-02 -6.50049028057983e-02 -7.70670526635607e-03 1.39675016656439e-03 9.71852688068710e-02 1.12623347389850e-01 1.18433836188861e-01 1.82420994095964e-02 1.79516504176582e-02 -3.54477764235290e-03 1.00360039192988e-01 -3.76940476604423e-02 3.50335964353546e-02 3.44757885584577e-02 -6.95082904536340e-02 3.04738248004630e-02 -1.94049421049568e-02 1.46201071969451e-03 3.04713913292571e-03 3.96578930365783e-02 6.08745348551394e-02 -5.15224480752299e-05 -4.01825791076720e-02 -1.38235406263447e-02 -1.32372646387119e-04 -8.71364407761878e-02 -7.58513915468485e-03 1.36003066699940e-04 3.71680040495056e-02 -2.95627114926355e-02 4.67875685893315e-05 -5.08977122829669e-02 3.36470680219215e-02 2.23236269198556e-02 3.31865548632915e-02 -5.02046436591074e-02 -8.46534248657119e-03 1.26107579119246e-02 8.36471544849322e-03 -4.20362126043018e-03 -2.58868640454915e-02 3.30734892716543e-02 1.41151726312606e-05 3.11593331613259e-05 1.59279071532661e-03 8.64560539352646e-03 -2.30070865761440e-04 -1.12542486463599e-03 -9.24229805120431e-04 -4.35249167363964e-03 -1.85528562596078e-02 -1.43209359093899e-02 8.43555681708356e-04 3.39543097072096e-03 3.19503190438198e-04 6.92751091027277e-04 -1.92901883751959e-03 6.01824714178681e-03 1.29664275695004e-03 -3.48673660411607e-03 -5.05012515172532e-03 -3.99179316694827e-03 6.70675750144853e-03 1.44520063147848e-03 -3.83856896926156e-04 -4.08846634276186e-03 -7.02888653525564e-03 1.77222661792805e-07 4.01160105306315e-07 5.20936550929806e-05 9.03678720662365e-04 0.00000000000000e+00 -3.60675985738574e-05 -1.74926117317803e-05 -4.76406404017039e-06 -4.14733425850199e-03 -1.61500306308174e-03 2.26085946306716e-07 1.02867016925397e-04 -3.43080917963945e-05 1.09650528551563e-07 -1.05275110365377e-04 1.49375150772716e-03 1.35224543998051e-04 2.75199482470635e-04 -9.98581459463443e-04 -4.27745433278742e-04 5.50783937504427e-04 2.41462005234794e-05 -1.81124233106327e-05 -2.18724750242549e-04 -1.33548652872163e-04 1.08682058252490e-03 9.83728365092912e-05 -6.81873139153588e-05 -8.30219674336203e-04 -6.19322962496955e-05
 0.00000000000000e+00 0.00000000000000e+00 0.00000000000000e+00 0.00000000000000e+00 0.00000000000000e+00 0.00000000000000e+00 0.00000000000000e+00 0.00000000000000e+00 0.00000000000000e+00 0.00000000000000e+00 0.00000000000000e+00 0.00000000000000e+00 1.00000000000000e+00 0.00000000000000e+00 0.00000000000000e+00 -9.66244780251479e-02 -1.69690738864196e-01 -1.21212636242440e-02 3.42854359679474e-02 0.00000000000000e+00 9.66245617904559e-02 1.69690895240644e-01 -1.42274196602897e-01 -2.01200747190130e-01 -2.18784372961786e-01 -9.66244770860982e-02 -1.69690745955801e-01 3.63650809113401e-02 -4.45153009842274e-07 0.00000000000000e+00 1.97654805073399e-02 3.74638497156326e-02 1.31650894048032e-01 8.54013052459670e-02 -1.06432201148672e-01 -1.50513849886575e-01 -7.68268959697403e-03 -9.85738393884582e-02 -1.39400744184008e-01 8.88867103648828e-02 1.48768120033597e-01 9.71852688068710e-02 -1.51786960112734e-01 6.87221949975959e-02 -5.25932668917381e-02 9.99716758731224e-02 9.83799352944547e-02 -2.38566091284848e-02 -3.42585297929649e-02 -1.45198243176428e-01 1.50420589969860e-03 1.48025584653142e-03 -4.82186268241573e-02 -2.20561021062094e-02 6.95292361230909e-02 -2.45486364105983e-04 -5.11645429697819e-04 -6.65896071793253e-03 -1.02214489144789e-02 0.00000000000000e+00 2.35953459860383e-05 1.39838904560334e-02 -1.71552605076822e-05 -1.60651679300704e-02 5.45205126037867e-02 2.72603639465865e-05 -2.95627114926355e-02 -2.38551563173044e-02 -3.15690127870861e-05 -1.27640282627343e-02 -9.74928599851365e-03 -6.46830250998967e-03 -9.83929310273657e-04 2.00938595882722e-03 3.15869007077098e-02 -2.49477222750956e-02 -1.65478235171683e-02 5.40038664093873e-03 4.01333746115398e-02 1.49951813748619e-02 2.19643623765986e-06 4.84864691788414e-06 2.47851247287057e-04 1.34532687727013e-03 -5.61031592593449e-05 -3.16271842199576e-04 2.34356569386418e-05 -1.38537331974553e-03 -7.80980233431506e-03 3.60491036527377e-03 3.22845380095488e-04 3.19503190438198e-04 -8.92106166988200e-04 5.66763679675203e-05 -8.81357845721134e-04 4.07508062194770e-04 8.77983756188240e-05 -7.21707446186311e-04 -1.32152615092540e-03 1.16633908355206e-03 4.08378198611442e-03 8.79990722656245e-04 -2.81719590545762e-04 -4.32013679949309e-03 -2.97994699453382e-03 0.00000000000000e+00 0.00000000000000e+00 -8.74220724400782e-06 -1.51652749111676e-04 0.00000000000000e+00 3.67542431271117e-06 7.05891676913783e-06 1.35702905201932e-07 1.37236060373704e-04 1.24015899171488e-03 0.00000000000000e+00 -3.43080917963945e-05 -1.79377286683133e-05 0.00000000000000e+00 2.59727301498797e-06 -2.96626419578415e-04 -2.68526399802322e-05 -2.35063273116012e-05 9.61494286160437e-05 2.75498671158138e-04 -8.05749406473944e-06 -3.53238180630341e-07 -1.29824463499032e-06 -1.74995362562168e-05 3.18394781224507e-05 -7.24197822033487e-04 -6.55502812969060e-05 3.48335072081180e-05 4.66475229927158e-04 3.00884979645280e-04
