Pao:
 1.13331950036098e-01 3.84910311883126e-01 1.79451875488871e-02 -5.63409038636756e-02 1.26506164635128e-03 -5.84579968489224e-08 0. -2.91458443185829e-08 5.18363925541619e-08 0. 2.58231869802728e-08 4.66240908446668e-08 0. 2.32423848366837e-08 0. 0. 2.67297190000303e-09 -8.27929515798433e-09 7.16429235815487e-10 8.23898944523431e-03 -2.67869478682681e-02 -5.22020056944556e-03 3.47488560685102e-09 0. 4.23840071207501e-03 8.23900007683972e-03 -2.67869334242207e-02 -5.22018526770099e-03 3.99600008221702e-03 0. -1.41279436167447e-03 8.23894624421813e-03 -2.67870070162631e-02 -5.22026305904325e-03 -1.99802047267075e-03 -3.46064484257931e-03 -1.41281249369557e-03 8.23894629009339e-03 -2.67870070265044e-02 -5.22026304380367e-03 -1.99802047276803e-03 3.46064484556516e-03 -1.41281249379890e-03
 3.84910311883126e-01 1.30749317262925e+00 5.68844927999250e-02 -1.79344235126721e-01 1.83206487041493e-03 -1.61361458196301e-07 0. -8.04712359981035e-08 4.46039629553805e-08 0. 2.22580032758407e-08 1.15258007877177e-07 0. 5.74767990955865e-08 0. 0. 4.18415105267397e-09 -2.12985323940832e-08 -4.78253626932422e-09 2.60553865620995e-02 -8.48234806386839e-02 -1.65820792439581e-02 5.84360716996169e-09 0. 1.33565882585687e-02 2.60554158477133e-02 -8.48234693199792e-02 -1.65820394739510e-02 1.25927072437537e-02 0. -4.45218287789433e-03 2.60552675439857e-02 -8.48235277322032e-02 -1.65822417672155e-02 -6.29641190836524e-03 -1.09056077576316e-02 -4.45223028771578e-03 2.60552676607697e-02 -8.48235279254390e-02 -1.65822417618492e-02 -6.29641192186933e-03 1.09056077806879e-02 -4.45223029732537e-03
 1.79451875488871e-02 5.68844927999250e-02 7.82684952090743e-02 -2.31826289992571e-01 4.59527751764988e-02 -7.80538908755132e-07 -1.88308551224456e-10 -3.88963592261850e-07 2.82953796229285e-06 7.37464039950797e-10 1.40986615492487e-06 9.10645302911702e-07 1.67534386688748e-10 4.53822702634732e-07 0. 0. 1.04610614581108e-07 -1.43301111683278e-07 1.55806825791926e-07 3.70746232829765e-02 -1.18475446719244e-01 -2.21265487256527e-02 1.28285915802748e-07 0. 1.99474669986888e-02 3.70747678440529e-02 -1.18474639835169e-01 -2.21262926195003e-02 1.88065825430903e-02 0. -6.64901216338665e-03 3.70740351098616e-02 -1.18478740711546e-01 -2.21275938366440e-02 -9.40351762609439e-03 -1.62874332965064e-02 -6.64930828431962e-03 3.70740355152768e-02 -1.18478739864083e-01 -2.21275935203064e-02 -9.40351754876262e-03 1.62874332307418e-02 -6.64930823069313e-03
 -5.63409038636756e-02 -1.79344235126721e-01 -2.31826289992571e-01 6.86747762244998e-01 -1.35838543015982e-01 6.47162611843766e-07 1.80993011373582e-10 3.22548610062944e-07 -5.53500598676885e-07 -4.13461916285129e-10 -2.75580314826698e-07 -5.75691203697960e-07 0. -2.87020423700831e-07 0. 0. -3.73407740715150e-08 1.08706288471367e-07 -1.49609106793546e-08 -1.09804436635060e-01 3.50909577071332e-01 6.55427296183779e-02 -2.82274758540956e-08 0. -5.90738217548318e-02 -1.09804527779340e-01 3.50909349333168e-01 6.55425365570030e-02 -5.56952858945887e-02 0. 1.96912047502407e-02 -1.09804069698660e-01 3.50910511619645e-01 6.55435177945343e-02 2.78479632160075e-02 4.82336646802492e-02 1.96914611437868e-02 -1.09804070451540e-01 3.50910511977861e-01 6.55435176079684e-02 2.78479632162284e-02 -4.82336647233744e-02 1.96914611470625e-02
 1.26506164635128e-03 1.83206487041493e-03 4.59527751764988e-02 -1.35838543015982e-01 2.77666139911257e-02 -1.46196329573449e-07 0. -7.28613405061389e-08 1.96696831733709e-07 1.14398848521527e-10 9.79642604722760e-08 1.37723899240155e-07 0. 6.86575485861841e-08 0. 0. 1.04777907645335e-08 -2.51016082697307e-08 8.01401920346841e-09 2.17892170688786e-02 -6.95916974486736e-02 -1.29785866848662e-02 9.42382764679988e-09 0. 1.17400376398026e-02 2.17892385926771e-02 -6.95916277618745e-02 -1.29785421044596e-02 1.10686023476443e-02 0. -3.91332822489056e-03 2.17891302485327e-02 -6.95919828486642e-02 -1.29787686660924e-02 -5.53436898107826e-03 -9.58573093248688e-03 -3.91338616528766e-03 2.17891304071507e-02 -6.95919828683400e-02 -1.29787686153415e-02 -5.53436897688572e-03 9.58573093667852e-03 -3.91338616296026e-03
 -5.84579968489224e-08 -1.61361458196301e-07 -7.80538908755132e-07 6.47162611843766e-07 -1.46196329573449e-07 1.93532407713554e-02 5.13629029938269e-10 2.70510591683768e-07 -9.09864180900380e-02 -8.95140978004148e-10 -6.76730552055632e-07 -2.46612967327281e-02 -1.83133213946697e-10 -2.00166437483831e-07 0. 0. -5.00002066877216e-08 3.67003539970633e-03 -5.19016758056263e-03 -3.31451184078581e-07 -1.85921476560769e-07 -1.55319057481294e-07 -4.08903929072213e-03 0. 3.14197202044237e-08 -1.32706679090443e-02 -8.51031304907924e-02 -2.22596765564274e-02 9.51232729683363e-03 0. -4.80883167215579e-03 6.63532221555560e-03 4.25522179336066e-02 1.11300594774770e-02 -6.88620338271534e-04 5.88968852124756e-03 2.40444168858946e-03 6.63532031915390e-03 4.25522178917878e-02 1.11300590750751e-02 -6.88620474736484e-04 -5.88968839634226e-03 2.40444159215088e-03
 0. 0. -1.88308551224456e-10 1.80993011373582e-10 0. 5.13629029938269e-10 1.93530192947419e-02 4.09609687919582e-10 -1.71172312037316e-09 -9.09859291585691e-02 -1.09775008946730e-09 -4.42378976039134e-10 -2.46612455273971e-02 -2.70273970314105e-10 5.19019226760945e-03 3.67001449335302e-03 0. 0. 0. -7.32476057373586e-10 -5.55017267894157e-10 -2.85925711417096e-10 0. -4.08901629936100e-03 1.26763513279747e-10 -4.44420238747250e-10 -9.61767698338303e-10 -3.19774288685015e-10 1.01906747307374e-10 -4.08901308065271e-03 -1.24702575815891e-10 1.14926882875728e-02 7.37014508817648e-02 1.92775025998628e-02 5.88960248689474e-03 6.11200504142392e-03 4.16457421066911e-03 -1.14926870881181e-02 -7.37014490708658e-02 -1.92775019625238e-02 -5.88960243695436e-03 6.11200465690693e-03 -4.16457417219541e-03
 -2.91458443185829e-08 -8.04712359981035e-08 -3.88963592261850e-07 3.22548610062944e-07 -7.28613405061389e-08 2.70510591683768e-07 4.09609687919582e-10 1.93530746684150e-02 -6.76671576684626e-07 -9.84532738811027e-10 -9.09860122214630e-02 -2.00146406498639e-07 -2.27627054991791e-10 -2.46611902538172e-02 0. 0. -6.35662650259711e-03 4.69494895093122e-08 -2.80340432850479e-08 -1.40755789443901e-02 -9.02655205191698e-02 -2.36099479231505e-02 -2.77448146851294e-08 0. 1.12125202430826e-02 4.69157190461917e-03 3.00882537626011e-02 7.86981629559375e-03 -4.80876816943038e-03 0. -2.38887344020517e-03 4.69191515776653e-03 3.00889126958870e-02 7.87013749879927e-03 2.40443953641362e-03 4.16463129934685e-03 -2.38882533059387e-03 4.69191387121128e-03 3.00889119915334e-02 7.87013706716943e-03 2.40443939808606e-03 -4.16463116817533e-03 -2.38882542612443e-03
 5.18363925541619e-08 4.46039629553805e-08 2.82953796229285e-06 -5.53500598676885e-07 1.96696831733709e-07 -9.09864180900380e-02 -1.71172312037316e-09 -6.76671576684626e-07 4.27759276866796e-01 9.03199985834677e-10 3.83794157098860e-07 1.15941463333164e-01 0. 1.82738282588120e-07 0. 0. 3.96068202178502e-08 -1.72541322268224e-02 2.44008103376156e-02 7.27616044487891e-07 -6.30036190763045e-07 2.41745004865805e-07 1.92240174610969e-02 1.16158044380184e-10 -1.69386994095987e-08 6.23898418655607e-02 4.00102061288752e-01 1.04651078444089e-01 -4.47211588586368e-02 1.20903753294444e-10 2.26080134682625e-02 -3.11952456795665e-02 -2.00050801452302e-01 -5.23258591723211e-02 3.23762237855961e-03 -2.76892022549214e-02 -1.13041313066028e-02 -3.11952375989183e-02 -2.00050806610254e-01 -5.23258586810450e-02 3.23762259223553e-03 2.76892021117490e-02 -1.13041311557773e-02
 0. 0. 7.37464039950797e-10 -4.13461916285129e-10 1.14398848521527e-10 -8.95140978004148e-10 -9.09859291585691e-02 -9.84532738811027e-10 9.03199985834677e-10 4.27759574812048e-01 7.36063871071761e-10 1.43383549450581e-10 1.15941926391169e-01 0. -2.44010745190736e-02 -1.72541386756052e-02 0. 0. 0. 2.68908335809111e-09 -1.55674207843457e-09 2.37797545639325e-10 0. 1.92240260641385e-02 0. 1.20552220181925e-09 -4.73679046656640e-10 1.80042092915676e-10 0. 1.92240109317625e-02 1.05073888481062e-10 -5.40315127735579e-02 -3.46498641342410e-01 -9.06308950590070e-02 -2.76892687865973e-02 -2.87348674530470e-02 -1.95792525542451e-02 5.40315084927897e-02 3.46498642885047e-01 9.06308946594950e-02 2.76892687130676e-02 -2.87348670368150e-02 1.95792525437383e-02
 2.58231869802728e-08 2.22580032758407e-08 1.40986615492487e-06 -2.75580314826698e-07 9.79642604722760e-08 -6.76730552055632e-07 -1.09775008946730e-09 -9.09860122214630e-02 3.83794157098860e-07 7.36063871071761e-10 4.27759131931240e-01 1.82719693878568e-07 0. 1.15941440642607e-01 0. 0. 2.98848687656854e-02 -1.07887063090302e-07 -2.77796694585271e-08 6.61743408452955e-02 4.24372465954074e-01 1.10999277313577e-01 4.71608619982989e-09 0. -5.27143405409128e-02 -2.20574332908979e-02 -1.41458070307702e-01 -3.69995035764532e-02 2.26080021175204e-02 0. 1.12308715054561e-02 -2.20584345249954e-02 -1.41457240121737e-01 -3.69999862371230e-02 -1.13041364436508e-02 -1.95792144366657e-02 1.12308672838974e-02 -2.20584294598407e-02 -1.41457243116505e-01 -3.69999858573445e-02 -1.13041362972640e-02 1.95792143429513e-02 1.12308673766813e-02
 4.66240908446668e-08 1.15258007877177e-07 9.10645302911702e-07 -5.75691203697960e-07 1.37723899240155e-07 -2.46612967327281e-02 -4.42378976039134e-10 -2.00146406498639e-07 1.15941463333164e-01 1.43383549450581e-10 1.82719693878568e-07 3.14252048919104e-02 0. 7.08599013692768e-08 0. 0. 1.62330998941466e-08 -4.67662409008331e-03 6.61368627180190e-03 2.77466728159507e-07 -3.10244106455599e-07 4.53150427685135e-08 5.21054910113809e-03 0. 2.23400350578827e-08 1.69104385081669e-02 1.08444905316487e-01 2.83649695970232e-02 -1.21213503224872e-02 0. 6.12774980542251e-03 -8.45521123367242e-03 -5.42227558136419e-02 -1.41826426515220e-02 8.77517855476935e-04 -7.50501773459642e-03 -3.06392387803773e-03 -8.45520906908430e-03 -5.42227573759857e-02 -1.41826425613424e-02 8.77517900262004e-04 7.50501770941676e-03 -3.06392384644207e-03
 0. 0. 1.67534386688748e-10 0. 0. -1.83133213946697e-10 -2.46612455273971e-02 -2.27627054991791e-10 0. 1.15941926391169e-01 0. 0. 3.14254340214400e-02 0. -6.61377968453175e-03 -4.67664125846634e-03 0. 0. 0. 6.85006969153704e-10 -5.55925146581475e-10 0. 0. 5.21056861403885e-03 0. 2.80141280394505e-10 -2.80031680328820e-10 0. 0. 5.21056451248993e-03 0. -1.46449501996796e-02 -9.39165882700086e-02 -2.45650153896499e-02 -7.50502700506289e-03 -7.78843085938989e-03 -5.30685083360036e-03 1.46449490685607e-02 9.39165891696391e-02 2.45650153999780e-02 7.50502699842238e-03 -7.78843081313095e-03 5.30685084134981e-03
 2.32423848366837e-08 5.74767990955865e-08 4.53822702634732e-07 -2.87020423700831e-07 6.86575485861841e-08 -2.00166437483831e-07 -2.70273970314105e-10 -2.46611902538172e-02 1.82738282588120e-07 0. 1.15941440642607e-01 7.08599013692768e-08 0. 3.14252032390935e-02 0. 0. 8.10010699822810e-03 -3.24171261054210e-08 -3.03944435207742e-09 1.79361756746195e-02 1.15023397470076e-01 3.00856404747713e-02 4.81573612347716e-09 0. -1.42878744440592e-02 -5.97848407034848e-03 -3.83413612065030e-02 -1.00284853297013e-02 6.12776674596017e-03 0. 3.04405563599167e-03 -5.97877265338328e-03 -3.83412465220084e-02 -1.00286450107425e-02 -3.06392357887606e-03 -5.30684377290641e-03 3.04404825728992e-03 -5.97877131288502e-03 -3.83412475413850e-02 -1.00286449621224e-02 -3.06392355579343e-03 5.30684376472698e-03 3.04404827070425e-03
 0. 0. 0. 0. 0. 0. 5.19019226760945e-03 0. 0. -2.44010745190736e-02 0. 0. -6.61377968453175e-03 0. 1.39193246100219e-03 9.84243365612246e-04 0. 0. 0. -1.51160129293435e-10 1.15551573933164e-10 0. 0. -1.09661342531904e-03 0. 0. 0. 0. 0. -1.09661256210930e-03 0. 3.08216821982292e-03 1.97656339126358e-02 5.16993973154875e-03 1.57950388686124e-03 1.63914890968456e-03 1.11687692951836e-03 -3.08216798664303e-03 -1.97656340464269e-02 -5.16993972135472e-03 -1.57950388258583e-03 1.63914889228670e-03 -1.11687692946014e-03
 0. 0. 0. 0. 0. 0. 3.67001449335302e-03 0. 0. -1.72541386756052e-02 0. 0. -4.67664125846634e-03 0. 9.84243365612246e-04 6.95964085825136e-04 0. 0. 0. -1.06828368995045e-10 0. 0. 0. -7.75421594618513e-04 0. 0. 0. 0. 0. -7.75420984237988e-04 0. 2.17941869099589e-03 1.39763922402808e-02 3.65569381006278e-03 1.11687618841438e-03 1.15905152368339e-03 7.89750033862783e-04 -2.17941852604054e-03 -1.39763923329976e-02 -3.65569380239596e-03 -1.11687618543081e-03 1.15905151112064e-03 -7.89750033638617e-04
 2.67297190000303e-09 4.18415105267397e-09 1.04610614581108e-07 -3.73407740715150e-08 1.04777907645335e-08 -5.00002066877216e-08 0. -6.35662650259711e-03 3.96068202178502e-08 0. 2.98848687656854e-02 1.62330998941466e-08 0. 8.10010699822810e-03 0. 0. 2.08786981848975e-03 -8.05344010244076e-09 -1.21100872165427e-09 4.62319231353089e-03 2.96482542341179e-02 7.75482707246237e-03 9.04439468585617e-10 0. -3.68282139296803e-03 -1.54101084664921e-03 -9.88279241994883e-03 -2.58492367828577e-03 1.57948055958051e-03 0. 7.84631263032163e-04 -1.54108359199509e-03 -9.88275234630553e-03 -2.58496208762856e-03 -7.89750308375719e-04 -1.36787997808862e-03 7.84629955153255e-04 -1.54108324536532e-03 -9.88275260196939e-03 -2.58496207324218e-03 -7.89750301859504e-04 1.36787997539244e-03 7.84629959011469e-04
 -8.27929515798433e-09 -2.12985323940832e-08 -1.43301111683278e-07 1.08706288471367e-07 -2.51016082697307e-08 3.67003539970633e-03 0. 4.69494895093122e-08 -1.72541322268224e-02 0. -1.07887063090302e-07 -4.67662409008331e-03 0. -3.24171261054210e-08 0. 0. -8.05344010244076e-09 6.95964050375385e-04 -9.84233027241761e-04 -5.74621576563109e-08 -2.21070020356637e-08 -2.54842019447092e-08 -7.75421497887975e-04 0. 4.63538848084768e-09 -2.51657067838316e-03 -1.61384738657424e-02 -4.22119798863686e-03 1.80386432794480e-03 0. -9.11918577752766e-04 1.25828485746459e-03 8.06933974572765e-03 2.11063625423146e-03 -1.30587047699451e-04 1.11688416489100e-03 4.55964391507302e-04 1.25828453514228e-03 8.06933997699811e-03 2.11063624048820e-03 -1.30587054462928e-04 -1.11688416104144e-03 4.55964386735542e-04
 7.16429235815487e-10 -4.78253626932422e-09 1.55806825791926e-07 -1.49609106793546e-08 8.01401920346841e-09 -5.19016758056263e-03 0. -2.80340432850479e-08 2.44008103376156e-02 0. -2.77796694585271e-08 6.61368627180190e-03 0. -3.03944435207742e-09 0. 0. -1.21100872165427e-09 -9.84233027241761e-04 1.39190329078552e-03 3.11713107786412e-08 -7.67462295689877e-08 2.48462482552824e-09 1.09660182575512e-03 0. 3.73099373814460e-09 3.55892377508305e-03 2.28231757718200e-02 5.96965108735214e-03 -2.55104745059730e-03 0. 1.28963537151453e-03 -1.77948054259049e-03 -1.14115374484777e-02 -2.98483496957514e-03 1.84686722353656e-04 -1.57948065344988e-03 -6.44826035107691e-04 -1.77948008640413e-03 -1.14115377732299e-02 -2.98483494953555e-03 1.84686732103061e-04 1.57948064781434e-03 -6.44826028229004e-04
 8.23898944523431e-03 2.60553865620995e-02 3.70746232829765e-02 -1.09804436635060e-01 2.17892170688786e-02 -3.31451184078581e-07 -7.32476057373586e-10 -1.40755789443901e-02 7.27616044487891e-07 2.68908335809111e-09 6.61743408452955e-02 2.77466728159507e-07 6.85006969153704e-10 1.79361756746195e-02 -1.51160129293435e-10 -1.06828368995045e-10 4.62319231353089e-03 -5.74621576563109e-08 3.11713107786412e-08 2.77992879033519e-02 9.52913010907260e-03 6.69081175493591e-03 3.12911017030381e-08 1.28083008027388e-10 1.29473849599173e-03 1.41499399953327e-02 -7.80042209962048e-02 -1.62044127789730e-02 1.24065954225445e-02 1.27576958329293e-10 -1.41242419667095e-03 1.41495848137290e-02 -7.80050940446148e-02 -1.62048576559094e-02 -6.20339598642198e-03 -1.07445552299617e-02 -1.41251194486546e-03 1.41495863516748e-02 -7.80050905004102e-02 -1.62048565040996e-02 -6.20339563897664e-03 1.07445548852630e-02 -1.41251170134456e-03
 -2.67869478682681e-02 -8.48234806386839e-02 -1.18475446719244e-01 3.50909577071332e-01 -6.95916974486736e-02 -1.85921476560769e-07 -5.55017267894157e-10 -9.02655205191698e-02 -6.30036190763045e-07 -1.55674207843457e-09 4.24372465954074e-01 -3.10244106455599e-07 -5.55925146581475e-10 1.15023397470076e-01 1.15551573933164e-10 0. 2.96482542341179e-02 -2.21070020356637e-08 -7.67462295689877e-08 9.52913010907260e-03 6.00355077161514e-01 1.43613989648547e-01 -4.24444660235151e-08 0. -8.24933549499322e-02 -7.80042748173715e-02 3.90033658249488e-02 -3.21337684096739e-03 -6.04027309847095e-03 0. 2.12073335068916e-02 -7.80048748042727e-02 3.90058069341120e-02 -3.21308661511292e-03 3.02019867598603e-03 5.23110136785337e-03 2.12075181991260e-02 -7.80048706886062e-02 3.90058007836590e-02 -3.21308721325289e-03 3.02019855259859e-03 -5.23110120399763e-03 2.12075181028338e-02
 -5.22020056944556e-03 -1.65820792439581e-02 -2.21265487256527e-02 6.55427296183779e-02 -1.29785866848662e-02 -1.55319057481294e-07 -2.85925711417096e-10 -2.36099479231505e-02 2.41745004865805e-07 2.37797545639325e-10 1.10999277313577e-01 4.53150427685135e-08 0. 3.00856404747713e-02 0. 0. 7.75482707246237e-03 -2.54842019447092e-08 2.48462482552824e-09 6.69081175493591e-03 1.43613989648547e-01 3.50588108962400e-02 7.29365488421968e-09 0. -1.93177033239039e-02 -1.62044494079429e-02 -3.21332995663320e-03 -3.34539339974425e-03 5.50181884584473e-04 0. 4.79392096783640e-03 -1.62047081894321e-02 -3.21327718888945e-03 -3.34549656044429e-03 -2.75104220389953e-04 -4.76517758385379e-04 4.79392888567745e-03 -1.62047069251574e-02 -3.21327779204972e-03 -3.34549644315059e-03 -2.75104171216138e-04 4.76517718362215e-04 4.79392891796301e-03
 3.47488560685102e-09 5.84360716996169e-09 1.28285915802748e-07 -2.82274758540956e-08 9.42382764679988e-09 -4.08903929072213e-03 0. -2.77448146851294e-08 1.92240174610969e-02 0. 4.71608619982989e-09 5.21054910113809e-03 0. 4.81573612347716e-09 0. 0. 9.04439468585617e-10 -7.75421497887975e-04 1.09660182575512e-03 3.12911017030381e-08 -4.24444660235151e-08 7.29365488421968e-09 8.63950514531581e-04 0. 1.06664342386318e-09 2.80387586515624e-03 1.79810713063447e-02 4.70314636171444e-03 -2.00982317452576e-03 0. 1.01603095013362e-03 -1.40195076787929e-03 -8.99052171386433e-03 -2.35158642019860e-03 1.45502846838853e-04 -1.24438578237609e-03 -5.08021710603882e-04 -1.40195039481641e-03 -8.99052188212371e-03 -2.35158638149907e-03 1.45502861519697e-04 1.24438577067201e-03 -5.08021700234925e-04
 0. 0. 0. 0. 0. 0. -4.08901629936100e-03 0. 1.16158044380184e-10 1.92240260641385e-02 0. 0. 5.21056861403885e-03 0. -1.09661342531904e-03 -7.75421594618513e-04 0. 0. 0. 1.28083008027388e-10 0. 0. 0. 8.63950686029783e-04 0. 0. 0. 0. 0. 8.63950005962737e-04 0. -2.42824070969835e-03 -1.55720627335634e-02 -4.07306065626170e-03 -1.24438880263571e-03 -1.29137926155425e-03 -8.79914989250475e-04 2.42824050011818e-03 1.55720627023650e-02 4.07306061177059e-03 1.24438879808825e-03 -1.29137922893111e-03 8.79914987593638e-04
 4.23840071207501e-03 1.33565882585687e-02 1.99474669986888e-02 -5.90738217548318e-02 1.17400376398026e-02 3.14197202044237e-08 1.26763513279747e-10 1.12125202430826e-02 -1.69386994095987e-08 0. -5.27143405409128e-02 2.23400350578827e-08 0. -1.42878744440592e-02 0. 0. -3.68282139296803e-03 4.63538848084768e-09 3.73099373814460e-09 1.29473849599173e-03 -8.24933549499322e-02 -1.93177033239039e-02 1.06664342386318e-09 0. 1.15811009809004e-02 1.21678766783611e-02 -1.27639295460865e-02 -1.07924536472691e-03 2.00803239454640e-03 0. -3.07898904433016e-03 1.21679645223388e-02 -1.27641077698174e-02 -1.07926397984721e-03 -1.00402632349993e-03 -1.73900219405551e-03 -3.07900922866406e-03 1.21679639545997e-02 -1.27641074854991e-02 -1.07926402467669e-03 -1.00402634585894e-03 1.73900221378006e-03 -3.07900924342189e-03
 8.23900007683972e-03 2.60554158477133e-02 3.70747678440529e-02 -1.09804527779340e-01 2.17892385926771e-02 -1.32706679090443e-02 -4.44420238747250e-10 4.69157190461917e-03 6.23898418655607e-02 1.20552220181925e-09 -2.20574332908979e-02 1.69104385081669e-02 2.80141280394505e-10 -5.97848407034848e-03 0. 0. -1.54101084664921e-03 -2.51657067838316e-03 3.55892377508305e-03 1.41499399953327e-02 -7.80042748173715e-02 -1.62044494079429e-02 2.80387586515624e-03 0. 1.21678766783611e-02 2.77992637728614e-02 9.52898024524670e-03 6.69077425599837e-03 1.22072280782224e-03 0. -4.31558923690947e-04 1.41496202569956e-02 -7.80050634380469e-02 -1.62048416512400e-02 -3.39953742632644e-03 -1.07445516314088e-02 -5.37777191733159e-03 1.41496215590383e-02 -7.80050623993317e-02 -1.62048411262527e-02 -3.39953726737419e-03 1.07445514817762e-02 -5.37777180492148e-03
 -2.67869334242207e-02 -8.48234693199792e-02 -1.18474639835169e-01 3.50909349333168e-01 -6.95916277618745e-02 -8.51031304907924e-02 -9.61767698338303e-10 3.00882537626011e-02 4.00102061288752e-01 -4.73679046656640e-10 -1.41458070307702e-01 1.08444905316487e-01 -2.80031680328820e-10 -3.83413612065030e-02 0. 0. -9.88279241994883e-03 -1.61384738657424e-02 2.28231757718200e-02 -7.80042209962048e-02 3.90033658249488e-02 -3.21332995663320e-03 1.79810713063447e-02 0. -1.27639295460865e-02 9.52898024524670e-03 6.00355240518002e-01 1.43613824669510e-01 -7.77754479830143e-02 0. 2.74976970513886e-02 -7.80047919404375e-02 3.90056235363796e-02 -3.21309683697069e-03 2.10013716494037e-02 5.23107214610437e-03 -4.22172313275457e-03 -7.80047866604863e-02 3.90056184862364e-02 -3.21309696441802e-03 2.10013716891356e-02 -5.23107215502144e-03 -4.22172309976325e-03
 -5.22018526770099e-03 -1.65820394739510e-02 -2.21262926195003e-02 6.55425365570030e-02 -1.29785421044596e-02 -2.22596765564274e-02 -3.19774288685015e-10 7.86981629559375e-03 1.04651078444089e-01 1.80042092915676e-10 -3.69995035764532e-02 2.83649695970232e-02 0. -1.00284853297013e-02 0. 0. -2.58492367828577e-03 -4.22119798863686e-03 5.96965108735214e-03 -1.62044127789730e-02 -3.21337684096739e-03 -3.34539339974425e-03 4.70314636171444e-03 0. -1.07924536472691e-03 6.69077425599837e-03 1.43613824669510e-01 3.50587236143349e-02 -1.82128649119422e-02 0. 6.43921957274859e-03 -1.62046559171909e-02 -3.21333398975453e-03 -3.34549644493468e-03 4.42804967057465e-03 -4.76526572810588e-04 -1.85735050257522e-03 -1.62046544345437e-02 -3.21333485762463e-03 -3.34549634904188e-03 4.42804971826210e-03 4.76526533416089e-04 -1.85735046769433e-03
 3.99600008221702e-03 1.25927072437537e-02 1.88065825430903e-02 -5.56952858945887e-02 1.10686023476443e-02 9.51232729683363e-03 1.01906747307374e-10 -4.80876816943038e-03 -4.47211588586368e-02 0. 2.26080021175204e-02 -1.21213503224872e-02 0. 6.12776674596017e-03 0. 0. 1.57948055958051e-03 1.80386432794480e-03 -2.55104745059730e-03 1.24065954225445e-02 -6.04027309847095e-03 5.50181884584473e-04 -2.00982317452576e-03 0. 2.00803239454640e-03 1.22072280782224e-03 -7.77754479830143e-02 -1.82128649119422e-02 1.03902923542813e-02 0. -3.36806593006299e-03 1.10047331087577e-02 -1.50309314975489e-02 -1.80140124785773e-03 -3.19591925923970e-03 -2.05433826609651e-03 1.77347828861561e-04 1.10047325979469e-02 -1.50309311126723e-02 -1.80140125536996e-03 -3.19591927121797e-03 2.05433827687079e-03 1.77347819598351e-04
 0. 0. 0. 0. 0. 0. -4.08901308065271e-03 0. 1.20903753294444e-10 1.92240109317625e-02 0. 0. 5.21056451248993e-03 0. -1.09661256210930e-03 -7.75420984237988e-04 0. 0. 0. 1.27576958329293e-10 0. 0. 0. 8.63950005962737e-04 0. 0. 0. 0. 0. 8.63949325896227e-04 0. -2.42823879801655e-03 -1.55720504773576e-02 -4.07305745042340e-03 -1.24438782300851e-03 -1.29137824523819e-03 -8.79914296945091e-04 2.42823858897435e-03 1.55720504431746e-02 4.07305740531162e-03 1.24438781865036e-03 -1.29137821220413e-03 8.79914294632024e-04
 -1.41279436167447e-03 -4.45218287789433e-03 -6.64901216338665e-03 1.96912047502407e-02 -3.91332822489056e-03 -4.80883167215579e-03 -1.24702575815891e-10 -2.38887344020517e-03 2.26080134682625e-02 1.05073888481062e-10 1.12308715054561e-02 6.12774980542251e-03 0. 3.04405563599167e-03 0. 0. 7.84631263032163e-04 -9.11918577752766e-04 1.28963537151453e-03 -1.41242419667095e-03 2.12073335068916e-02 4.79392096783640e-03 1.01603095013362e-03 0. -3.07898904433016e-03 -4.31558923690947e-04 2.74976970513886e-02 6.43921957274859e-03 -3.36806593006299e-03 0. 2.05473822600103e-03 -5.37774996408537e-03 -4.22164751526890e-03 -1.85734161804359e-03 6.73348232866206e-04 -5.93551478894591e-04 2.62413980324882e-04 -5.37774941303870e-03 -4.22164777541206e-03 -1.85734156632619e-03 6.73348254464857e-04 5.93551460929962e-04 2.62413995391574e-04
 8.23894624421813e-03 2.60552675439857e-02 3.70740351098616e-02 -1.09804069698660e-01 2.17891302485327e-02 6.63532221555560e-03 1.14926882875728e-02 4.69191515776653e-03 -3.11952456795665e-02 -5.40315127735579e-02 -2.20584345249954e-02 -8.45521123367242e-03 -1.46449501996796e-02 -5.97877265338328e-03 3.08216821982292e-03 2.17941869099589e-03 -1.54108359199509e-03 1.25828485746459e-03 -1.77948054259049e-03 1.41495848137290e-02 -7.80048748042727e-02 -1.62047081894321e-02 -1.40195076787929e-03 -2.42824070969835e-03 1.21679645223388e-02 1.41496202569956e-02 -7.80047919404375e-02 -1.62046559171909e-02 1.10047331087577e-02 -2.42823879801655e-03 -5.37774996408537e-03 2.77993754715472e-02 9.52970228873161e-03 6.69095362775589e-03 -6.10316589619846e-04 -1.05706618191702e-03 -4.31560418179276e-04 1.41496311621220e-02 -7.80047296469717e-02 -1.62047319099479e-02 -7.60533514748512e-03 8.31622970119831e-03 -5.37778114234183e-03
 -2.67870070162631e-02 -8.48235277322032e-02 -1.18478740711546e-01 3.50910511619645e-01 -6.95919828486642e-02 4.25522179336066e-02 7.37014508817648e-02 3.00889126958870e-02 -2.00050801452302e-01 -3.46498641342410e-01 -1.41457240121737e-01 -5.42227558136419e-02 -9.39165882700086e-02 -3.83412465220084e-02 1.97656339126358e-02 1.39763922402808e-02 -9.88275234630553e-03 8.06933974572765e-03 -1.14115374484777e-02 -7.80050940446148e-02 3.90058069341120e-02 -3.21327718888945e-03 -8.99052171386433e-03 -1.55720627335634e-02 -1.27641077698174e-02 -7.80050634380469e-02 3.90056235363796e-02 -3.21333398975453e-03 -1.50309314975489e-02 -1.55720504773576e-02 -4.22164751526890e-03 9.52970228873161e-03 6.00354468633472e-01 1.43614669611767e-01 3.88880911243988e-02 6.73555561569746e-02 2.74980016479154e-02 -7.80047321363632e-02 3.90049876719675e-02 -3.21305230691464e-03 -5.97025722801332e-03 -2.08032728799521e-02 -4.22161287537954e-03
 -5.22026305904325e-03 -1.65822417672155e-02 -2.21275938366440e-02 6.55435177945343e-02 -1.29787686660924e-02 1.11300594774770e-02 1.92775025998628e-02 7.87013749879927e-03 -5.23258591723211e-02 -9.06308950590070e-02 -3.69999862371230e-02 -1.41826426515220e-02 -2.45650153896499e-02 -1.00286450107425e-02 5.16993973154875e-03 3.65569381006278e-03 -2.58496208762856e-03 2.11063625423146e-03 -2.98483496957514e-03 -1.62048576559094e-02 -3.21308661511292e-03 -3.34549656044429e-03 -2.35158642019860e-03 -4.07306065626170e-03 -1.07926397984721e-03 -1.62048416512400e-02 -3.21309683697069e-03 -3.34549644493468e-03 -1.80140124785773e-03 -4.07305745042340e-03 -1.85734161804359e-03 6.69095362775589e-03 1.43614669611767e-01 3.50591666954819e-02 9.10658474326946e-03 1.57729425986646e-02 6.43931951489503e-03 -1.62047324883359e-02 -3.21305160808737e-03 -3.34539329141913e-03 -2.62665682734249e-03 -3.59663193436181e-03 -1.85732789641963e-03
 -1.99802047267075e-03 -6.29641190836524e-03 -9.40351762609439e-03 2.78479632160075e-02 -5.53436898107826e-03 -6.88620338271534e-04 5.88960248689474e-03 2.40443953641362e-03 3.23762237855961e-03 -2.76892687865973e-02 -1.13041364436508e-02 8.77517855476935e-04 -7.50502700506289e-03 -3.06392357887606e-03 1.57950388686124e-03 1.11687618841438e-03 -7.89750308375719e-04 -1.30587047699451e-04 1.84686722353656e-04 -6.20339598642198e-03 3.02019867598603e-03 -2.75104220389953e-04 1.45502846838853e-04 -1.24438880263571e-03 -1.00402632349993e-03 -3.39953742632644e-03 2.10013716494037e-02 4.42804967057465e-03 -3.19591925923970e-03 -1.24438782300851e-03 6.73348232866206e-04 -6.10316589619846e-04 3.88880911243988e-02 9.10658474326946e-03 3.24558871430226e-03 4.12507398823188e-03 1.68406502557343e-03 -7.60533495723358e-03 -5.97025725047563e-03 -2.62665680736983e-03 -3.39114701963385e-04 -4.05005479556045e-04 -8.50700847917198e-04
 -3.46064484257931e-03 -1.09056077576316e-02 -1.62874332965064e-02 4.82336646802492e-02 -9.58573093248688e-03 5.88968852124756e-03 6.11200504142392e-03 4.16463129934685e-03 -2.76892022549214e-02 -2.87348674530470e-02 -1.95792144366657e-02 -7.50501773459642e-03 -7.78843085938989e-03 -5.30684377290641e-03 1.63914890968456e-03 1.15905152368339e-03 -1.36787997808862e-03 1.11688416489100e-03 -1.57948065344988e-03 -1.07445552299617e-02 5.23110136785337e-03 -4.76517758385379e-04 -1.24438578237609e-03 -1.29137926155425e-03 -1.73900219405551e-03 -1.07445516314088e-02 5.23107214610437e-03 -4.76526572810588e-04 -2.05433826609651e-03 -1.29137824523819e-03 -5.93551478894591e-04 -1.05706618191702e-03 6.73555561569746e-02 1.57729425986646e-02 4.12507398823188e-03 8.00873373505285e-03 2.91686437579998e-03 -8.31623022634682e-03 2.08032730897702e-02 3.59663185488225e-03 4.05005448421017e-04 -4.14818847106630e-03 2.86380989676282e-04
 -1.41281249369557e-03 -4.45223028771578e-03 -6.64930828431962e-03 1.96914611437868e-02 -3.91338616528766e-03 2.40444168858946e-03 4.16457421066911e-03 -2.38882533059387e-03 -1.13041313066028e-02 -1.95792525542451e-02 1.12308672838974e-02 -3.06392387803773e-03 -5.30685083360036e-03 3.04404825728992e-03 1.11687692951836e-03 7.89750033862783e-04 7.84629955153255e-04 4.55964391507302e-04 -6.44826035107691e-04 -1.41251194486546e-03 2.12075181991260e-02 4.79392888567745e-03 -5.08021710603882e-04 -8.79914989250475e-04 -3.07900922866406e-03 -5.37777191733159e-03 -4.22172313275457e-03 -1.85735050257522e-03 1.77347828861561e-04 -8.79914296945091e-04 2.62413980324882e-04 -4.31560418179276e-04 2.74980016479154e-02 6.43931951489503e-03 1.68406502557343e-03 2.91686437579998e-03 2.05477044426297e-03 -5.37778103290616e-03 -4.22161284069707e-03 -1.85732787516456e-03 -8.50700846418453e-04 -2.86381012824331e-04 2.62421877249609e-04
 8.23894629009339e-03 2.60552676607697e-02 3.70740355152768e-02 -1.09804070451540e-01 2.17891304071507e-02 6.63532031915390e-03 -1.14926870881181e-02 4.69191387121128e-03 -3.11952375989183e-02 5.40315084927897e-02 -2.20584294598407e-02 -8.45520906908430e-03 1.46449490685607e-02 -5.97877131288502e-03 -3.08216798664303e-03 -2.17941852604054e-03 -1.54108324536532e-03 1.25828453514228e-03 -1.77948008640413e-03 1.41495863516748e-02 -7.80048706886062e-02 -1.62047069251574e-02 -1.40195039481641e-03 2.42824050011818e-03 1.21679639545997e-02 1.41496215590383e-02 -7.80047866604863e-02 -1.62046544345437e-02 1.10047325979469e-02 2.42823858897435e-03 -5.37774941303870e-03 1.41496311621220e-02 -7.80047321363632e-02 -1.62047324883359e-02 -7.60533495723358e-03 -8.31623022634682e-03 -5.37778103290616e-03 2.77993729491615e-02 9.52969393280039e-03 6.69095121621113e-03 -6.10316990130420e-04 1.05706731639960e-03 -4.31560726330679e-04
 -2.67870070265044e-02 -8.48235279254390e-02 -1.18478739864083e-01 3.50910511977861e-01 -6.95919828683400e-02 4.25522178917878e-02 -7.37014490708658e-02 3.00889119915334e-02 -2.00050806610254e-01 3.46498642885047e-01 -1.41457243116505e-01 -5.42227573759857e-02 9.39165891696391e-02 -3.83412475413850e-02 -1.97656340464269e-02 -1.39763923329976e-02 -9.88275260196939e-03 8.06933997699811e-03 -1.14115377732299e-02 -7.80050905004102e-02 3.90058007836590e-02 -3.21327779204972e-03 -8.99052188212371e-03 1.55720627023650e-02 -1.27641074854991e-02 -7.80050623993317e-02 3.90056184862364e-02 -3.21333485762463e-03 -1.50309311126723e-02 1.55720504431746e-02 -4.22164777541206e-03 -7.80047296469717e-02 3.90049876719675e-02 -3.21305160808737e-03 -5.97025725047563e-03 2.08032730897702e-02 -4.22161284069707e-03 9.52969393280039e-03 6.00354481146379e-01 1.43614670806238e-01 3.88880912322879e-02 -6.73555566579119e-02 2.74980017853100e-02
 -5.22026304380367e-03 -1.65822417618492e-02 -2.21275935203064e-02 6.55435176079684e-02 -1.29787686153415e-02 1.11300590750751e-02 -1.92775019625238e-02 7.87013706716943e-03 -5.23258586810450e-02 9.06308946594950e-02 -3.69999858573445e-02 -1.41826425613424e-02 2.45650153999780e-02 -1.00286449621224e-02 -5.16993972135472e-03 -3.65569380239596e-03 -2.58496207324218e-03 2.11063624048820e-03 -2.98483494953555e-03 -1.62048565040996e-02 -3.21308721325289e-03 -3.34549644315059e-03 -2.35158638149907e-03 4.07306061177059e-03 -1.07926402467669e-03 -1.62048411262527e-02 -3.21309696441802e-03 -3.34549634904188e-03 -1.80140125536996e-03 4.07305740531162e-03 -1.85734156632619e-03 -1.62047319099479e-02 -3.21305230691464e-03 -3.34539329141913e-03 -2.62665680736983e-03 3.59663185488225e-03 -1.85732787516456e-03 6.69095121621113e-03 1.43614670806238e-01 3.50591664857221e-02 9.10658468927161e-03 -1.57729424799022e-02 6.43931948636204e-03
 -1.99802047276803e-03 -6.29641192186933e-03 -9.40351754876262e-03 2.78479632162284e-02 -5.53436897688572e-03 -6.88620474736484e-04 -5.88960243695436e-03 2.40443939808606e-03 3.23762259223553e-03 2.76892687130676e-02 -1.13041362972640e-02 8.77517900262004e-04 7.50502699842238e-03 -3.06392355579343e-03 -1.57950388258583e-03 -1.11687618543081e-03 -7.89750301859504e-04 -1.30587054462928e-04 1.84686732103061e-04 -6.20339563897664e-03 3.02019855259859e-03 -2.75104171216138e-04 1.45502861519697e-04 1.24438879808825e-03 -1.00402634585894e-03 -3.39953726737419e-03 2.10013716891356e-02 4.42804971826210e-03 -3.19591927121797e-03 1.24438781865036e-03 6.73348254464857e-04 -7.60533514748512e-03 -5.97025722801332e-03 -2.62665682734249e-03 -3.39114701963385e-04 4.05005448421017e-04 -8.50700846418453e-04 -6.10316990130420e-04 3.88880912322879e-02 9.10658468927161e-03 3.24558870790525e-03 -4.12507395582717e-03 1.68406502336592e-03
 3.46064484556516e-03 1.09056077806879e-02 1.62874332307418e-02 -4.82336647233744e-02 9.58573093667852e-03 -5.88968839634226e-03 6.11200465690693e-03 -4.16463116817533e-03 2.76892021117490e-02 -2.87348670368150e-02 1.95792143429513e-02 7.50501770941676e-03 -7.78843081313095e-03 5.30684376472698e-03 1.63914889228670e-03 1.15905151112064e-03 1.36787997539244e-03 -1.11688416104144e-03 1.57948064781434e-03 1.07445548852630e-02 -5.23110120399763e-03 4.76517718362215e-04 1.24438577067201e-03 -1.29137922893111e-03 1.73900221378006e-03 1.07445514817762e-02 -5.23107215502144e-03 4.76526533416089e-04 2.05433827687079e-03 -1.29137821220413e-03 5.93551460929962e-04 8.31622970119831e-03 -2.08032728799521e-02 -3.59663193436181e-03 -4.05005479556045e-04 -4.14818847106630e-03 -2.86381012824331e-04 1.05706731639960e-03 -6.73555566579119e-02 -1.57729424799022e-02 -4.12507395582717e-03 8.00873369064503e-03 -2.91686435547537e-03
 -1.41281249379890e-03 -4.45223029732537e-03 -6.64930823069313e-03 1.96914611470625e-02 -3.91338616296026e-03 2.40444159215088e-03 -4.16457417219541e-03 -2.38882542612443e-03 -1.13041311557773e-02 1.95792525437383e-02 1.12308673766813e-02 -3.06392384644207e-03 5.30685084134981e-03 3.04404827070425e-03 -1.11687692946014e-03 -7.89750033638617e-04 7.84629959011469e-04 4.55964386735542e-04 -6.44826028229004e-04 -1.41251170134456e-03 2.12075181028338e-02 4.79392891796301e-03 -5.08021700234925e-04 8.79914987593638e-04 -3.07900924342189e-03 -5.37777180492148e-03 -4.22172309976325e-03 -1.85735046769433e-03 1.77347819598351e-04 8.79914294632024e-04 2.62413995391574e-04 -5.37778114234183e-03 -4.22161287537954e-03 -1.85732789641963e-03 -8.50700847917198e-04 2.86380989676282e-04 2.62421877249609e-04 -4.31560726330679e-04 2.74980017853100e-02 6.43931948636204e-03 1.68406502336592e-03 -2.91686435547537e-03 2.05477044339229e-03
