S:
 1.00000000000000e+00 9.33746663323380e-01 8.48174731285821e-02 2.06008557949724e-01 5.88563812688154e-01 0.00000000000000e+00 0.00000000000000e+00 0.00000000000000e+00 0.00000000000000e+00 0.00000000000000e+00 0.00000000000000e+00 0.00000000000000e+00 0.00000000000000e+00 0.00000000000000e+00 0.00000000000000e+00 0.00000000000000e+00 0.00000000000000e+00 0.00000000000000e+00 0.00000000000000e+00 5.17141789527003e-02 4.98282546136058e-02 2.97996057006034e-02 0.00000000000000e+00 0.00000000000000e+00 -1.00059686452725e-01 5.17141193226163e-02 4.98281780249520e-02 2.97995271114127e-02 -9.43370707955619e-02 0.00000000000000e+00 3.33531602567291e-02 5.17144226870063e-02 4.98285676653303e-02 2.97999269303051e-02 4.71690286755302e-02 8.16986394287332e-02 3.33535090564466e-02 5.17144226870063e-02 4.98285676653303e-02 2.97999269303051e-02 4.71690286755302e-02 -8.16986394287332e-02 3.33535090564466e-02
 9.33746663323380e-01 1.00000000000000e+00 1.84625621394150e-01 3.89601358737497e-01 8.27780645579333e-01 0.00000000000000e+00 0.00000000000000e+00 0.00000000000000e+00 0.00000000000000e+00 0.00000000000000e+00 0.00000000000000e+00 0.00000000000000e+00 0.00000000000000e+00 0.00000000000000e+00 0.00000000000000e+00 0.00000000000000e+00 0.00000000000000e+00 0.00000000000000e+00 0.00000000000000e+00 9.73905317582940e-02 9.43222574231819e-02 5.86630794104843e-02 0.00000000000000e+00 0.00000000000000e+00 -1.82123386008524e-01 9.73904222045019e-02 9.43221161574847e-02 5.86629294045854e-02 -1.71707397118947e-01 0.00000000000000e+00 6.07076760501188e-02 9.73909795526123e-02 9.43228348384796e-02 5.86636925524846e-02 8.58545567918629e-02 1.48703517447898e-01 6.07082829114972e-02 9.73909795526123e-02 9.43228348384796e-02 5.86636925524846e-02 8.58545567918629e-02 -1.48703517447898e-01 6.07082829114972e-02
 8.48174731285821e-02 1.84625621394150e-01 1.00000000000000e+00 8.59289762910996e-01 3.82985958180948e-01 0.00000000000000e+00 0.00000000000000e+00 0.00000000000000e+00 0.00000000000000e+00 0.00000000000000e+00 0.00000000000000e+00 0.00000000000000e+00 0.00000000000000e+00 0.00000000000000e+00 0.00000000000000e+00 0.00000000000000e+00 0.00000000000000e+00 0.00000000000000e+00 0.00000000000000e+00 7.15939683834797e-01 6.60419662239422e-01 4.56048622366696e-01 0.00000000000000e+00 0.00000000000000e+00 -5.15955753524239e-01 7.15939326631362e-01 6.60419253481269e-01 4.56048227217512e-01 -4.86447857517212e-01 0.00000000000000e+00 1.71985129615424e-01 7.15941143877038e-01 6.60421333008137e-01 4.56050237510726e-01 2.43224803343092e-01 4.21275062608196e-01 1.71985748039470e-01 7.15941143877038e-01 6.60421333008137e-01 4.56050237510726e-01 2.43224803343092e-01 -4.21275062608196e-01 1.71985748039470e-01
 2.06008557949724e-01 3.89601358737497e-01 8.59289762910996e-01 1.00000000000000e+00 6.87414645860961e-01 0.00000000000000e+00 0.00000000000000e+00 0.00000000000000e+00 0.00000000000000e+00 0.00000000000000e+00 0.00000000000000e+00 0.00000000000000e+00 0.00000000000000e+00 0.00000000000000e+00 0.00000000000000e+00 0.00000000000000e+00 0.00000000000000e+00 0.00000000000000e+00 0.00000000000000e+00 4.96541373481835e-01 4.81697936286792e-01 3.50218540232973e-01 0.00000000000000e+00 0.00000000000000e+00 -5.91622794199840e-01 4.96540991128861e-01 4.81697459231295e-01 3.50218009979405e-01 -5.57787183656648e-01 0.00000000000000e+00 1.97207366825779e-01 4.96542936322791e-01 4.81699886218677e-01 3.50220707611130e-01 2.78895255542277e-01 4.83057708855325e-01 1.97208543248103e-01 4.96542936322791e-01 4.81699886218677e-01 3.50220707611130e-01 2.78895255542277e-01 -4.83057708855325e-01 1.97208543248103e-01
 5.88563812688154e-01 8.27780645579333e-01 3.82985958180948e-01 6.87414645860961e-01 1.00000000000000e+00 0.00000000000000e+00 0.00000000000000e+00 0.00000000000000e+00 0.00000000000000e+00 0.00000000000000e+00 0.00000000000000e+00 0.00000000000000e+00 0.00000000000000e+00 0.00000000000000e+00 0.00000000000000e+00 0.00000000000000e+00 0.00000000000000e+00 0.00000000000000e+00 0.00000000000000e+00 1.87344226349331e-01 1.82688467397063e-01 1.20067420859156e-01 0.00000000000000e+00 0.00000000000000e+00 -3.29837402735454e-01 1.87344024961518e-01 1.82688206734019e-01 1.20067131690000e-01 -3.10973410407433e-01 0.00000000000000e+00 1.09945601505667e-01 1.87345049509230e-01 1.82689532841647e-01 1.20068602823636e-01 1.55488139878736e-01 2.69311661318718e-01 1.09946615973159e-01 1.87345049509230e-01 1.82689532841647e-01 1.20068602823636e-01 1.55488139878736e-01 -2.69311661318718e-01 1.09946615973159e-01
 0.00000000000000e+00 0.00000000000000e+00 0.00000000000000e+00 0.00000000000000e+00 0.00000000000000e+00 1.00000000000000e+00 0.00000000000000e+00 0.00000000000000e+00 8.06677080198925e-01 0.00000000000000e+00 0.00000000000000e+00 3.84249853570430e-01 0.00000000000000e+00 0.00000000000000e+00 0.00000000000000e+00 0.00000000000000e+00 0.00000000000000e+00 0.00000000000000e+00 0.00000000000000e+00 0.00000000000000e+00 0.00000000000000e+00 0.00000000000000e+00 6.06002395120683e-01 0.00000000000000e+00 0.00000000000000e+00 5.06092229018587e-01 5.44444116463136e-01 4.77532236505302e-01 2.19345580604344e-01 0.00000000000000e+00 1.36703573800938e-01 -2.53046779947760e-01 -2.72222922985801e-01 -2.38767172796272e-01 5.09339346651506e-01 -1.67426798959879e-01 -6.83520716433896e-02 -2.53046779947760e-01 -2.72222922985802e-01 -2.38767172796272e-01 5.09339346651506e-01 1.67426798959879e-01 -6.83520716433896e-02
 0.00000000000000e+00 0.00000000000000e+00 0.00000000000000e+00 0.00000000000000e+00 0.00000000000000e+00 0.00000000000000e+00 1.00000000000000e+00 0.00000000000000e+00 0.00000000000000e+00 8.06677080198925e-01 0.00000000000000e+00 0.00000000000000e+00 3.84249853570430e-01 0.00000000000000e+00 0.00000000000000e+00 0.00000000000000e+00 0.00000000000000e+00 0.00000000000000e+00 0.00000000000000e+00 0.00000000000000e+00 0.00000000000000e+00 0.00000000000000e+00 0.00000000000000e+00 6.06002395120684e-01 0.00000000000000e+00 0.00000000000000e+00 0.00000000000000e+00 0.00000000000000e+00 0.00000000000000e+00 6.06002035956681e-01 0.00000000000000e+00 -4.38287117925726e-01 -4.71500962681267e-01 -4.13554268668252e-01 -1.67426798959880e-01 3.16013968048766e-01 -1.18388514926048e-01 4.38287117925726e-01 4.71500962681267e-01 4.13554268668252e-01 1.67426798959880e-01 3.16013968048766e-01 1.18388514926048e-01
 0.00000000000000e+00 0.00000000000000e+00 0.00000000000000e+00 0.00000000000000e+00 0.00000000000000e+00 0.00000000000000e+00 0.00000000000000e+00 1.00000000000000e+00 0.00000000000000e+00 0.00000000000000e+00 8.06677080198925e-01 0.00000000000000e+00 0.00000000000000e+00 3.84249853570430e-01 0.00000000000000e+00 0.00000000000000e+00 0.00000000000000e+00 0.00000000000000e+00 0.00000000000000e+00 5.36791649412647e-01 5.77470014260842e-01 5.06499393231872e-01 0.00000000000000e+00 0.00000000000000e+00 1.71014334778128e-01 -1.78930457314308e-01 -1.92489884560658e-01 -1.68832984505439e-01 1.36703573800938e-01 0.00000000000000e+00 5.57670068828603e-01 -1.78930927849924e-01 -1.92490496033672e-01 -1.68833730179692e-01 -6.83520716433894e-02 -1.18388514926048e-01 5.57671694705723e-01 -1.78930927849924e-01 -1.92490496033672e-01 -1.68833730179692e-01 -6.83520716433894e-02 1.18388514926048e-01 5.57671694705723e-01
 0.00000000000000e+00 0.00000000000000e+00 0.00000000000000e+00 0.00000000000000e+00 0.00000000000000e+00 8.06677080198925e-01 0.00000000000000e+00 0.00000000000000e+00 1.00000000000000e+00 0.00000000000000e+00 0.00000000000000e+00 7.49136997611633e-01 0.00000000000000e+00 0.00000000000000e+00 0.00000000000000e+00 0.00000000000000e+00 0.00000000000000e+00 0.00000000000000e+00 0.00000000000000e+00 0.00000000000000e+00 0.00000000000000e+00 0.00000000000000e+00 5.02431540574910e-01 0.00000000000000e+00 0.00000000000000e+00 3.80929158867693e-01 4.58245318000185e-01 4.79644386836199e-01 -3.06457553485183e-02 0.00000000000000e+00 1.88470935281492e-01 -1.90465457283383e-01 -2.29123920627625e-01 -2.39824026968796e-01 3.69163497847039e-01 -2.30829072232005e-01 -9.42360803682326e-02 -1.90465457283383e-01 -2.29123920627625e-01 -2.39824026968796e-01 3.69163497847039e-01 2.30829072232005e-01 -9.42360803682326e-02
 0.00000000000000e+00 0.00000000000000e+00 0.00000000000000e+00 0.00000000000000e+00 0.00000000000000e+00 0.00000000000000e+00 8.06677080198925e-01 0.00000000000000e+00 0.00000000000000e+00 1.00000000000000e+00 0.00000000000000e+00 0.00000000000000e+00 7.49136997611633e-01 0.00000000000000e+00 0.00000000000000e+00 0.00000000000000e+00 0.00000000000000e+00 0.00000000000000e+00 0.00000000000000e+00 0.00000000000000e+00 0.00000000000000e+00 0.00000000000000e+00 0.00000000000000e+00 5.02431540574910e-01 0.00000000000000e+00 0.00000000000000e+00 0.00000000000000e+00 0.00000000000000e+00 0.00000000000000e+00 5.02431045401379e-01 0.00000000000000e+00 -3.29893770449768e-01 -3.96851771203948e-01 -4.15384782257236e-01 -2.30829072232005e-01 1.02628402754736e-01 -1.63220650654935e-01 3.29893770449768e-01 3.96851771203948e-01 4.15384782257236e-01 2.30829072232005e-01 1.02628402754736e-01 1.63220650654935e-01
 0.00000000000000e+00 0.00000000000000e+00 0.00000000000000e+00 0.00000000000000e+00 0.00000000000000e+00 0.00000000000000e+00 0.00000000000000e+00 8.06677080198925e-01 0.00000000000000e+00 0.00000000000000e+00 1.00000000000000e+00 0.00000000000000e+00 0.00000000000000e+00 7.49136997611633e-01 0.00000000000000e+00 0.00000000000000e+00 0.00000000000000e+00 0.00000000000000e+00 0.00000000000000e+00 4.04036377811319e-01 4.86042632287469e-01 5.08739989707032e-01 0.00000000000000e+00 0.00000000000000e+00 -9.72795125996073e-02 -1.34678670590787e-01 -1.62014035407966e-01 -1.69579741722709e-01 1.88470935281492e-01 0.00000000000000e+00 4.35796569100946e-01 -1.34679291323570e-01 -1.62014927512521e-01 -1.69581038237637e-01 -9.42360803682324e-02 -1.63220650654935e-01 4.35798654999047e-01 -1.34679291323570e-01 -1.62014927512521e-01 -1.69581038237637e-01 -9.42360803682324e-02 1.63220650654935e-01 4.35798654999047e-01
 0.00000000000000e+00 0.00000000000000e+00 0.00000000000000e+00 0.00000000000000e+00 0.00000000000000e+00 3.84249853570430e-01 0.00000000000000e+00 0.00000000000000e+00 7.49136997611633e-01 0.00000000000000e+00 0.00000000000000e+00 1.00000000000000e+00 0.00000000000000e+00 0.00000000000000e+00 0.00000000000000e+00 0.00000000000000e+00 0.00000000000000e+00 0.00000000000000e+00 0.00000000000000e+00 0.00000000000000e+00 0.00000000000000e+00 0.00000000000000e+00 2.02367083350822e-01 0.00000000000000e+00 0.00000000000000e+00 1.44296420114400e-01 1.85437457600555e-01 2.10618923272970e-01 -1.36055583360593e-01 0.00000000000000e+00 1.19650258983637e-01 -7.21487576870611e-02 -9.27195683260514e-02 -1.05310819829705e-01 1.17761910514615e-01 -1.46541760137036e-01 -5.98257444439068e-02 -7.21487576870611e-02 -9.27195683260514e-02 -1.05310819829705e-01 1.17761910514615e-01 1.46541760137036e-01 -5.98257444439069e-02
 0.00000000000000e+00 0.00000000000000e+00 0.00000000000000e+00 0.00000000000000e+00 0.00000000000000e+00 0.00000000000000e+00 3.84249853570430e-01 0.00000000000000e+00 0.00000000000000e+00 7.49136997611633e-01 0.00000000000000e+00 0.00000000000000e+00 1.00000000000000e+00 0.00000000000000e+00 0.00000000000000e+00 0.00000000000000e+00 0.00000000000000e+00 0.00000000000000e+00 0.00000000000000e+00 0.00000000000000e+00 0.00000000000000e+00 0.00000000000000e+00 0.00000000000000e+00 2.02367083350822e-01 0.00000000000000e+00 0.00000000000000e+00 0.00000000000000e+00 0.00000000000000e+00 0.00000000000000e+00 2.02366768991141e-01 0.00000000000000e+00 -1.24964526618801e-01 -1.60593991298099e-01 -1.82402541218210e-01 -1.46541760137036e-01 -5.14478064219968e-02 -1.03620576066978e-01 1.24964526618801e-01 1.60593991298099e-01 1.82402541218210e-01 1.46541760137036e-01 -5.14478064219968e-02 1.03620576066978e-01
 0.00000000000000e+00 0.00000000000000e+00 0.00000000000000e+00 0.00000000000000e+00 0.00000000000000e+00 0.00000000000000e+00 0.00000000000000e+00 3.84249853570430e-01 0.00000000000000e+00 0.00000000000000e+00 7.49136997611633e-01 0.00000000000000e+00 0.00000000000000e+00 1.00000000000000e+00 0.00000000000000e+00 0.00000000000000e+00 0.00000000000000e+00 0.00000000000000e+00 0.00000000000000e+00 1.53049551924640e-01 1.96686292990061e-01 2.23395462154620e-01 0.00000000000000e+00 0.00000000000000e+00 -1.78358124988269e-01 -5.10164411928540e-02 -6.55619809772880e-02 -7.44649652759158e-02 1.19650258983637e-01 0.00000000000000e+00 1.60064053537015e-01 -5.10168284252829e-02 -6.55625746111046e-02 -7.44659256626593e-02 -5.98257444439067e-02 -1.03620576066979e-01 1.60065217986426e-01 -5.10168284252829e-02 -6.55625746111046e-02 -7.44659256626593e-02 -5.98257444439067e-02 1.03620576066979e-01 1.60065217986426e-01
 0.00000000000000e+00 0.00000000000000e+00 0.00000000000000e+00 0.00000000000000e+00 0.00000000000000e+00 0.00000000000000e+00 0.00000000000000e+00 0.00000000000000e+00 0.00000000000000e+00 0.00000000000000e+00 0.00000000000000e+00 0.00000000000000e+00 0.00000000000000e+00 0.00000000000000e+00 1.00000000000000e+00 0.00000000000000e+00 0.00000000000000e+00 0.00000000000000e+00 0.00000000000000e+00 0.00000000000000e+00 0.00000000000000e+00 0.00000000000000e+00 0.00000000000000e+00 0.00000000000000e+00 0.00000000000000e+00 0.00000000000000e+00 0.00000000000000e+00 0.00000000000000e+00 0.00000000000000e+00 3.73495397404138e-01 0.00000000000000e+00 1.12113875512555e-01 1.65179807798480e-01 2.51104890579524e-01 -1.98961246539943e-01 2.88822382624508e-02 8.80315807287750e-02 -1.12113875512555e-01 -1.65179807798480e-01 -2.51104890579524e-01 1.98961246539943e-01 2.88822382624508e-02 -8.80315807287750e-02
 0.00000000000000e+00 0.00000000000000e+00 0.00000000000000e+00 0.00000000000000e+00 0.00000000000000e+00 0.00000000000000e+00 0.00000000000000e+00 0.00000000000000e+00 0.00000000000000e+00 0.00000000000000e+00 0.00000000000000e+00 0.00000000000000e+00 0.00000000000000e+00 0.00000000000000e+00 0.00000000000000e+00 1.00000000000000e+00 0.00000000000000e+00 0.00000000000000e+00 0.00000000000000e+00 0.00000000000000e+00 0.00000000000000e+00 0.00000000000000e+00 0.00000000000000e+00 3.96151890919018e-01 0.00000000000000e+00 0.00000000000000e+00 0.00000000000000e+00 0.00000000000000e+00 0.00000000000000e+00 -1.32050441461841e-01 0.00000000000000e+00 7.92764080003457e-02 1.16799653714447e-01 1.77557805984820e-01 8.80315807287749e-02 2.04228075605221e-02 -2.61209147697122e-01 -7.92764080003457e-02 -1.16799653714447e-01 -1.77557805984820e-01 -8.80315807287749e-02 2.04228075605221e-02 2.61209147697122e-01
 0.00000000000000e+00 0.00000000000000e+00 0.00000000000000e+00 0.00000000000000e+00 0.00000000000000e+00 0.00000000000000e+00 0.00000000000000e+00 0.00000000000000e+00 0.00000000000000e+00 0.00000000000000e+00 0.00000000000000e+00 0.00000000000000e+00 0.00000000000000e+00 0.00000000000000e+00 0.00000000000000e+00 0.00000000000000e+00 1.00000000000000e+00 0.00000000000000e+00 0.00000000000000e+00 1.68170523469878e-01 2.47769101579535e-01 3.76655680623425e-01 0.00000000000000e+00 0.00000000000000e+00 6.12958753213746e-02 -5.60568954438503e-02 -8.25897655728378e-02 -1.25551933075138e-01 -9.11423884082858e-02 0.00000000000000e+00 -1.96494403257789e-01 -5.60566192595099e-02 -8.25894346510348e-02 -1.25551731942769e-01 4.55721867107922e-02 7.89328454413432e-02 -1.96495365491273e-01 -5.60566192595099e-02 -8.25894346510348e-02 -1.25551731942769e-01 4.55721867107922e-02 -7.89328454413432e-02 -1.96495365491273e-01
 0.00000000000000e+00 0.00000000000000e+00 0.00000000000000e+00 0.00000000000000e+00 0.00000000000000e+00 0.00000000000000e+00 0.00000000000000e+00 0.00000000000000e+00 0.00000000000000e+00 0.00000000000000e+00 0.00000000000000e+00 0.00000000000000e+00 0.00000000000000e+00 0.00000000000000e+00 0.00000000000000e+00 0.00000000000000e+00 0.00000000000000e+00 1.00000000000000e+00 0.00000000000000e+00 0.00000000000000e+00 0.00000000000000e+00 0.00000000000000e+00 3.96151890919017e-01 0.00000000000000e+00 0.00000000000000e+00 -9.15403852152320e-02 -1.34868313621580e-01 -2.05025130757149e-01 7.12491844332377e-02 0.00000000000000e+00 3.01618192129171e-01 4.57705438965513e-02 6.74347364150979e-02 1.02513693014044e-01 -8.12260251180884e-02 8.80315807287751e-02 -1.50810121982314e-01 4.57705438965513e-02 6.74347364150979e-02 1.02513693014044e-01 -8.12260251180884e-02 -8.80315807287751e-02 -1.50810121982314e-01
 0.00000000000000e+00 0.00000000000000e+00 0.00000000000000e+00 0.00000000000000e+00 0.00000000000000e+00 0.00000000000000e+00 0.00000000000000e+00 0.00000000000000e+00 0.00000000000000e+00 0.00000000000000e+00 0.00000000000000e+00 0.00000000000000e+00 0.00000000000000e+00 0.00000000000000e+00 0.00000000000000e+00 0.00000000000000e+00 0.00000000000000e+00 0.00000000000000e+00 1.00000000000000e+00 0.00000000000000e+00 0.00000000000000e+00 0.00000000000000e+00 0.00000000000000e+00 0.00000000000000e+00 0.00000000000000e+00 1.29457774529177e-01 1.90732775429130e-01 2.89949589877382e-01 8.59860421713612e-02 0.00000000000000e+00 1.01649812947540e-01 -6.47281604997987e-02 -9.53654046979101e-02 -1.44973649206299e-01 -2.58625703039873e-01 1.98963599847567e-01 -5.08244163393052e-02 -6.47281604997987e-02 -9.53654046979101e-02 -1.44973649206299e-01 -2.58625703039873e-01 -1.98963599847567e-01 -5.08244163393052e-02
 5.17141789527003e-02 9.73905317582940e-02 7.15939683834797e-01 4.96541373481835e-01 1.87344226349331e-01 0.00000000000000e+00 0.00000000000000e+00 5.36791649412647e-01 0.00000000000000e+00 0.00000000000000e+00 4.04036377811319e-01 0.00000000000000e+00 0.00000000000000e+00 1.53049551924640e-01 0.00000000000000e+00 0.00000000000000e+00 1.68170523469878e-01 0.00000000000000e+00 0.00000000000000e+00 1.00000000000000e+00 9.69544475373831e-01 7.78523420263646e-01 0.00000000000000e+00 0.00000000000000e+00 0.00000000000000e+00 5.02891033367605e-01 4.06682680427151e-01 2.20541965905002e-01 -2.20558566101533e-01 0.00000000000000e+00 3.11916625739662e-01 5.02891955276248e-01 4.06683598054131e-01 2.20542629743875e-01 1.10279618538115e-01 1.91008698806589e-01 3.11917574640298e-01 5.02891955276248e-01 4.06683598054131e-01 2.20542629743875e-01 1.10279618538115e-01 -1.91008698806589e-01 3.11917574640298e-01
 4.98282546136058e-02 9.43222574231819e-02 6.60419662239422e-01 4.81697936286792e-01 1.82688467397063e-01 0.00000000000000e+00 0.00000000000000e+00 5.77470014260842e-01 0.00000000000000e+00 0.00000000000000e+00 4.86042632287469e-01 0.00000000000000e+00 0.00000000000000e+00 1.96686292990061e-01 0.00000000000000e+00 0.00000000000000e+00 2.47769101579535e-01 0.00000000000000e+00 0.00000000000000e+00 9.69544475373831e-01 1.00000000000000e+00 8.97299307181686e-01 0.00000000000000e+00 0.00000000000000e+00 0.00000000000000e+00 4.06682680427152e-01 3.30593967435553e-01 1.74424283143875e-01 -2.25855534615878e-01 0.00000000000000e+00 3.19407663493704e-01 4.06683598054131e-01 3.30594900288701e-01 1.74424963375558e-01 1.12928178090606e-01 1.95596109613220e-01 3.19408825361460e-01 4.06683598054131e-01 3.30594900288701e-01 1.74424963375558e-01 1.12928178090606e-01 -1.95596109613220e-01 3.19408825361460e-01
 2.97996057006034e-02 5.86630794104843e-02 4.56048622366696e-01 3.50218540232973e-01 1.20067420859156e-01 0.00000000000000e+00 0.00000000000000e+00 5.06499393231872e-01 0.00000000000000e+00 0.00000000000000e+00 5.08739989707032e-01 0.00000000000000e+00 0.00000000000000e+00 2.23395462154620e-01 0.00000000000000e+00 0.00000000000000e+00 3.76655680623425e-01 0.00000000000000e+00 0.00000000000000e+00 7.78523420263646e-01 8.97299307181686e-01 1.00000000000000e+00 0.00000000000000e+00 0.00000000000000e+00 0.00000000000000e+00 2.20541965905002e-01 1.74424283143875e-01 7.76489215522392e-02 -1.68286916453350e-01 0.00000000000000e+00 2.37993418546696e-01 2.20542629743874e-01 1.74424963375558e-01 7.76493832988513e-02 8.41438704463427e-02 1.45740540451282e-01 2.37994584478902e-01 2.20542629743874e-01 1.74424963375558e-01 7.76493832988513e-02 8.41438704463427e-02 -1.45740540451282e-01 2.37994584478902e-01
 0.00000000000000e+00 0.00000000000000e+00 0.00000000000000e+00 0.00000000000000e+00 0.00000000000000e+00 6.06002395120683e-01 0.00000000000000e+00 0.00000000000000e+00 5.02431540574910e-01 0.00000000000000e+00 0.00000000000000e+00 2.02367083350822e-01 0.00000000000000e+00 0.00000000000000e+00 0.00000000000000e+00 0.00000000000000e+00 0.00000000000000e+00 3.96151890919017e-01 0.00000000000000e+00 0.00000000000000e+00 0.00000000000000e+00 0.00000000000000e+00 1.00000000000000e+00 0.00000000000000e+00 0.00000000000000e+00 2.20558566101534e-01 2.25855534615879e-01 1.68286916453350e-01 6.23856100059382e-02 0.00000000000000e+00 2.76293524340305e-01 -1.10279618538115e-01 -1.12928178090606e-01 -8.41438704463427e-02 2.08913225500085e-01 -8.45971825962943e-02 -1.38147362825385e-01 -1.10279618538115e-01 -1.12928178090606e-01 -8.41438704463428e-02 2.08913225500085e-01 8.45971825962943e-02 -1.38147362825385e-01
 0.00000000000000e+00 0.00000000000000e+00 0.00000000000000e+00 0.00000000000000e+00 0.00000000000000e+00 0.00000000000000e+00 6.06002395120684e-01 0.00000000000000e+00 0.00000000000000e+00 5.02431540574910e-01 0.00000000000000e+00 0.00000000000000e+00 2.02367083350822e-01 0.00000000000000e+00 0.00000000000000e+00 3.96151890919018e-01 0.00000000000000e+00 0.00000000000000e+00 0.00000000000000e+00 0.00000000000000e+00 0.00000000000000e+00 0.00000000000000e+00 0.00000000000000e+00 1.00000000000000e+00 0.00000000000000e+00 0.00000000000000e+00 0.00000000000000e+00 0.00000000000000e+00 0.00000000000000e+00 2.57754816142766e-01 0.00000000000000e+00 -1.91008698806589e-01 -1.95596109613220e-01 -1.45740540451282e-01 -8.45971825962943e-02 1.11230044218738e-01 -2.39276743668809e-01 1.91008698806589e-01 1.95596109613220e-01 1.45740540451282e-01 8.45971825962943e-02 1.11230044218738e-01 2.39276743668809e-01
 -1.00059686452725e-01 -1.82123386008524e-01 -5.15955753524239e-01 -5.91622794199840e-01 -3.29837402735454e-01 0.00000000000000e+00 0.00000000000000e+00 1.71014334778128e-01 0.00000000000000e+00 0.00000000000000e+00 -9.72795125996073e-02 0.00000000000000e+00 0.00000000000000e+00 -1.78358124988269e-01 0.00000000000000e+00 0.00000000000000e+00 6.12958753213746e-02 0.00000000000000e+00 0.00000000000000e+00 0.00000000000000e+00 0.00000000000000e+00 0.00000000000000e+00 0.00000000000000e+00 0.00000000000000e+00 1.00000000000000e+00 -3.11916625739662e-01 -3.19407663493705e-01 -2.37993418546695e-01 2.76293524340306e-01 0.00000000000000e+00 -1.32982870219748e-01 -3.11917574640298e-01 -3.19408825361460e-01 -2.37994584478902e-01 -1.38147362825385e-01 -2.39276743668809e-01 -1.32983645872304e-01 -3.11917574640298e-01 -3.19408825361460e-01 -2.37994584478902e-01 -1.38147362825385e-01 2.39276743668809e-01 -1.32983645872304e-01
 5.17141193226163e-02 9.73904222045019e-02 7.15939326631362e-01 4.96540991128861e-01 1.87344024961518e-01 5.06092229018587e-01 0.00000000000000e+00 -1.78930457314308e-01 3.80929158867693e-01 0.00000000000000e+00 -1.34678670590787e-01 1.44296420114400e-01 0.00000000000000e+00 -5.10164411928540e-02 0.00000000000000e+00 0.00000000000000e+00 -5.60568954438503e-02 -9.15403852152320e-02 1.29457774529177e-01 5.02891033367605e-01 4.06682680427152e-01 2.20541965905002e-01 2.20558566101534e-01 0.00000000000000e+00 -3.11916625739662e-01 1.00000000000000e+00 9.69544475373831e-01 7.78523420263646e-01 0.00000000000000e+00 0.00000000000000e+00 0.00000000000000e+00 5.02891592849065e-01 4.06683237310124e-01 2.20542368770761e-01 3.30838459946754e-01 1.91008470369238e-01 0.00000000000000e+00 5.02891592849065e-01 4.06683237310124e-01 2.20542368770761e-01 3.30838459946754e-01 -1.91008470369238e-01 0.00000000000000e+00
 4.98281780249520e-02 9.43221161574847e-02 6.60419253481269e-01 4.81697459231295e-01 1.82688206734019e-01 5.44444116463136e-01 0.00000000000000e+00 -1.92489884560658e-01 4.58245318000185e-01 0.00000000000000e+00 -1.62014035407966e-01 1.85437457600555e-01 0.00000000000000e+00 -6.55619809772880e-02 0.00000000000000e+00 0.00000000000000e+00 -8.25897655728378e-02 -1.34868313621580e-01 1.90732775429130e-01 4.06682680427151e-01 3.30593967435553e-01 1.74424283143875e-01 2.25855534615879e-01 0.00000000000000e+00 -3.19407663493705e-01 9.69544475373831e-01 1.00000000000000e+00 8.97299307181686e-01 0.00000000000000e+00 0.00000000000000e+00 0.00000000000000e+00 4.06683237310124e-01 3.30594533558804e-01 1.74424695957917e-01 3.38784049802230e-01 1.95595829906337e-01 0.00000000000000e+00 4.06683237310124e-01 3.30594533558804e-01 1.74424695957917e-01 3.38784049802230e-01 -1.95595829906337e-01 0.00000000000000e+00
 2.97995271114127e-02 5.86629294045854e-02 4.56048227217512e-01 3.50218009979405e-01 1.20067131690000e-01 4.77532236505302e-01 0.00000000000000e+00 -1.68832984505439e-01 4.79644386836199e-01 0.00000000000000e+00 -1.69579741722709e-01 2.10618923272970e-01 0.00000000000000e+00 -7.44649652759158e-02 0.00000000000000e+00 0.00000000000000e+00 -1.25551933075138e-01 -2.05025130757149e-01 2.89949589877382e-01 2.20541965905002e-01 1.74424283143875e-01 7.76489215522392e-02 1.68286916453350e-01 0.00000000000000e+00 -2.37993418546695e-01 7.78523420263646e-01 8.97299307181686e-01 1.00000000000000e+00 0.00000000000000e+00 0.00000000000000e+00 0.00000000000000e+00 2.20542368770760e-01 1.74424695957916e-01 7.76492017735386e-02 2.52431125174468e-01 1.45740259765811e-01 0.00000000000000e+00 2.20542368770760e-01 1.74424695957916e-01 7.76492017735386e-02 2.52431125174468e-01 -1.45740259765811e-01 0.00000000000000e+00
 -9.43370707955619e-02 -1.71707397118947e-01 -4.86447857517212e-01 -5.57787183656648e-01 -3.10973410407433e-01 2.19345580604344e-01 0.00000000000000e+00 1.36703573800938e-01 -3.06457553485183e-02 0.00000000000000e+00 1.88470935281492e-01 -1.36055583360593e-01 0.00000000000000e+00 1.19650258983637e-01 0.00000000000000e+00 0.00000000000000e+00 -9.11423884082858e-02 7.12491844332377e-02 8.59860421713612e-02 -2.20558566101533e-01 -2.25855534615878e-01 -1.68286916453350e-01 6.23856100059382e-02 0.00000000000000e+00 2.76293524340306e-01 0.00000000000000e+00 0.00000000000000e+00 0.00000000000000e+00 1.00000000000000e+00 0.00000000000000e+00 0.00000000000000e+00 -3.30838459946754e-01 -3.38784049802231e-01 -2.52431125174468e-01 -1.81826497267073e-01 -2.53791113985362e-01 0.00000000000000e+00 -3.30838459946754e-01 -3.38784049802231e-01 -2.52431125174468e-01 -1.81826497267073e-01 2.53791113985362e-01 0.00000000000000e+00
 0.00000000000000e+00 0.00000000000000e+00 0.00000000000000e+00 0.00000000000000e+00 0.00000000000000e+00 0.00000000000000e+00 6.06002035956681e-01 0.00000000000000e+00 0.00000000000000e+00 5.02431045401379e-01 0.00000000000000e+00 0.00000000000000e+00 2.02366768991141e-01 0.00000000000000e+00 3.73495397404138e-01 -1.32050441461841e-01 0.00000000000000e+00 0.00000000000000e+00 0.00000000000000e+00 0.00000000000000e+00 0.00000000000000e+00 0.00000000000000e+00 0.00000000000000e+00 2.57754816142766e-01 0.00000000000000e+00 0.00000000000000e+00 0.00000000000000e+00 0.00000000000000e+00 0.00000000000000e+00 1.00000000000000e+00 0.00000000000000e+00 -1.91008470369238e-01 -1.95595829906337e-01 -1.45740259765811e-01 -2.53791113985362e-01 1.11229931716899e-01 0.00000000000000e+00 1.91008470369238e-01 1.95595829906337e-01 1.45740259765811e-01 2.53791113985362e-01 1.11229931716899e-01 0.00000000000000e+00
 3.33531602567291e-02 6.07076760501188e-02 1.71985129615424e-01 1.97207366825779e-01 1.09945601505667e-01 1.36703573800938e-01 0.00000000000000e+00 5.57670068828603e-01 1.88470935281492e-01 0.00000000000000e+00 4.35796569100946e-01 1.19650258983637e-01 0.00000000000000e+00 1.60064053537015e-01 0.00000000000000e+00 0.00000000000000e+00 -1.96494403257789e-01 3.01618192129171e-01 1.01649812947540e-01 3.11916625739662e-01 3.19407663493704e-01 2.37993418546696e-01 2.76293524340305e-01 0.00000000000000e+00 -1.32982870219748e-01 0.00000000000000e+00 0.00000000000000e+00 0.00000000000000e+00 0.00000000000000e+00 0.00000000000000e+00 1.00000000000000e+00 0.00000000000000e+00 0.00000000000000e+00 0.00000000000000e+00 0.00000000000000e+00 0.00000000000000e+00 2.57755376441343e-01 0.00000000000000e+00 0.00000000000000e+00 0.00000000000000e+00 0.00000000000000e+00 0.00000000000000e+00 2.57755376441343e-01
 5.17144226870063e-02 9.73909795526123e-02 7.15941143877038e-01 4.96542936322791e-01 1.87345049509230e-01 -2.53046779947760e-01 -4.38287117925726e-01 -1.78930927849924e-01 -1.90465457283383e-01 -3.29893770449768e-01 -1.34679291323570e-01 -7.21487576870611e-02 -1.24964526618801e-01 -5.10168284252829e-02 1.12113875512555e-01 7.92764080003457e-02 -5.60566192595099e-02 4.57705438965513e-02 -6.47281604997987e-02 5.02891955276248e-01 4.06683598054131e-01 2.20542629743874e-01 -1.10279618538115e-01 -1.91008698806589e-01 -3.11917574640298e-01 5.02891592849065e-01 4.06683237310124e-01 2.20542368770760e-01 -3.30838459946754e-01 -1.91008470369238e-01 0.00000000000000e+00 1.00000000000000e+00 9.69544475373831e-01 7.78523420263646e-01 0.00000000000000e+00 0.00000000000000e+00 0.00000000000000e+00 5.02894358586328e-01 4.06685990204604e-01 2.20544360300505e-01 0.00000000000000e+00 -3.82020427225827e-01 0.00000000000000e+00
 4.98285676653303e-02 9.43228348384796e-02 6.60421333008137e-01 4.81699886218677e-01 1.82689532841647e-01 -2.72222922985801e-01 -4.71500962681267e-01 -1.92490496033672e-01 -2.29123920627625e-01 -3.96851771203948e-01 -1.62014927512521e-01 -9.27195683260514e-02 -1.60593991298099e-01 -6.55625746111046e-02 1.65179807798480e-01 1.16799653714447e-01 -8.25894346510348e-02 6.74347364150979e-02 -9.53654046979101e-02 4.06683598054131e-01 3.30594900288701e-01 1.74424963375558e-01 -1.12928178090606e-01 -1.95596109613220e-01 -3.19408825361460e-01 4.06683237310124e-01 3.30594533558804e-01 1.74424695957916e-01 -3.38784049802231e-01 -1.95595829906337e-01 0.00000000000000e+00 9.69544475373831e-01 1.00000000000000e+00 8.97299307181686e-01 0.00000000000000e+00 0.00000000000000e+00 0.00000000000000e+00 4.06685990204605e-01 3.30597332134808e-01 1.74426736669259e-01 0.00000000000000e+00 -3.91195928796063e-01 0.00000000000000e+00
 2.97999269303051e-02 5.86636925524846e-02 4.56050237510726e-01 3.50220707611130e-01 1.20068602823636e-01 -2.38767172796272e-01 -4.13554268668252e-01 -1.68833730179692e-01 -2.39824026968796e-01 -4.15384782257236e-01 -1.69581038237637e-01 -1.05310819829705e-01 -1.82402541218210e-01 -7.44659256626593e-02 2.51104890579524e-01 1.77557805984820e-01 -1.25551731942769e-01 1.02513693014044e-01 -1.44973649206299e-01 2.20542629743875e-01 1.74424963375558e-01 7.76493832988513e-02 -8.41438704463427e-02 -1.45740540451282e-01 -2.37994584478902e-01 2.20542368770761e-01 1.74424695957917e-01 7.76492017735386e-02 -2.52431125174468e-01 -1.45740259765811e-01 0.00000000000000e+00 7.78523420263646e-01 8.97299307181686e-01 1.00000000000000e+00 0.00000000000000e+00 0.00000000000000e+00 0.00000000000000e+00 2.20544360300505e-01 1.74426736669258e-01 7.76505870290474e-02 0.00000000000000e+00 -2.91484803458051e-01 0.00000000000000e+00
 4.71690286755302e-02 8.58545567918629e-02 2.43224803343092e-01 2.78895255542277e-01 1.55488139878736e-01 5.09339346651506e-01 -1.67426798959880e-01 -6.83520716433894e-02 3.69163497847039e-01 -2.30829072232005e-01 -9.42360803682324e-02 1.17761910514615e-01 -1.46541760137036e-01 -5.98257444439067e-02 -1.98961246539943e-01 8.80315807287749e-02 4.55721867107922e-02 -8.12260251180884e-02 -2.58625703039873e-01 1.10279618538115e-01 1.12928178090606e-01 8.41438704463427e-02 2.08913225500085e-01 -8.45971825962943e-02 -1.38147362825385e-01 3.30838459946754e-01 3.38784049802230e-01 2.52431125174468e-01 -1.81826497267073e-01 -2.53791113985362e-01 0.00000000000000e+00 0.00000000000000e+00 0.00000000000000e+00 0.00000000000000e+00 1.00000000000000e+00 0.00000000000000e+00 0.00000000000000e+00 0.00000000000000e+00 0.00000000000000e+00 0.00000000000000e+00 2.57758146226947e-01 0.00000000000000e+00 0.00000000000000e+00
 8.16986394287332e-02 1.48703517447898e-01 4.21275062608196e-01 4.83057708855325e-01 2.69311661318718e-01 -1.67426798959879e-01 3.16013968048766e-01 -1.18388514926048e-01 -2.30829072232005e-01 1.02628402754736e-01 -1.63220650654935e-01 -1.46541760137036e-01 -5.14478064219968e-02 -1.03620576066979e-01 2.88822382624508e-02 2.04228075605221e-02 7.89328454413432e-02 8.80315807287751e-02 1.98963599847567e-01 1.91008698806589e-01 1.95596109613220e-01 1.45740540451282e-01 -8.45971825962943e-02 1.11230044218738e-01 -2.39276743668809e-01 1.91008470369238e-01 1.95595829906337e-01 1.45740259765811e-01 -2.53791113985362e-01 1.11229931716899e-01 0.00000000000000e+00 0.00000000000000e+00 0.00000000000000e+00 0.00000000000000e+00 0.00000000000000e+00 1.00000000000000e+00 0.00000000000000e+00 3.82020427225826e-01 3.91195928796063e-01 2.91484803458050e-01 0.00000000000000e+00 -3.28351277740238e-01 0.00000000000000e+00
 3.33535090564466e-02 6.07082829114972e-02 1.71985748039470e-01 1.97208543248103e-01 1.09946615973159e-01 -6.83520716433896e-02 -1.18388514926048e-01 5.57671694705723e-01 -9.42360803682326e-02 -1.63220650654935e-01 4.35798654999047e-01 -5.98257444439068e-02 -1.03620576066978e-01 1.60065217986426e-01 8.80315807287750e-02 -2.61209147697122e-01 -1.96495365491273e-01 -1.50810121982314e-01 -5.08244163393052e-02 3.11917574640298e-01 3.19408825361460e-01 2.37994584478902e-01 -1.38147362825385e-01 -2.39276743668809e-01 -1.32983645872304e-01 0.00000000000000e+00 0.00000000000000e+00 0.00000000000000e+00 0.00000000000000e+00 0.00000000000000e+00 2.57755376441343e-01 0.00000000000000e+00 0.00000000000000e+00 0.00000000000000e+00 0.00000000000000e+00 0.00000000000000e+00 1.00000000000000e+00 0.00000000000000e+00 0.00000000000000e+00 0.00000000000000e+00 0.00000000000000e+00 0.00000000000000e+00 2.57758146226947e-01
 5.17144226870063e-02 9.73909795526123e-02 7.15941143877038e-01 4.96542936322791e-01 1.87345049509230e-01 -2.53046779947760e-01 4.38287117925726e-01 -1.78930927849924e-01 -1.90465457283383e-01 3.29893770449768e-01 -1.34679291323570e-01 -7.21487576870611e-02 1.24964526618801e-01 -5.10168284252829e-02 -1.12113875512555e-01 -7.92764080003457e-02 -5.60566192595099e-02 4.57705438965513e-02 -6.47281604997987e-02 5.02891955276248e-01 4.06683598054131e-01 2.20542629743874e-01 -1.10279618538115e-01 1.91008698806589e-01 -3.11917574640298e-01 5.02891592849065e-01 4.06683237310124e-01 2.20542368770760e-01 -3.30838459946754e-01 1.91008470369238e-01 0.00000000000000e+00 5.02894358586328e-01 4.06685990204605e-01 2.20544360300505e-01 0.00000000000000e+00 3.82020427225826e-01 0.00000000000000e+00 1.00000000000000e+00 9.69544475373831e-01 7.78523420263646e-01 0.00000000000000e+00 0.00000000000000e+00 0.00000000000000e+00
 4.98285676653303e-02 9.43228348384796e-02 6.60421333008137e-01 4.81699886218677e-01 1.82689532841647e-01 -2.72222922985802e-01 4.71500962681267e-01 -1.92490496033672e-01 -2.29123920627625e-01 3.96851771203948e-01 -1.62014927512521e-01 -9.27195683260514e-02 1.60593991298099e-01 -6.55625746111046e-02 -1.65179807798480e-01 -1.16799653714447e-01 -8.25894346510348e-02 6.74347364150979e-02 -9.53654046979101e-02 4.06683598054131e-01 3.30594900288701e-01 1.74424963375558e-01 -1.12928178090606e-01 1.95596109613220e-01 -3.19408825361460e-01 4.06683237310124e-01 3.30594533558804e-01 1.74424695957916e-01 -3.38784049802231e-01 1.95595829906337e-01 0.00000000000000e+00 4.06685990204604e-01 3.30597332134808e-01 1.74426736669258e-01 0.00000000000000e+00 3.91195928796063e-01 0.00000000000000e+00 9.69544475373831e-01 1.00000000000000e+00 8.97299307181686e-01 0.00000000000000e+00 0.00000000000000e+00 0.00000000000000e+00
 2.97999269303051e-02 5.86636925524846e-02 4.56050237510726e-01 3.50220707611130e-01 1.20068602823636e-01 -2.38767172796272e-01 4.13554268668252e-01 -1.68833730179692e-01 -2.39824026968796e-01 4.15384782257236e-01 -1.69581038237637e-01 -1.05310819829705e-01 1.82402541218210e-01 -7.44659256626593e-02 -2.51104890579524e-01 -1.77557805984820e-01 -1.25551731942769e-01 1.02513693014044e-01 -1.44973649206299e-01 2.20542629743875e-01 1.74424963375558e-01 7.76493832988513e-02 -8.41438704463428e-02 1.45740540451282e-01 -2.37994584478902e-01 2.20542368770761e-01 1.74424695957917e-01 7.76492017735386e-02 -2.52431125174468e-01 1.45740259765811e-01 0.00000000000000e+00 2.20544360300505e-01 1.74426736669259e-01 7.76505870290474e-02 0.00000000000000e+00 2.91484803458050e-01 0.00000000000000e+00 7.78523420263646e-01 8.97299307181686e-01 1.00000000000000e+00 0.00000000000000e+00 0.00000000000000e+00 0.00000000000000e+00
 4.71690286755302e-02 8.58545567918629e-02 2.43224803343092e-01 2.78895255542277e-01 1.55488139878736e-01 5.09339346651506e-01 1.67426798959880e-01 -6.83520716433894e-02 3.69163497847039e-01 2.30829072232005e-01 -9.42360803682324e-02 1.17761910514615e-01 1.46541760137036e-01 -5.98257444439067e-02 1.98961246539943e-01 -8.80315807287749e-02 4.55721867107922e-02 -8.12260251180884e-02 -2.58625703039873e-01 1.10279618538115e-01 1.12928178090606e-01 8.41438704463427e-02 2.08913225500085e-01 8.45971825962943e-02 -1.38147362825385e-01 3.30838459946754e-01 3.38784049802230e-01 2.52431125174468e-01 -1.81826497267073e-01 2.53791113985362e-01 0.00000000000000e+00 0.00000000000000e+00 0.00000000000000e+00 0.00000000000000e+00 2.57758146226947e-01 0.00000000000000e+00 0.00000000000000e+00 0.00000000000000e+00 0.00000000000000e+00 0.00000000000000e+00 1.00000000000000e+00 0.00000000000000e+00 0.00000000000000e+00
 -8.16986394287332e-02 -1.48703517447898e-01 -4.21275062608196e-01 -4.83057708855325e-01 -2.69311661318718e-01 1.67426798959879e-01 3.16013968048766e-01 1.18388514926048e-01 2.30829072232005e-01 1.02628402754736e-01 1.63220650654935e-01 1.46541760137036e-01 -5.14478064219968e-02 1.03620576066979e-01 2.88822382624508e-02 2.04228075605221e-02 -7.89328454413432e-02 -8.80315807287751e-02 -1.98963599847567e-01 -1.91008698806589e-01 -1.95596109613220e-01 -1.45740540451282e-01 8.45971825962943e-02 1.11230044218738e-01 2.39276743668809e-01 -1.91008470369238e-01 -1.95595829906337e-01 -1.45740259765811e-01 2.53791113985362e-01 1.11229931716899e-01 0.00000000000000e+00 -3.82020427225827e-01 -3.91195928796063e-01 -2.91484803458051e-01 0.00000000000000e+00 -3.28351277740238e-01 0.00000000000000e+00 0.00000000000000e+00 0.00000000000000e+00 0.00000000000000e+00 0.00000000000000e+00 1.00000000000000e+00 0.00000000000000e+00
 3.33535090564466e-02 6.07082829114972e-02 1.71985748039470e-01 1.97208543248103e-01 1.09946615973159e-01 -6.83520716433896e-02 1.18388514926048e-01 5.57671694705723e-01 -9.42360803682326e-02 1.63220650654935e-01 4.35798654999047e-01 -5.98257444439069e-02 1.03620576066978e-01 1.60065217986426e-01 -8.80315807287750e-02 2.61209147697122e-01 -1.96495365491273e-01 -1.50810121982314e-01 -5.08244163393052e-02 3.11917574640298e-01 3.19408825361460e-01 2.37994584478902e-01 -1.38147362825385e-01 2.39276743668809e-01 -1.32983645872304e-01 0.00000000000000e+00 0.00000000000000e+00 0.00000000000000e+00 0.00000000000000e+00 0.00000000000000e+00 2.57755376441343e-01 0.00000000000000e+00 0.00000000000000e+00 0.00000000000000e+00 0.00000000000000e+00 0.00000000000000e+00 2.57758146226947e-01 0.00000000000000e+00 0.00000000000000e+00 0.00000000000000e+00 0.00000000000000e+00 0.00000000000000e+00 1.00000000000000e+00
En:
