A:
 6.29224614162353e+00 7.39068408042664e+00 8.59895981137356e+00 9.91354455452392e+00 1.13306445327261e+01 1.28472297458189e+01 0.00000000000000e+00 0.00000000000000e+00 0.00000000000000e+00 0.00000000000000e+00 0.00000000000000e+00 0.00000000000000e+00 0.00000000000000e+00 0.00000000000000e+00 0.00000000000000e+00 0.00000000000000e+00 0.00000000000000e+00 0.00000000000000e+00 0.00000000000000e+00 0.00000000000000e+00 4.03041904101450e+00 4.99371195238428e+00 6.12223555421004e+00 7.41845592728838e+00 8.87879583077287e+00 1.04949104984305e+01 0.00000000000000e+00 -2.28845082739869e+00 0.00000000000000e+00 0.00000000000000e+00 -2.90447831831446e+00 0.00000000000000e+00 0.00000000000000e+00 -3.52229005073326e+00 0.00000000000000e+00 0.00000000000000e+00 0.00000000000000e+00 1.56041798353151e+00 0.00000000000000e+00 0.00000000000000e+00
 7.39068408042664e+00 8.76453544280839e+00 1.02945611331068e+01 1.19775810325536e+01 1.38086798666726e+01 1.57825732436013e+01 0.00000000000000e+00 0.00000000000000e+00 0.00000000000000e+00 0.00000000000000e+00 0.00000000000000e+00 0.00000000000000e+00 0.00000000000000e+00 0.00000000000000e+00 0.00000000000000e+00 0.00000000000000e+00 0.00000000000000e+00 0.00000000000000e+00 0.00000000000000e+00 0.00000000000000e+00 4.99371195238430e+00 6.19168169370635e+00 7.60076384540082e+00 9.22718331614725e+00 1.10695635716429e+01 1.31199612604956e+01 0.00000000000000e+00 -2.61234264020064e+00 0.00000000000000e+00 0.00000000000000e+00 -3.34566723868548e+00 0.00000000000000e+00 0.00000000000000e+00 -4.10026889958286e+00 0.00000000000000e+00 0.00000000000000e+00 0.00000000000000e+00 1.67452683116779e+00 0.00000000000000e+00 0.00000000000000e+00
 8.59895981137356e+00 1.02945611331068e+01 1.22082130608489e+01 1.43394018429153e+01 1.66836978586218e+01 1.92342545707564e+01 0.00000000000000e+00 0.00000000000000e+00 0.00000000000000e+00 0.00000000000000e+00 0.00000000000000e+00 0.00000000000000e+00 0.00000000000000e+00 0.00000000000000e+00 0.00000000000000e+00 0.00000000000000e+00 0.00000000000000e+00 0.00000000000000e+00 0.00000000000000e+00 0.00000000000000e+00 6.12223555421012e+00 7.60076384540094e+00 9.34839184115188e+00 1.13774445984931e+01 1.36909069681244e+01 1.62829226785385e+01 0.00000000000000e+00 -2.90594186486736e+00 0.00000000000000e+00 0.00000000000000e+00 -3.76219343213910e+00 0.00000000000000e+00 0.00000000000000e+00 -4.66847708387967e+00 0.00000000000000e+00 0.00000000000000e+00 0.00000000000000e+00 1.73753372171507e+00 0.00000000000000e+00 0.00000000000000e+00
 9.91354455452392e+00 1.19775810325536e+01 1.43394018429153e+01 1.70049476223380e+01 1.99735027607288e+01 2.32388971931203e+01 0.00000000000000e+00 0.00000000000000e+00 0.00000000000000e+00 0.00000000000000e+00 0.00000000000000e+00 0.00000000000000e+00 0.00000000000000e+00 0.00000000000000e+00 0.00000000000000e+00 0.00000000000000e+00 0.00000000000000e+00 0.00000000000000e+00 0.00000000000000e+00 0.00000000000000e+00 7.41845592728845e+00 9.22718331614729e+00 1.13774445984932e+01 1.38909856958854e+01 1.67784694520830e+01 2.00390385820867e+01 0.00000000000000e+00 -3.14517100401693e+00 0.00000000000000e+00 0.00000000000000e+00 -4.12264037514751e+00 0.00000000000000e+00 0.00000000000000e+00 -5.18869586942652e+00 0.00000000000000e+00 0.00000000000000e+00 0.00000000000000e+00 1.74087501460268e+00 0.00000000000000e+00 0.00000000000000e+00
 1.13306445327261e+01 1.38086798666726e+01 1.66836978586218e+01 1.99735027607288e+01 2.36863693480094e+01 2.78213008396824e+01 0.00000000000000e+00 0.00000000000000e+00 0.00000000000000e+00 0.00000000000000e+00 0.00000000000000e+00 0.00000000000000e+00 0.00000000000000e+00 0.00000000000000e+00 0.00000000000000e+00 0.00000000000000e+00 0.00000000000000e+00 0.00000000000000e+00 0.00000000000000e+00 0.00000000000000e+00 8.87879583077297e+00 1.10695635716431e+01 1.36909069681243e+01 1.67784694520829e+01 2.03553937035915e+01 2.44304649191215e+01 0.00000000000000e+00 -3.30965518392437e+00 0.00000000000000e+00 0.00000000000000e+00 -4.39762726211657e+00 0.00000000000000e+00 0.00000000000000e+00 -5.62153040851852e+00 0.00000000000000e+00 0.00000000000000e+00 0.00000000000000e+00 1.68331905574730e+00 0.00000000000000e+00 0.00000000000000e+00
 1.28472297458189e+01 1.57825732436013e+01 1.92342545707564e+01 2.32388971931203e+01 2.78213008396824e+01 3.29929915310837e+01 0.00000000000000e+00 0.00000000000000e+00 0.00000000000000e+00 0.00000000000000e+00 0.00000000000000e+00 0.00000000000000e+00 0.00000000000000e+00 0.00000000000000e+00 0.00000000000000e+00 0.00000000000000e+00 0.00000000000000e+00 0.00000000000000e+00 0.00000000000000e+00 0.00000000000000e+00 1.04949104984307e+01 1.31199612604957e+01 1.62829226785385e+01 2.00390385820870e+01 2.44304649191215e+01 2.94824965885600e+01 0.00000000000000e+00 -3.38618408631743e+00 0.00000000000000e+00 0.00000000000000e+00 -4.56461096421052e+00 0.00000000000000e+00 0.00000000000000e+00 -5.93232329371375e+00 0.00000000000000e+00 0.00000000000000e+00 0.00000000000000e+00 1.57123957596214e+00 0.00000000000000e+00 0.00000000000000e+00
 0.00000000000000e+00 0.00000000000000e+00 0.00000000000000e+00 0.00000000000000e+00 0.00000000000000e+00 0.00000000000000e+00 3.66111843492923e+00 0.00000000000000e+00 0.00000000000000e+00 4.34668304517431e+00 0.00000000000000e+00 0.00000000000000e+00 4.98869691276950e+00 0.00000000000000e+00 0.00000000000000e+00 0.00000000000000e+00 0.00000000000000e+00 0.00000000000000e+00 0.00000000000000e+00 0.00000000000000e+00 0.00000000000000e+00 0.00000000000000e+00 0.00000000000000e+00 0.00000000000000e+00 0.00000000000000e+00 0.00000000000000e+00 2.06978374804844e+00 0.00000000000000e+00 0.00000000000000e+00 2.68779529049930e+00 0.00000000000000e+00 0.00000000000000e+00 3.34628141977488e+00 0.00000000000000e+00 0.00000000000000e+00 0.00000000000000e+00 -2.07494894569637e+00 0.00000000000000e+00 0.00000000000000e+00 0.00000000000000e+00
 0.00000000000000e+00 0.00000000000000e+00 0.00000000000000e+00 0.00000000000000e+00 0.00000000000000e+00 0.00000000000000e+00 0.00000000000000e+00 3.66111843492923e+00 0.00000000000000e+00 0.00000000000000e+00 4.34668304517431e+00 0.00000000000000e+00 0.00000000000000e+00 4.98869691276950e+00 0.00000000000000e+00 0.00000000000000e+00 0.00000000000000e+00 0.00000000000000e+00 0.00000000000000e+00 0.00000000000000e+00 2.28845082739869e+00 2.61234264020063e+00 2.90594186486733e+00 3.14517100401692e+00 3.30965518392439e+00 3.38618408631742e+00 0.00000000000000e+00 2.59739430653651e-02 0.00000000000000e+00 0.00000000000000e+00 4.08788035700434e-01 0.00000000000000e+00 0.00000000000000e+00 9.52605986797990e-01 0.00000000000000e+00 0.00000000000000e+00 0.00000000000000e+00 -1.09592653415905e+00 0.00000000000000e+00 0.00000000000000e+00
 0.00000000000000e+00 0.00000000000000e+00 0.00000000000000e+00 0.00000000000000e+00 0.00000000000000e+00 0.00000000000000e+00 0.00000000000000e+00 0.00000000000000e+00 3.66111843492923e+00 0.00000000000000e+00 0.00000000000000e+00 4.34668304517431e+00 0.00000000000000e+00 0.00000000000000e+00 4.98869691276950e+00 0.00000000000000e+00 0.00000000000000e+00 0.00000000000000e+00 0.00000000000000e+00 0.00000000000000e+00 0.00000000000000e+00 0.00000000000000e+00 0.00000000000000e+00 0.00000000000000e+00 0.00000000000000e+00 -1.10899382607089e-15 0.00000000000000e+00 0.00000000000000e+00 2.06978374804844e+00 0.00000000000000e+00 0.00000000000000e+00 2.68779529049930e+00 0.00000000000000e+00 0.00000000000000e+00 3.34628141977488e+00 0.00000000000000e+00 0.00000000000000e+00 0.00000000000000e+00 -2.07494894569637e+00 0.00000000000000e+00
 0.00000000000000e+00 0.00000000000000e+00 0.00000000000000e+00 0.00000000000000e+00 0.00000000000000e+00 0.00000000000000e+00 4.34668304517431e+00 0.00000000000000e+00 0.00000000000000e+00 5.34070369631429e+00 0.00000000000000e+00 0.00000000000000e+00 6.34077990610480e+00 0.00000000000000e+00 0.00000000000000e+00 0.00000000000000e+00 0.00000000000000e+00 0.00000000000000e+00 0.00000000000000e+00 0.00000000000000e+00 0.00000000000000e+00 0.00000000000000e+00 0.00000000000000e+00 0.00000000000000e+00 0.00000000000000e+00 0.00000000000000e+00 2.68779529049932e+00 0.00000000000000e+00 0.00000000000000e+00 3.54880272103472e+00 0.00000000000000e+00 0.00000000000000e+00 4.50141292687884e+00 0.00000000000000e+00 0.00000000000000e+00 0.00000000000000e+00 -2.42713169850962e+00 0.00000000000000e+00 0.00000000000000e+00 0.00000000000000e+00
 0.00000000000000e+00 0.00000000000000e+00 0.00000000000000e+00 0.00000000000000e+00 0.00000000000000e+00 0.00000000000000e+00 0.00000000000000e+00 4.34668304517431e+00 0.00000000000000e+00 0.00000000000000e+00 5.34070369631429e+00 0.00000000000000e+00 0.00000000000000e+00 6.34077990610480e+00 0.00000000000000e+00 0.00000000000000e+00 0.00000000000000e+00 0.00000000000000e+00 0.00000000000000e+00 0.00000000000000e+00 2.90447831831444e+00 3.34566723868544e+00 3.76219343213907e+00 4.12264037514751e+00 4.39762726211663e+00 4.56461096421052e+00 0.00000000000000e+00 4.08788035700437e-01 0.00000000000000e+00 0.00000000000000e+00 9.44811981496634e-01 0.00000000000000e+00 0.00000000000000e+00 1.69258583128296e+00 0.00000000000000e+00 0.00000000000000e+00 0.00000000000000e+00 -1.46944503641568e+00 0.00000000000000e+00 0.00000000000000e+00
 0.00000000000000e+00 0.00000000000000e+00 0.00000000000000e+00 0.00000000000000e+00 0.00000000000000e+00 0.00000000000000e+00 0.00000000000000e+00 0.00000000000000e+00 4.34668304517431e+00 0.00000000000000e+00 0.00000000000000e+00 5.34070369631429e+00 0.00000000000000e+00 0.00000000000000e+00 6.34077990610480e+00 0.00000000000000e+00 0.00000000000000e+00 0.00000000000000e+00 0.00000000000000e+00 0.00000000000000e+00 0.00000000000000e+00 0.00000000000000e+00 0.00000000000000e+00 0.00000000000000e+00 -1.15444266623742e-15 -1.39143646400630e-15 0.00000000000000e+00 0.00000000000000e+00 2.68779529049932e+00 0.00000000000000e+00 0.00000000000000e+00 3.54880272103472e+00 0.00000000000000e+00 0.00000000000000e+00 4.50141292687884e+00 0.00000000000000e+00 0.00000000000000e+00 0.00000000000000e+00 -2.42713169850962e+00 0.00000000000000e+00
 0.00000000000000e+00 0.00000000000000e+00 0.00000000000000e+00 0.00000000000000e+00 0.00000000000000e+00 0.00000000000000e+00 4.98869691276950e+00 0.00000000000000e+00 0.00000000000000e+00 6.34077990610480e+00 0.00000000000000e+00 0.00000000000000e+00 7.79082034049972e+00 0.00000000000000e+00 0.00000000000000e+00 0.00000000000000e+00 0.00000000000000e+00 0.00000000000000e+00 0.00000000000000e+00 0.00000000000000e+00 0.00000000000000e+00 0.00000000000000e+00 0.00000000000000e+00 0.00000000000000e+00 0.00000000000000e+00 0.00000000000000e+00 3.34628141977490e+00 0.00000000000000e+00 0.00000000000000e+00 4.50141292687884e+00 0.00000000000000e+00 0.00000000000000e+00 5.83078656201972e+00 0.00000000000000e+00 0.00000000000000e+00 0.00000000000000e+00 -2.68297278307274e+00 0.00000000000000e+00 0.00000000000000e+00 0.00000000000000e+00
 0.00000000000000e+00 0.00000000000000e+00 0.00000000000000e+00 0.00000000000000e+00 0.00000000000000e+00 0.00000000000000e+00 0.00000000000000e+00 4.98869691276950e+00 0.00000000000000e+00 0.00000000000000e+00 6.34077990610480e+00 0.00000000000000e+00 0.00000000000000e+00 7.79082034049972e+00 0.00000000000000e+00 0.00000000000000e+00 0.00000000000000e+00 0.00000000000000e+00 0.00000000000000e+00 0.00000000000000e+00 3.52229005073324e+00 4.10026889958282e+00 4.66847708387965e+00 5.18869586942653e+00 5.62153040851846e+00 5.93232329371381e+00 0.00000000000000e+00 9.52605986797982e-01 0.00000000000000e+00 0.00000000000000e+00 1.69258583128296e+00 0.00000000000000e+00 0.00000000000000e+00 2.71110725426712e+00 0.00000000000000e+00 0.00000000000000e+00 0.00000000000000e+00 -1.81969489945936e+00 0.00000000000000e+00 0.00000000000000e+00
 0.00000000000000e+00 0.00000000000000e+00 0.00000000000000e+00 0.00000000000000e+00 0.00000000000000e+00 0.00000000000000e+00 0.00000000000000e+00 0.00000000000000e+00 4.98869691276950e+00 0.00000000000000e+00 0.00000000000000e+00 6.34077990610480e+00 0.00000000000000e+00 0.00000000000000e+00 7.79082034049972e+00 0.00000000000000e+00 0.00000000000000e+00 0.00000000000000e+00 0.00000000000000e+00 0.00000000000000e+00 0.00000000000000e+00 0.00000000000000e+00 0.00000000000000e+00 -1.16009194202901e-15 -1.42000370463214e-15 -1.72179319258455e-15 0.00000000000000e+00 0.00000000000000e+00 3.34628141977490e+00 0.00000000000000e+00 0.00000000000000e+00 4.50141292687884e+00 0.00000000000000e+00 0.00000000000000e+00 5.83078656201972e+00 0.00000000000000e+00 0.00000000000000e+00 0.00000000000000e+00 -2.68297278307274e+00 0.00000000000000e+00
 0.00000000000000e+00 0.00000000000000e+00 0.00000000000000e+00 0.00000000000000e+00 0.00000000000000e+00 0.00000000000000e+00 0.00000000000000e+00 0.00000000000000e+00 0.00000000000000e+00 0.00000000000000e+00 0.00000000000000e+00 0.00000000000000e+00 0.00000000000000e+00 0.00000000000000e+00 0.00000000000000e+00 3.61911473693545e+00 0.00000000000000e+00 0.00000000000000e+00 0.00000000000000e+00 0.00000000000000e+00 0.00000000000000e+00 0.00000000000000e+00 0.00000000000000e+00 0.00000000000000e+00 0.00000000000000e+00 0.00000000000000e+00 0.00000000000000e+00 0.00000000000000e+00 0.00000000000000e+00 0.00000000000000e+00 0.00000000000000e+00 0.00000000000000e+00 0.00000000000000e+00 0.00000000000000e+00 0.00000000000000e+00 2.31161348780635e+00 0.00000000000000e+00 0.00000000000000e+00 0.00000000000000e+00 0.00000000000000e+00
 0.00000000000000e+00 0.00000000000000e+00 0.00000000000000e+00 0.00000000000000e+00 0.00000000000000e+00 0.00000000000000e+00 0.00000000000000e+00 0.00000000000000e+00 0.00000000000000e+00 0.00000000000000e+00 0.00000000000000e+00 0.00000000000000e+00 0.00000000000000e+00 0.00000000000000e+00 0.00000000000000e+00 0.00000000000000e+00 3.61911473693545e+00 0.00000000000000e+00 0.00000000000000e+00 0.00000000000000e+00 0.00000000000000e+00 0.00000000000000e+00 0.00000000000000e+00 0.00000000000000e+00 0.00000000000000e+00 0.00000000000000e+00 2.07494894569636e+00 0.00000000000000e+00 0.00000000000000e+00 2.42713169850962e+00 0.00000000000000e+00 0.00000000000000e+00 2.68297278307274e+00 0.00000000000000e+00 0.00000000000000e+00 0.00000000000000e+00 3.87936468885480e-01 0.00000000000000e+00 0.00000000000000e+00 0.00000000000000e+00
 0.00000000000000e+00 0.00000000000000e+00 0.00000000000000e+00 0.00000000000000e+00 0.00000000000000e+00 0.00000000000000e+00 0.00000000000000e+00 0.00000000000000e+00 0.00000000000000e+00 0.00000000000000e+00 0.00000000000000e+00 0.00000000000000e+00 0.00000000000000e+00 0.00000000000000e+00 0.00000000000000e+00 0.00000000000000e+00 0.00000000000000e+00 3.61911473693544e+00 0.00000000000000e+00 0.00000000000000e+00 1.56041798353153e+00 1.67452683116780e+00 1.73753372171507e+00 1.74087501460270e+00 1.68331905574729e+00 1.57123957596212e+00 0.00000000000000e+00 1.09592653415904e+00 0.00000000000000e+00 0.00000000000000e+00 1.46944503641568e+00 0.00000000000000e+00 0.00000000000000e+00 1.81969489945936e+00 0.00000000000000e+00 0.00000000000000e+00 0.00000000000000e+00 4.49786160935032e-01 0.00000000000000e+00 0.00000000000000e+00
 0.00000000000000e+00 0.00000000000000e+00 0.00000000000000e+00 0.00000000000000e+00 0.00000000000000e+00 0.00000000000000e+00 0.00000000000000e+00 0.00000000000000e+00 0.00000000000000e+00 0.00000000000000e+00 0.00000000000000e+00 0.00000000000000e+00 0.00000000000000e+00 0.00000000000000e+00 0.00000000000000e+00 0.00000000000000e+00 0.00000000000000e+00 0.00000000000000e+00 3.61911473693545e+00 0.00000000000000e+00 0.00000000000000e+00 0.00000000000000e+00 0.00000000000000e+00 0.00000000000000e+00 0.00000000000000e+00 0.00000000000000e+00 0.00000000000000e+00 0.00000000000000e+00 2.07494894569636e+00 0.00000000000000e+00 0.00000000000000e+00 2.42713169850962e+00 0.00000000000000e+00 0.00000000000000e+00 2.68297278307274e+00 0.00000000000000e+00 0.00000000000000e+00 0.00000000000000e+00 3.87936468885480e-01 0.00000000000000e+00
 0.00000000000000e+00 0.00000000000000e+00 0.00000000000000e+00 0.00000000000000e+00 0.00000000000000e+00 0.00000000000000e+00 0.00000000000000e+00 0.00000000000000e+00 0.00000000000000e+00 0.00000000000000e+00 0.00000000000000e+00 0.00000000000000e+00 0.00000000000000e+00 0.00000000000000e+00 0.00000000000000e+00 0.00000000000000e+00 0.00000000000000e+00 0.00000000000000e+00 0.00000000000000e+00 3.61911473693544e+00 0.00000000000000e+00 0.00000000000000e+00 0.00000000000000e+00 0.00000000000000e+00 0.00000000000000e+00 -1.14515847273847e-15 0.00000000000000e+00 0.00000000000000e+00 0.00000000000000e+00 0.00000000000000e+00 0.00000000000000e+00 0.00000000000000e+00 0.00000000000000e+00 0.00000000000000e+00 0.00000000000000e+00 0.00000000000000e+00 0.00000000000000e+00 0.00000000000000e+00 0.00000000000000e+00 2.31161348780636e+00
 4.03041904101450e+00 4.99371195238430e+00 6.12223555421012e+00 7.41845592728845e+00 8.87879583077297e+00 1.04949104984307e+01 0.00000000000000e+00 2.28845082739869e+00 0.00000000000000e+00 0.00000000000000e+00 2.90447831831444e+00 0.00000000000000e+00 0.00000000000000e+00 3.52229005073324e+00 0.00000000000000e+00 0.00000000000000e+00 0.00000000000000e+00 1.56041798353153e+00 0.00000000000000e+00 0.00000000000000e+00 6.29224614162353e+00 7.39068408042664e+00 8.59895981137356e+00 9.91354455452392e+00 1.13306445327261e+01 1.28472297458189e+01 0.00000000000000e+00 0.00000000000000e+00 0.00000000000000e+00 0.00000000000000e+00 0.00000000000000e+00 0.00000000000000e+00 0.00000000000000e+00 0.00000000000000e+00 0.00000000000000e+00 0.00000000000000e+00 0.00000000000000e+00 0.00000000000000e+00 0.00000000000000e+00 0.00000000000000e+00
 4.99371195238428e+00 6.19168169370635e+00 7.60076384540094e+00 9.22718331614729e+00 1.10695635716431e+01 1.31199612604957e+01 0.00000000000000e+00 2.61234264020063e+00 0.00000000000000e+00 0.00000000000000e+00 3.34566723868544e+00 0.00000000000000e+00 0.00000000000000e+00 4.10026889958282e+00 0.00000000000000e+00 0.00000000000000e+00 0.00000000000000e+00 1.67452683116780e+00 0.00000000000000e+00 0.00000000000000e+00 7.39068408042664e+00 8.76453544280839e+00 1.02945611331068e+01 1.19775810325536e+01 1.38086798666726e+01 1.57825732436013e+01 0.00000000000000e+00 0.00000000000000e+00 0.00000000000000e+00 0.00000000000000e+00 0.00000000000000e+00 0.00000000000000e+00 0.00000000000000e+00 0.00000000000000e+00 0.00000000000000e+00 0.00000000000000e+00 0.00000000000000e+00 0.00000000000000e+00 0.00000000000000e+00 0.00000000000000e+00
 6.12223555421004e+00 7.60076384540082e+00 9.34839184115188e+00 1.13774445984932e+01 1.36909069681243e+01 1.62829226785385e+01 0.00000000000000e+00 2.90594186486733e+00 0.00000000000000e+00 0.00000000000000e+00 3.76219343213907e+00 0.00000000000000e+00 0.00000000000000e+00 4.66847708387965e+00 0.00000000000000e+00 0.00000000000000e+00 0.00000000000000e+00 1.73753372171507e+00 0.00000000000000e+00 0.00000000000000e+00 8.59895981137356e+00 1.02945611331068e+01 1.22082130608489e+01 1.43394018429153e+01 1.66836978586218e+01 1.92342545707564e+01 0.00000000000000e+00 0.00000000000000e+00 0.00000000000000e+00 0.00000000000000e+00 0.00000000000000e+00 0.00000000000000e+00 0.00000000000000e+00 0.00000000000000e+00 0.00000000000000e+00 0.00000000000000e+00 0.00000000000000e+00 0.00000000000000e+00 0.00000000000000e+00 0.00000000000000e+00
 7.41845592728838e+00 9.22718331614725e+00 1.13774445984931e+01 1.38909856958854e+01 1.67784694520829e+01 2.00390385820870e+01 0.00000000000000e+00 3.14517100401692e+00 0.00000000000000e+00 0.00000000000000e+00 4.12264037514751e+00 0.00000000000000e+00 0.00000000000000e+00 5.18869586942653e+00 -1.16009194202901e-15 0.00000000000000e+00 0.00000000000000e+00 1.74087501460270e+00 0.00000000000000e+00 0.00000000000000e+00 9.91354455452392e+00 1.19775810325536e+01 1.43394018429153e+01 1.70049476223380e+01 1.99735027607288e+01 2.32388971931203e+01 0.00000000000000e+00 0.00000000000000e+00 0.00000000000000e+00 0.00000000000000e+00 0.00000000000000e+00 0.00000000000000e+00 0.00000000000000e+00 0.00000000000000e+00 0.00000000000000e+00 0.00000000000000e+00 0.00000000000000e+00 0.00000000000000e+00 0.00000000000000e+00 0.00000000000000e+00
 8.87879583077287e+00 1.10695635716429e+01 1.36909069681244e+01 1.67784694520830e+01 2.03553937035915e+01 2.44304649191215e+01 0.00000000000000e+00 3.30965518392439e+00 0.00000000000000e+00 0.00000000000000e+00 4.39762726211663e+00 -1.15444266623742e-15 0.00000000000000e+00 5.62153040851846e+00 -1.42000370463214e-15 0.00000000000000e+00 0.00000000000000e+00 1.68331905574729e+00 0.00000000000000e+00 0.00000000000000e+00 1.13306445327261e+01 1.38086798666726e+01 1.66836978586218e+01 1.99735027607288e+01 2.36863693480094e+01 2.78213008396824e+01 0.00000000000000e+00 0.00000000000000e+00 0.00000000000000e+00 0.00000000000000e+00 0.00000000000000e+00 0.00000000000000e+00 0.00000000000000e+00 0.00000000000000e+00 0.00000000000000e+00 0.00000000000000e+00 0.00000000000000e+00 0.00000000000000e+00 0.00000000000000e+00 0.00000000000000e+00
 1.04949104984305e+01 1.31199612604956e+01 1.62829226785385e+01 2.00390385820867e+01 2.44304649191215e+01 2.94824965885600e+01 0.00000000000000e+00 3.38618408631742e+00 -1.10899382607089e-15 0.00000000000000e+00 4.56461096421052e+00 -1.39143646400630e-15 0.00000000000000e+00 5.93232329371381e+00 -1.72179319258455e-15 0.00000000000000e+00 0.00000000000000e+00 1.57123957596212e+00 0.00000000000000e+00 -1.14515847273847e-15 1.28472297458189e+01 1.57825732436013e+01 1.92342545707564e+01 2.32388971931203e+01 2.78213008396824e+01 3.29929915310837e+01 0.00000000000000e+00 0.00000000000000e+00 0.00000000000000e+00 0.00000000000000e+00 0.00000000000000e+00 0.00000000000000e+00 0.00000000000000e+00 0.00000000000000e+00 0.00000000000000e+00 0.00000000000000e+00 0.00000000000000e+00 0.00000000000000e+00 0.00000000000000e+00 0.00000000000000e+00
 0.00000000000000e+00 0.00000000000000e+00 0.00000000000000e+00 0.00000000000000e+00 0.00000000000000e+00 0.00000000000000e+00 2.06978374804844e+00 0.00000000000000e+00 0.00000000000000e+00 2.68779529049932e+00 0.00000000000000e+00 0.00000000000000e+00 3.34628141977490e+00 0.00000000000000e+00 0.00000000000000e+00 0.00000000000000e+00 2.07494894569636e+00 0.00000000000000e+00 0.00000000000000e+00 0.00000000000000e+00 0.00000000000000e+00 0.00000000000000e+00 0.00000000000000e+00 0.00000000000000e+00 0.00000000000000e+00 0.00000000000000e+00 3.66111843492923e+00 0.00000000000000e+00 0.00000000000000e+00 4.34668304517431e+00 0.00000000000000e+00 0.00000000000000e+00 4.98869691276950e+00 0.00000000000000e+00 0.00000000000000e+00 0.00000000000000e+00 0.00000000000000e+00 0.00000000000000e+00 0.00000000000000e+00 0.00000000000000e+00
 -2.28845082739869e+00 -2.61234264020064e+00 -2.90594186486736e+00 -3.14517100401693e+00 -3.30965518392437e+00 -3.38618408631743e+00 0.00000000000000e+00 2.59739430653651e-02 0.00000000000000e+00 0.00000000000000e+00 4.08788035700437e-01 0.00000000000000e+00 0.00000000000000e+00 9.52605986797982e-01 0.00000000000000e+00 0.00000000000000e+00 0.00000000000000e+00 1.09592653415904e+00 0.00000000000000e+00 0.00000000000000e+00 0.00000000000000e+00 0.00000000000000e+00 0.00000000000000e+00 0.00000000000000e+00 0.00000000000000e+00 0.00000000000000e+00 0.00000000000000e+00 3.66111843492923e+00 0.00000000000000e+00 0.00000000000000e+00 4.34668304517431e+00 0.00000000000000e+00 0.00000000000000e+00 4.98869691276950e+00 0.00000000000000e+00 0.00000000000000e+00 0.00000000000000e+00 0.00000000000000e+00 0.00000000000000e+00 0.00000000000000e+00
 0.00000000000000e+00 0.00000000000000e+00 0.00000000000000e+00 0.00000000000000e+00 0.00000000000000e+00 0.00000000000000e+00 0.00000000000000e+00 0.00000000000000e+00 2.06978374804844e+00 0.00000000000000e+00 0.00000000000000e+00 2.68779529049932e+00 0.00000000000000e+00 0.00000000000000e+00 3.34628141977490e+00 0.00000000000000e+00 0.00000000000000e+00 0.00000000000000e+00 2.07494894569636e+00 0.00000000000000e+00 0.00000000000000e+00 0.00000000000000e+00 0.00000000000000e+00 0.00000000000000e+00 0.00000000000000e+00 0.00000000000000e+00 0.00000000000000e+00 0.00000000000000e+00 3.66111843492923e+00 0.00000000000000e+00 0.00000000000000e+00 4.34668304517431e+00 0.00000000000000e+00 0.00000000000000e+00 4.98869691276950e+00 0.00000000000000e+00 0.00000000000000e+00 0.00000000000000e+00 0.00000000000000e+00 0.00000000000000e+00
 0.00000000000000e+00 0.00000000000000e+00 0.00000000000000e+00 0.00000000000000e+00 0.00000000000000e+00 0.00000000000000e+00 2.68779529049930e+00 0.00000000000000e+00 0.00000000000000e+00 3.54880272103472e+00 0.00000000000000e+00 0.00000000000000e+00 4.50141292687884e+00 0.00000000000000e+00 0.00000000000000e+00 0.00000000000000e+00 2.42713169850962e+00 0.00000000000000e+00 0.00000000000000e+00 0.00000000000000e+00 0.00000000000000e+00 0.00000000000000e+00 0.00000000000000e+00 0.00000000000000e+00 0.00000000000000e+00 0.00000000000000e+00 4.34668304517431e+00 0.00000000000000e+00 0.00000000000000e+00 5.34070369631429e+00 0.00000000000000e+00 0.00000000000000e+00 6.34077990610480e+00 0.00000000000000e+00 0.00000000000000e+00 0.00000000000000e+00 0.00000000000000e+00 0.00000000000000e+00 0.00000000000000e+00 0.00000000000000e+00
 -2.90447831831446e+00 -3.34566723868548e+00 -3.76219343213910e+00 -4.12264037514751e+00 -4.39762726211657e+00 -4.56461096421052e+00 0.00000000000000e+00 4.08788035700434e-01 0.00000000000000e+00 0.00000000000000e+00 9.44811981496634e-01 0.00000000000000e+00 0.00000000000000e+00 1.69258583128296e+00 0.00000000000000e+00 0.00000000000000e+00 0.00000000000000e+00 1.46944503641568e+00 0.00000000000000e+00 0.00000000000000e+00 0.00000000000000e+00 0.00000000000000e+00 0.00000000000000e+00 0.00000000000000e+00 0.00000000000000e+00 0.00000000000000e+00 0.00000000000000e+00 4.34668304517431e+00 0.00000000000000e+00 0.00000000000000e+00 5.34070369631429e+00 0.00000000000000e+00 0.00000000000000e+00 6.34077990610480e+00 0.00000000000000e+00 0.00000000000000e+00 0.00000000000000e+00 0.00000000000000e+00 0.00000000000000e+00 0.00000000000000e+00
 0.00000000000000e+00 0.00000000000000e+00 0.00000000000000e+00 0.00000000000000e+00 0.00000000000000e+00 0.00000000000000e+00 0.00000000000000e+00 0.00000000000000e+00 2.68779529049930e+00 0.00000000000000e+00 0.00000000000000e+00 3.54880272103472e+00 0.00000000000000e+00 0.00000000000000e+00 4.50141292687884e+00 0.00000000000000e+00 0.00000000000000e+00 0.00000000000000e+00 2.42713169850962e+00 0.00000000000000e+00 0.00000000000000e+00 0.00000000000000e+00 0.00000000000000e+00 0.00000000000000e+00 0.00000000000000e+00 0.00000000000000e+00 0.00000000000000e+00 0.00000000000000e+00 4.34668304517431e+00 0.00000000000000e+00 0.00000000000000e+00 5.34070369631429e+00 0.00000000000000e+00 0.00000000000000e+00 6.34077990610480e+00 0.00000000000000e+00 0.00000000000000e+00 0.00000000000000e+00 0.00000000000000e+00 0.00000000000000e+00
 0.00000000000000e+00 0.00000000000000e+00 0.00000000000000e+00 0.00000000000000e+00 0.00000000000000e+00 0.00000000000000e+00 3.34628141977488e+00 0.00000000000000e+00 0.00000000000000e+00 4.50141292687884e+00 0.00000000000000e+00 0.00000000000000e+00 5.83078656201972e+00 0.00000000000000e+00 0.00000000000000e+00 0.00000000000000e+00 2.68297278307274e+00 0.00000000000000e+00 0.00000000000000e+00 0.00000000000000e+00 0.00000000000000e+00 0.00000000000000e+00 0.00000000000000e+00 0.00000000000000e+00 0.00000000000000e+00 0.00000000000000e+00 4.98869691276950e+00 0.00000000000000e+00 0.00000000000000e+00 6.34077990610480e+00 0.00000000000000e+00 0.00000000000000e+00 7.79082034049972e+00 0.00000000000000e+00 0.00000000000000e+00 0.00000000000000e+00 0.00000000000000e+00 0.00000000000000e+00 0.00000000000000e+00 0.00000000000000e+00
 -3.52229005073326e+00 -4.10026889958286e+00 -4.66847708387967e+00 -5.18869586942652e+00 -5.62153040851852e+00 -5.93232329371375e+00 0.00000000000000e+00 9.52605986797990e-01 0.00000000000000e+00 0.00000000000000e+00 1.69258583128296e+00 0.00000000000000e+00 0.00000000000000e+00 2.71110725426712e+00 0.00000000000000e+00 0.00000000000000e+00 0.00000000000000e+00 1.81969489945936e+00 0.00000000000000e+00 0.00000000000000e+00 0.00000000000000e+00 0.00000000000000e+00 0.00000000000000e+00 0.00000000000000e+00 0.00000000000000e+00 0.00000000000000e+00 0.00000000000000e+00 4.98869691276950e+00 0.00000000000000e+00 0.00000000000000e+00 6.34077990610480e+00 0.00000000000000e+00 0.00000000000000e+00 7.79082034049972e+00 0.00000000000000e+00 0.00000000000000e+00 0.00000000000000e+00 0.00000000000000e+00 0.00000000000000e+00 0.00000000000000e+00
 0.00000000000000e+00 0.00000000000000e+00 0.00000000000000e+00 0.00000000000000e+00 0.00000000000000e+00 0.00000000000000e+00 0.00000000000000e+00 0.00000000000000e+00 3.34628141977488e+00 0.00000000000000e+00 0.00000000000000e+00 4.50141292687884e+00 0.00000000000000e+00 0.00000000000000e+00 5.83078656201972e+00 0.00000000000000e+00 0.00000000000000e+00 0.00000000000000e+00 2.68297278307274e+00 0.00000000000000e+00 0.00000000000000e+00 0.00000000000000e+00 0.00000000000000e+00 0.00000000000000e+00 0.00000000000000e+00 0.00000000000000e+00 0.00000000000000e+00 0.00000000000000e+00 4.98869691276950e+00 0.00000000000000e+00 0.00000000000000e+00 6.34077990610480e+00 0.00000000000000e+00 0.00000000000000e+00 7.79082034049972e+00 0.00000000000000e+00 0.00000000000000e+00 0.00000000000000e+00 0.00000000000000e+00 0.00000000000000e+00
 0.00000000000000e+00 0.00000000000000e+00 0.00000000000000e+00 0.00000000000000e+00 0.00000000000000e+00 0.00000000000000e+00 0.00000000000000e+00 0.00000000000000e+00 0.00000000000000e+00 0.00000000000000e+00 0.00000000000000e+00 0.00000000000000e+00 0.00000000000000e+00 0.00000000000000e+00 0.00000000000000e+00 2.31161348780635e+00 0.00000000000000e+00 0.00000000000000e+00 0.00000000000000e+00 0.00000000000000e+00 0.00000000000000e+00 0.00000000000000e+00 0.00000000000000e+00 0.00000000000000e+00 0.00000000000000e+00 0.00000000000000e+00 0.00000000000000e+00 0.00000000000000e+00 0.00000000000000e+00 0.00000000000000e+00 0.00000000000000e+00 0.00000000000000e+00 0.00000000000000e+00 0.00000000000000e+00 0.00000000000000e+00 3.61911473693545e+00 0.00000000000000e+00 0.00000000000000e+00 0.00000000000000e+00 0.00000000000000e+00
 0.00000000000000e+00 0.00000000000000e+00 0.00000000000000e+00 0.00000000000000e+00 0.00000000000000e+00 0.00000000000000e+00 -2.07494894569637e+00 0.00000000000000e+00 0.00000000000000e+00 -2.42713169850962e+00 0.00000000000000e+00 0.00000000000000e+00 -2.68297278307274e+00 0.00000000000000e+00 0.00000000000000e+00 0.00000000000000e+00 3.87936468885480e-01 0.00000000000000e+00 0.00000000000000e+00 0.00000000000000e+00 0.00000000000000e+00 0.00000000000000e+00 0.00000000000000e+00 0.00000000000000e+00 0.00000000000000e+00 0.00000000000000e+00 0.00000000000000e+00 0.00000000000000e+00 0.00000000000000e+00 0.00000000000000e+00 0.00000000000000e+00 0.00000000000000e+00 0.00000000000000e+00 0.00000000000000e+00 0.00000000000000e+00 0.00000000000000e+00 3.61911473693545e+00 0.00000000000000e+00 0.00000000000000e+00 0.00000000000000e+00
 1.56041798353151e+00 1.67452683116779e+00 1.73753372171507e+00 1.74087501460268e+00 1.68331905574730e+00 1.57123957596214e+00 0.00000000000000e+00 -1.09592653415905e+00 0.00000000000000e+00 0.00000000000000e+00 -1.46944503641568e+00 0.00000000000000e+00 0.00000000000000e+00 -1.81969489945936e+00 0.00000000000000e+00 0.00000000000000e+00 0.00000000000000e+00 4.49786160935032e-01 0.00000000000000e+00 0.00000000000000e+00 0.00000000000000e+00 0.00000000000000e+00 0.00000000000000e+00 0.00000000000000e+00 0.00000000000000e+00 0.00000000000000e+00 0.00000000000000e+00 0.00000000000000e+00 0.00000000000000e+00 0.00000000000000e+00 0.00000000000000e+00 0.00000000000000e+00 0.00000000000000e+00 0.00000000000000e+00 0.00000000000000e+00 0.00000000000000e+00 0.00000000000000e+00 3.61911473693544e+00 0.00000000000000e+00 0.00000000000000e+00
 0.00000000000000e+00 0.00000000000000e+00 0.00000000000000e+00 0.00000000000000e+00 0.00000000000000e+00 0.00000000000000e+00 0.00000000000000e+00 0.00000000000000e+00 -2.07494894569637e+00 0.00000000000000e+00 0.00000000000000e+00 -2.42713169850962e+00 0.00000000000000e+00 0.00000000000000e+00 -2.68297278307274e+00 0.00000000000000e+00 0.00000000000000e+00 0.00000000000000e+00 3.87936468885480e-01 0.00000000000000e+00 0.00000000000000e+00 0.00000000000000e+00 0.00000000000000e+00 0.00000000000000e+00 0.00000000000000e+00 0.00000000000000e+00 0.00000000000000e+00 0.00000000000000e+00 0.00000000000000e+00 0.00000000000000e+00 0.00000000000000e+00 0.00000000000000e+00 0.00000000000000e+00 0.00000000000000e+00 0.00000000000000e+00 0.00000000000000e+00 0.00000000000000e+00 0.00000000000000e+00 3.61911473693545e+00 0.00000000000000e+00
 0.00000000000000e+00 0.00000000000000e+00 0.00000000000000e+00 0.00000000000000e+00 0.00000000000000e+00 0.00000000000000e+00 0.00000000000000e+00 0.00000000000000e+00 0.00000000000000e+00 0.00000000000000e+00 0.00000000000000e+00 0.00000000000000e+00 0.00000000000000e+00 0.00000000000000e+00 0.00000000000000e+00 0.00000000000000e+00 0.00000000000000e+00 0.00000000000000e+00 0.00000000000000e+00 2.31161348780636e+00 0.00000000000000e+00 0.00000000000000e+00 0.00000000000000e+00 0.00000000000000e+00 0.00000000000000e+00 0.00000000000000e+00 0.00000000000000e+00 0.00000000000000e+00 0.00000000000000e+00 0.00000000000000e+00 0.00000000000000e+00 0.00000000000000e+00 0.00000000000000e+00 0.00000000000000e+00 0.00000000000000e+00 0.00000000000000e+00 0.00000000000000e+00 0.00000000000000e+00 0.00000000000000e+00 3.61911473693544e+00
