S:
 1.00000000000000e+00 9.33746663323381e-01 8.48174731285821e-02 2.06008557949724e-01 5.88563812688154e-01 0.00000000000000e+00 0.00000000000000e+00 0.00000000000000e+00 0.00000000000000e+00 0.00000000000000e+00 0.00000000000000e+00 0.00000000000000e+00 0.00000000000000e+00 3.40189244101799e-19 0.00000000000000e+00 1.20577219740002e-20 9.50895231832438e-20 0.00000000000000e+00 4.92464630598096e-20 5.05597710904781e-02 4.83510685512178e-02 2.82999344182765e-02 -5.29754437443747e-19 -6.24781200993614e-20 -9.76650084009713e-02 5.05584494888477e-02 4.83493837950460e-02 2.82982424551105e-02 -5.24494659096958e-19 -9.53923603692409e-02 2.09335441572614e-02
 9.33746663323381e-01 1.00000000000000e+00 1.84625621394150e-01 3.89601358737498e-01 8.27780645579333e-01 0.00000000000000e+00 4.69872506035182e-19 0.00000000000000e+00 0.00000000000000e+00 0.00000000000000e+00 -5.14090643577633e-19 0.00000000000000e+00 0.00000000000000e+00 7.14815145922938e-19 0.00000000000000e+00 1.04962919384601e-19 -2.12767691247087e-19 0.00000000000000e+00 1.26832415785343e-19 9.52681823945186e-02 9.15954212198487e-02 5.57969384463991e-02 -1.51294020174715e-18 -1.58706628917338e-19 -1.78076297150340e-01 9.52657510187920e-02 9.15923087047888e-02 5.57937006379065e-02 -1.50840397978879e-18 -1.73932840066236e-01 3.81689977460553e-02
 8.48174731285821e-02 1.84625621394150e-01 1.00000000000000e+00 8.59289762910996e-01 3.82985958180948e-01 0.00000000000000e+00 0.00000000000000e+00 -7.19630077143500e-19 0.00000000000000e+00 0.00000000000000e+00 7.87352068368995e-19 0.00000000000000e+00 0.00000000000000e+00 0.00000000000000e+00 0.00000000000000e+00 1.54040122786561e-19 1.22928280948342e-18 0.00000000000000e+00 1.00293587386188e-18 7.08935475497059e-01 6.52413169563298e-01 4.48326568860869e-01 -3.13633056390032e-17 -3.22289840882384e-18 -5.17035316746919e-01 7.08927353839891e-01 6.52403895778952e-01 4.48317645394890e-01 -3.14502108698613e-17 -5.05019324958923e-01 1.10824853252157e-01
 2.06008557949724e-01 3.89601358737498e-01 8.59289762910996e-01 1.00000000000000e+00 6.87414645860961e-01 0.00000000000000e+00 -2.48103344791808e-18 -6.20258361979519e-19 0.00000000000000e+00 0.00000000000000e+00 0.00000000000000e+00 0.00000000000000e+00 -3.77438616504294e-18 0.00000000000000e+00 0.00000000000000e+00 5.90036327112781e-21 3.39411397693035e-19 0.00000000000000e+00 3.61531696788018e-19 4.89078235182176e-01 4.72405219652066e-01 3.39940876827530e-01 -1.89219921934183e-17 -2.02969423693992e-18 -5.87470255077239e-01 4.89069620907539e-01 4.72394515555032e-01 3.39929097578668e-01 -1.87423772580516e-17 -5.73811264969418e-01 1.25921021418028e-01
 5.88563812688154e-01 8.27780645579333e-01 3.82985958180948e-01 6.87414645860961e-01 1.00000000000000e+00 0.00000000000000e+00 0.00000000000000e+00 0.00000000000000e+00 0.00000000000000e+00 0.00000000000000e+00 0.00000000000000e+00 0.00000000000000e+00 -3.35044649627907e-18 0.00000000000000e+00 0.00000000000000e+00 -8.66377459674397e-20 -5.20469855057968e-20 0.00000000000000e+00 -8.18018978944274e-20 1.83437987718623e-01 1.77649431434124e-01 1.14529089424549e-01 -4.12572894492355e-18 -4.17401795513704e-19 -3.23452505857973e-01 1.83433507212912e-01 1.77643671153395e-01 1.14522817865049e-01 -4.12990411874318e-18 -3.15927509961128e-01 6.93292676128962e-02
 0.00000000000000e+00 0.00000000000000e+00 0.00000000000000e+00 0.00000000000000e+00 0.00000000000000e+00 1.00000000000000e+00 0.00000000000000e+00 0.00000000000000e+00 8.06677080198925e-01 0.00000000000000e+00 0.00000000000000e+00 3.84249853570430e-01 0.00000000000000e+00 0.00000000000000e+00 2.65891865755841e-19 0.00000000000000e+00 0.00000000000000e+00 6.73139806291713e-20 0.00000000000000e+00 -3.44716916206394e-17 -2.76158439760416e-17 -1.38441363964942e-17 5.98972286970131e-01 2.27600342250967e-18 1.95329988442653e-17 -3.44966371763040e-17 -2.75675283691897e-17 -1.38334051003071e-17 5.98964149756033e-01 1.94420785506441e-17 -2.07856928686602e-18
 0.00000000000000e+00 4.69872506035182e-19 0.00000000000000e+00 -2.48103344791808e-18 0.00000000000000e+00 0.00000000000000e+00 1.00000000000000e+00 1.65277844570941e-19 0.00000000000000e+00 8.06677080198925e-01 -1.83393468385235e-19 0.00000000000000e+00 3.84249853570430e-01 1.09781700259206e-19 0.00000000000000e+00 4.71145961717655e-19 0.00000000000000e+00 0.00000000000000e+00 0.00000000000000e+00 -3.80566955685589e-18 -2.89742040878653e-18 -1.50373050734171e-18 2.24100095159853e-18 5.98972286970131e-01 1.89690406459842e-18 5.27400910456485e-01 5.66169137668398e-01 4.94216906015865e-01 -3.04806383748364e-17 1.77274955860780e-01 9.25383262021971e-02
 0.00000000000000e+00 0.00000000000000e+00 -7.19630077143500e-19 -6.20258361979519e-19 0.00000000000000e+00 0.00000000000000e+00 1.65277844570941e-19 1.00000000000000e+00 0.00000000000000e+00 2.30212344958034e-19 8.06677080198925e-01 0.00000000000000e+00 5.75519193825640e-20 3.84249853570430e-01 0.00000000000000e+00 4.33559560569153e-18 1.25157864502168e-18 0.00000000000000e+00 -3.49280998854606e-19 5.39947039767688e-01 5.79638931271766e-01 5.05977680280270e-01 -3.15568069014646e-17 -3.55049400070104e-18 1.56983858138753e-01 -1.15736419613543e-01 -1.24243981362701e-01 -1.08454297443762e-01 8.86391325139487e-18 9.25383262021973e-02 5.78656914142045e-01
 0.00000000000000e+00 0.00000000000000e+00 0.00000000000000e+00 0.00000000000000e+00 0.00000000000000e+00 8.06677080198925e-01 0.00000000000000e+00 0.00000000000000e+00 1.00000000000000e+00 0.00000000000000e+00 0.00000000000000e+00 7.49136997611633e-01 0.00000000000000e+00 0.00000000000000e+00 -5.85923235759560e-19 0.00000000000000e+00 0.00000000000000e+00 -3.29536321673570e-19 0.00000000000000e+00 -2.93342470162232e-17 -2.61609871830198e-17 -1.53156255627687e-17 4.92782752210829e-01 1.81692150726385e-18 2.94254890968082e-17 -2.92836652132984e-17 -2.59919391218159e-17 -1.52457066560802e-17 4.92771634285930e-01 2.87442358372921e-17 -4.52968379529528e-18
 0.00000000000000e+00 0.00000000000000e+00 0.00000000000000e+00 0.00000000000000e+00 0.00000000000000e+00 0.00000000000000e+00 8.06677080198925e-01 2.30212344958034e-19 0.00000000000000e+00 1.00000000000000e+00 5.90761996215853e-20 0.00000000000000e+00 7.49136997611633e-01 -6.27619626474189e-20 0.00000000000000e+00 -3.79665558150679e-19 0.00000000000000e+00 0.00000000000000e+00 0.00000000000000e+00 -3.03784841400235e-18 -2.71976344195144e-18 -1.59571898640881e-18 1.85100108628469e-18 4.92782752210829e-01 3.13190094795136e-18 3.93946898554371e-01 4.72263565243944e-01 4.90249813927484e-01 -2.29381295088362e-17 -8.33818511314361e-02 1.26435014100287e-01
 0.00000000000000e+00 -5.14090643577633e-19 7.87352068368995e-19 0.00000000000000e+00 0.00000000000000e+00 0.00000000000000e+00 -1.83393468385235e-19 8.06677080198925e-01 0.00000000000000e+00 5.90761996215853e-20 1.00000000000000e+00 0.00000000000000e+00 -2.93350861862155e-19 7.49136997611633e-01 0.00000000000000e+00 0.00000000000000e+00 0.00000000000000e+00 0.00000000000000e+00 9.53671646687494e-20 4.03321913642388e-01 4.83504281611731e-01 5.01923443735933e-01 -2.38882516703278e-17 -2.62101653270831e-18 -1.11111873690598e-01 -8.64503694486970e-02 -1.03636707998764e-01 -1.07583731948931e-01 6.83576532182727e-18 1.26435014100287e-01 4.65025880428415e-01
 0.00000000000000e+00 0.00000000000000e+00 0.00000000000000e+00 0.00000000000000e+00 0.00000000000000e+00 3.84249853570430e-01 0.00000000000000e+00 0.00000000000000e+00 7.49136997611633e-01 0.00000000000000e+00 0.00000000000000e+00 1.00000000000000e+00 0.00000000000000e+00 0.00000000000000e+00 1.88418202425127e-19 0.00000000000000e+00 0.00000000000000e+00 -4.85659220303005e-20 0.00000000000000e+00 -1.56643800096146e-17 -1.47932079028381e-17 -9.16910662011705e-18 1.96285772995259e-01 7.25340447039628e-19 2.41456308147120e-17 -1.55424366961204e-17 -1.46457201686718e-17 -9.06348265973748e-18 1.96278816605134e-01 2.34499702269689e-17 -4.42235976331105e-18
 0.00000000000000e+00 0.00000000000000e+00 0.00000000000000e+00 -3.77438616504294e-18 -3.35044649627907e-18 0.00000000000000e+00 3.84249853570430e-01 5.75519193825640e-20 0.00000000000000e+00 7.49136997611633e-01 -2.93350861862155e-19 0.00000000000000e+00 1.00000000000000e+00 7.50078630233195e-19 0.00000000000000e+00 1.53270126461980e-19 -9.52010769181095e-19 0.00000000000000e+00 0.00000000000000e+00 -1.78399943440390e-18 -1.57441996125084e-18 -9.64191086390339e-19 7.29633435230832e-19 1.96285772995259e-01 2.56901934139454e-18 1.47529736788794e-01 1.88522689975643e-01 2.10966149108455e-01 -7.00405356110590e-18 -1.64212444264559e-01 7.91086382443257e-02
 3.40189244101799e-19 7.14815145922938e-19 0.00000000000000e+00 0.00000000000000e+00 0.00000000000000e+00 0.00000000000000e+00 1.09781700259206e-19 3.84249853570430e-01 0.00000000000000e+00 -6.27619626474189e-20 7.49136997611633e-01 0.00000000000000e+00 7.50078630233195e-19 1.00000000000000e+00 0.00000000000000e+00 0.00000000000000e+00 0.00000000000000e+00 0.00000000000000e+00 1.04612409180820e-19 1.51042590866764e-01 1.93012901226313e-01 2.15994638816171e-01 -7.38644608785164e-18 -7.37223129377298e-19 -1.81569080537478e-01 -3.23749223483225e-02 -4.13706929986332e-02 -4.62958373286386e-02 2.26930141615135e-18 7.91086382443258e-02 1.78918682465478e-01
 0.00000000000000e+00 0.00000000000000e+00 0.00000000000000e+00 0.00000000000000e+00 0.00000000000000e+00 2.65891865755841e-19 0.00000000000000e+00 0.00000000000000e+00 -5.85923235759560e-19 0.00000000000000e+00 0.00000000000000e+00 1.88418202425127e-19 0.00000000000000e+00 0.00000000000000e+00 1.00000000000000e+00 0.00000000000000e+00 0.00000000000000e+00 -3.86293240073367e-19 0.00000000000000e+00 2.58067289156281e-18 2.17401780150441e-18 1.21519554685204e-18 -1.71116242677636e-18 -1.79640714758855e-18 -2.95804477107778e-18 -1.47899133899746e-17 -1.77613747073425e-17 -1.72270819472744e-17 3.82293493776829e-01 8.68342424952193e-18 -8.81540871627360e-19
 1.20577219740002e-20 1.04962919384601e-19 1.54040122786561e-19 5.90036327112781e-21 -8.66377459674397e-20 0.00000000000000e+00 4.71145961717655e-19 4.33559560569153e-18 0.00000000000000e+00 -3.79665558150679e-19 0.00000000000000e+00 0.00000000000000e+00 1.53270126461980e-19 0.00000000000000e+00 0.00000000000000e+00 1.00000000000000e+00 2.36254467422750e-19 0.00000000000000e+00 1.23414883965543e-19 -1.43779656444996e-18 -1.95844138293822e-18 -1.81126720928692e-18 1.56137727532789e-18 3.91395877503614e-01 6.58191909159963e-19 -6.11343146920741e-02 -8.97503219543889e-02 -1.35174631067276e-01 9.57733720956421e-18 5.81686656607898e-02 3.51118507080937e-01
 9.50895231832438e-20 -2.12767691247087e-19 1.22928280948342e-18 3.39411397693035e-19 -5.20469855057968e-20 0.00000000000000e+00 0.00000000000000e+00 1.25157864502168e-18 0.00000000000000e+00 0.00000000000000e+00 0.00000000000000e+00 0.00000000000000e+00 -9.52010769181095e-19 0.00000000000000e+00 0.00000000000000e+00 2.36254467422750e-19 1.00000000000000e+00 0.00000000000000e+00 3.01875127752094e-20 1.68585596343048e-01 2.47498875260952e-01 3.72766687146989e-01 -6.82278220408907e-18 -7.47761679709995e-19 5.08744785487985e-02 -7.26746464227952e-02 -1.06692500721087e-01 -1.60691561975089e-01 2.49828511400532e-17 -5.18385083362181e-02 -1.33931262854636e-01
 0.00000000000000e+00 0.00000000000000e+00 0.00000000000000e+00 0.00000000000000e+00 0.00000000000000e+00 6.73139806291713e-20 0.00000000000000e+00 0.00000000000000e+00 -3.29536321673570e-19 0.00000000000000e+00 0.00000000000000e+00 -4.85659220303005e-20 0.00000000000000e+00 0.00000000000000e+00 -3.86293240073367e-19 0.00000000000000e+00 0.00000000000000e+00 1.00000000000000e+00 0.00000000000000e+00 -1.58303554258335e-17 -1.88780169063411e-17 -1.79552069135791e-17 3.91395877503613e-01 1.52718319120487e-18 9.55642877685067e-18 5.57580086152338e-18 5.85983293719730e-18 4.93684374176511e-18 -8.38930675583901e-02 -4.88474735266672e-18 -9.94993448994730e-19
 4.92464630598096e-20 1.26832415785343e-19 1.00293587386188e-18 3.61531696788018e-19 -8.18018978944274e-20 0.00000000000000e+00 0.00000000000000e+00 -3.49280998854606e-19 0.00000000000000e+00 0.00000000000000e+00 9.53671646687494e-20 0.00000000000000e+00 0.00000000000000e+00 1.04612409180820e-19 0.00000000000000e+00 1.23414883965543e-19 3.01875127752094e-20 0.00000000000000e+00 1.00000000000000e+00 -2.54529005852236e-17 -2.24867194809966e-17 -1.21428130807481e-17 -2.75172330379210e-17 1.34737953589200e-18 2.96732636454510e-17 -1.39291907147266e-01 -2.04492249157881e-01 -3.07989584149701e-01 -8.64414226150653e-18 -5.86119435310204e-02 -7.10308666095895e-02
 5.05597710904781e-02 9.52681823945186e-02 7.08935475497059e-01 4.89078235182176e-01 1.83437987718623e-01 -3.44716916206394e-17 -3.80566955685589e-18 5.39947039767688e-01 -2.93342470162232e-17 -3.03784841400235e-18 4.03321913642388e-01 -1.56643800096146e-17 -1.78399943440390e-18 1.51042590866764e-01 2.58067289156281e-18 -1.43779656444996e-18 1.68585596343048e-01 -1.58303554258335e-17 -2.54529005852236e-17 1.00000000000000e+00 9.69544475373831e-01 7.78523420263646e-01 0.00000000000000e+00 0.00000000000000e+00 1.10575534520795e-18 5.20746203850688e-01 4.24542811318979e-01 2.33592442021972e-01 -2.01388415966392e-17 -2.46073434436182e-01 3.05924212411270e-01
 4.83510685512178e-02 9.15954212198487e-02 6.52413169563298e-01 4.72405219652066e-01 1.77649431434124e-01 -2.76158439760416e-17 -2.89742040878653e-18 5.79638931271766e-01 -2.61609871830198e-17 -2.71976344195144e-18 4.83504281611731e-01 -1.47932079028381e-17 -1.57441996125084e-18 1.93012901226313e-01 2.17401780150441e-18 -1.95844138293822e-18 2.47498875260952e-01 -1.88780169063411e-17 -2.24867194809966e-17 9.69544475373831e-01 1.00000000000000e+00 8.97299307181686e-01 0.00000000000000e+00 0.00000000000000e+00 8.51210861618233e-19 4.24542811318979e-01 3.48858407289150e-01 1.87910265548266e-01 -1.52307954941712e-17 -2.54860678765578e-01 3.16848718776190e-01
 2.82999344182765e-02 5.57969384463991e-02 4.48326568860869e-01 3.39940876827530e-01 1.14529089424549e-01 -1.38441363964942e-17 -1.50373050734171e-18 5.05977680280270e-01 -1.53156255627687e-17 -1.59571898640881e-18 5.01923443735933e-01 -9.16910662011705e-18 -9.64191086390339e-19 2.15994638816171e-01 1.21519554685204e-18 -1.81126720928692e-18 3.72766687146989e-01 -1.79552069135791e-17 -1.21428130807481e-17 7.78523420263646e-01 8.97299307181686e-01 1.00000000000000e+00 0.00000000000000e+00 0.00000000000000e+00 0.00000000000000e+00 2.33592442021972e-01 1.87910265548266e-01 8.69889893101230e-02 -6.33031930295441e-18 -1.94539255780271e-01 2.41855723857461e-01
 -5.29754437443747e-19 -1.51294020174715e-18 -3.13633056390032e-17 -1.89219921934183e-17 -4.12572894492355e-18 5.98972286970131e-01 2.24100095159853e-18 -3.15568069014646e-17 4.92782752210829e-01 1.85100108628469e-18 -2.38882516703278e-17 1.96285772995259e-01 7.29633435230832e-19 -7.38644608785164e-18 -1.71116242677636e-18 1.56137727532789e-18 -6.82278220408907e-18 3.91395877503613e-01 -2.75172330379210e-17 0.00000000000000e+00 0.00000000000000e+00 0.00000000000000e+00 1.00000000000000e+00 0.00000000000000e+00 0.00000000000000e+00 -2.01032014654744e-17 -1.52285926966883e-17 -6.30742545786585e-18 2.75947220781576e-01 1.33740572244382e-17 -1.49133032417928e-17
 -6.24781200993614e-20 -1.58706628917338e-19 -3.22289840882384e-18 -2.02969423693992e-18 -4.17401795513704e-19 2.27600342250967e-18 5.98972286970131e-01 -3.55049400070104e-18 1.81692150726385e-18 4.92782752210829e-01 -2.62101653270831e-18 7.25340447039628e-19 1.96285772995259e-01 -7.37223129377298e-19 -1.79640714758855e-18 3.91395877503614e-01 -7.47761679709995e-19 1.52718319120487e-18 1.34737953589200e-18 0.00000000000000e+00 0.00000000000000e+00 0.00000000000000e+00 0.00000000000000e+00 1.00000000000000e+00 -2.54787897262870e-19 2.46073434436182e-01 2.54860678765578e-01 1.94539255780271e-01 -1.17031925106624e-17 4.06821662313419e-02 2.92486983351473e-01
 -9.76650084009713e-02 -1.78076297150340e-01 -5.17035316746919e-01 -5.87470255077239e-01 -3.23452505857973e-01 1.95329988442653e-17 1.89690406459842e-18 1.56983858138753e-01 2.94254890968082e-17 3.13190094795136e-18 -1.11111873690598e-01 2.41456308147120e-17 2.56901934139454e-18 -1.81569080537478e-01 -2.95804477107778e-18 6.58191909159963e-19 5.08744785487985e-02 9.55642877685067e-18 2.96732636454510e-17 1.10575534520795e-18 8.51210861618233e-19 0.00000000000000e+00 0.00000000000000e+00 -2.54787897262870e-19 1.00000000000000e+00 -3.05924212411270e-01 -3.16848718776190e-01 -2.41855723857461e-01 1.61340159924816e-17 2.92486983351473e-01 -8.76793942870774e-02
 5.05584494888477e-02 9.52657510187920e-02 7.08927353839891e-01 4.89069620907539e-01 1.83433507212912e-01 -3.44966371763040e-17 5.27400910456485e-01 -1.15736419613543e-01 -2.92836652132984e-17 3.93946898554371e-01 -8.64503694486970e-02 -1.55424366961204e-17 1.47529736788794e-01 -3.23749223483225e-02 -1.47899133899746e-17 -6.11343146920741e-02 -7.26746464227952e-02 5.57580086152338e-18 -1.39291907147266e-01 5.20746203850688e-01 4.24542811318979e-01 2.33592442021972e-01 -2.01032014654744e-17 2.46073434436182e-01 -3.05924212411270e-01 1.00000000000000e+00 9.69544475373831e-01 7.78523420263646e-01 0.00000000000000e+00 0.00000000000000e+00 1.10575534520795e-18
 4.83493837950460e-02 9.15923087047888e-02 6.52403895778952e-01 4.72394515555032e-01 1.77643671153395e-01 -2.75675283691897e-17 5.66169137668398e-01 -1.24243981362701e-01 -2.59919391218159e-17 4.72263565243944e-01 -1.03636707998764e-01 -1.46457201686718e-17 1.88522689975643e-01 -4.13706929986332e-02 -1.77613747073425e-17 -8.97503219543889e-02 -1.06692500721087e-01 5.85983293719730e-18 -2.04492249157881e-01 4.24542811318979e-01 3.48858407289150e-01 1.87910265548266e-01 -1.52285926966883e-17 2.54860678765578e-01 -3.16848718776190e-01 9.69544475373831e-01 1.00000000000000e+00 8.97299307181686e-01 0.00000000000000e+00 0.00000000000000e+00 8.51210861618233e-19
 2.82982424551105e-02 5.57937006379065e-02 4.48317645394890e-01 3.39929097578668e-01 1.14522817865049e-01 -1.38334051003071e-17 4.94216906015865e-01 -1.08454297443762e-01 -1.52457066560802e-17 4.90249813927484e-01 -1.07583731948931e-01 -9.06348265973748e-18 2.10966149108455e-01 -4.62958373286386e-02 -1.72270819472744e-17 -1.35174631067276e-01 -1.60691561975089e-01 4.93684374176511e-18 -3.07989584149701e-01 2.33592442021972e-01 1.87910265548266e-01 8.69889893101230e-02 -6.30742545786585e-18 1.94539255780271e-01 -2.41855723857461e-01 7.78523420263646e-01 8.97299307181686e-01 1.00000000000000e+00 0.00000000000000e+00 0.00000000000000e+00 0.00000000000000e+00
 -5.24494659096958e-19 -1.50840397978879e-18 -3.14502108698613e-17 -1.87423772580516e-17 -4.12990411874318e-18 5.98964149756033e-01 -3.04806383748364e-17 8.86391325139487e-18 4.92771634285930e-01 -2.29381295088362e-17 6.83576532182727e-18 1.96278816605134e-01 -7.00405356110590e-18 2.26930141615135e-18 3.82293493776829e-01 9.57733720956421e-18 2.49828511400532e-17 -8.38930675583901e-02 -8.64414226150653e-18 -2.01388415966392e-17 -1.52307954941712e-17 -6.33031930295441e-18 2.75947220781576e-01 -1.17031925106624e-17 1.61340159924816e-17 0.00000000000000e+00 0.00000000000000e+00 0.00000000000000e+00 1.00000000000000e+00 0.00000000000000e+00 0.00000000000000e+00
 -9.53923603692409e-02 -1.73932840066236e-01 -5.05019324958923e-01 -5.73811264969418e-01 -3.15927509961128e-01 1.94420785506441e-17 1.77274955860780e-01 9.25383262021973e-02 2.87442358372921e-17 -8.33818511314361e-02 1.26435014100287e-01 2.34499702269689e-17 -1.64212444264559e-01 7.91086382443258e-02 8.68342424952193e-18 5.81686656607898e-02 -5.18385083362181e-02 -4.88474735266672e-18 -5.86119435310204e-02 -2.46073434436182e-01 -2.54860678765578e-01 -1.94539255780271e-01 1.33740572244382e-17 4.06821662313419e-02 2.92486983351473e-01 0.00000000000000e+00 0.00000000000000e+00 0.00000000000000e+00 0.00000000000000e+00 1.00000000000000e+00 -2.54787897262870e-19
 2.09335441572614e-02 3.81689977460553e-02 1.10824853252157e-01 1.25921021418028e-01 6.93292676128962e-02 -2.07856928686602e-18 9.25383262021971e-02 5.78656914142045e-01 -4.52968379529528e-18 1.26435014100287e-01 4.65025880428415e-01 -4.42235976331105e-18 7.91086382443257e-02 1.78918682465478e-01 -8.81540871627360e-19 3.51118507080937e-01 -1.33931262854636e-01 -9.94993448994730e-19 -7.10308666095895e-02 3.05924212411270e-01 3.16848718776190e-01 2.41855723857461e-01 -1.49133032417928e-17 2.92486983351473e-01 -8.76793942870774e-02 1.10575534520795e-18 8.51210861618233e-19 0.00000000000000e+00 0.00000000000000e+00 -2.54787897262870e-19 1.00000000000000e+00
En:
 -4.70363931803497e+01 -3.64127520137596e+01 -1.60104792877149e+00 -4.22655255161259e+00 -1.50180256557695e+01 1.59315251298977e-18 -2.08745125785819e-03 -1.67911712308942e-03 5.19365506009569e-18 -6.28576708299082e-03 -5.05618473352566e-03 1.60097053431956e-17 -1.66889571456694e-02 -1.34243680012364e-02 1.08198753108873e-21 3.93816025817366e-04 -6.17903381837537e-04 9.58552284528625e-21 8.97292880071656e-04 -1.21761726651631e+00 -1.16196303323109e+00 -6.69741054725532e-01 8.34665533853432e-18 -6.67969695503597e-04 2.37828108906354e+00 -1.21758516201225e+00 -1.16192218689831e+00 -6.69700634024453e-01 8.34059483294458e-18 2.32279399720197e+00 -5.10413468022679e-01
 -3.64127520137596e+01 -3.09563931712770e+01 -2.49545903327314e+00 -5.90494505166313e+00 -1.66850720359707e+01 3.78484013749360e-18 -7.27466172991759e-03 -5.85163590941162e-03 1.07898469023856e-17 -1.86268675749742e-02 -1.49831944755504e-02 2.66962625246926e-17 -3.75269416692778e-02 -3.01861562290756e-02 2.20459963166992e-19 1.89087062078776e-03 -2.96680264933574e-03 1.84735880813854e-19 4.30826739883958e-03 -1.53473749451062e+00 -1.46973389613931e+00 -8.68019608567697e-01 1.60458716211428e-17 -2.65169361328177e-03 2.94650652121987e+00 -1.53469743891912e+00 -1.46968277287253e+00 -8.67967853478856e-01 1.60220130327536e-17 2.87737431655185e+00 -6.34145230257367e-01
 -1.60104792877149e+00 -2.49545903327314e+00 -4.71234288537262e+00 -5.15496530932697e+00 -3.74401129877277e+00 3.22648972029953e-17 -1.47005043906392e-01 -1.18244804772910e-01 4.00176164822854e-17 -1.73103991849408e-01 -1.39239426125987e-01 2.93062662486690e-17 -9.58839492752915e-02 -7.71272663042437e-02 4.57493132750694e-18 3.77302480460145e-02 -5.91964140314850e-02 3.82381649249317e-18 8.59667477085520e-02 -2.99071793287581e+00 -2.87580305868847e+00 -2.12352014258845e+00 1.08795157452272e-16 -6.79680719394954e-02 2.99005380077517e+00 -2.99067269425538e+00 -2.87574757615517e+00 -2.12345973204328e+00 1.08135698755365e-16 2.90597275089634e+00 -7.07290518044567e-01
 -4.22655255161259e+00 -5.90494505166313e+00 -5.15496530932697e+00 -7.24831333044816e+00 -7.56586114418189e+00 2.41849192068774e-17 -1.02194686290150e-01 -8.22024075592615e-02 3.99982967804298e-17 -1.50247031510864e-01 -1.20855298473072e-01 4.22170898025319e-17 -1.17490462826534e-01 -9.45074816826946e-02 3.88464997179228e-18 3.08683729130971e-02 -4.84315555696294e-02 3.30080676135368e-18 7.03322602904015e-02 -2.77768833780302e+00 -2.72087603009196e+00 -1.96597995225873e+00 8.36559469399859e-17 -4.59581010072209e-02 3.91986054161462e+00 -2.77763069475385e+00 -2.72080238287732e+00 -1.96589596309940e+00 8.25827293177233e-17 3.81884744838425e+00 -8.85084754684130e-01
 -1.50180256557695e+01 -1.66850720359707e+01 -3.74401129877277e+00 -7.56586114418189e+00 -1.47563914728049e+01 8.55924500178209e-18 -2.22995066103458e-02 -1.79373887122503e-02 2.13094696845606e-17 -4.92376159377600e-02 -3.96060350668073e-02 4.07657028823767e-17 -7.54997909522854e-02 -6.07309897084652e-02 9.82723529193285e-19 6.75343590723647e-03 -1.05962136606877e-02 8.05180997539181e-19 1.53874133055057e-02 -1.89725719102858e+00 -1.83068153627636e+00 -1.13965219076168e+00 3.13192620422309e-17 -8.86777287612529e-03 3.49068895449911e+00 -1.89720889330022e+00 -1.83061951006891e+00 -1.13958638185888e+00 3.12293257558476e-17 3.40756990293502e+00 -7.56858871349326e-01
 1.59315251298977e-18 3.78484013749360e-18 3.22648972029953e-17 2.41849192068774e-17 8.55924500178209e-18 -3.08708194172329e+00 2.97262165978369e-18 2.46309059500987e-18 -3.38404807130848e+00 2.84580124617722e-18 2.44932708747922e-18 -2.49968077496256e+00 1.15289574664409e-18 9.86496720194263e-19 -7.57473600875584e-02 -3.79536991208658e-18 -1.64646243514092e-17 -6.09284248056233e-02 3.00076219545883e-17 1.02610206205111e-16 8.93619400846386e-17 5.15678301437378e-17 -1.92073489980994e+00 -5.34174148019241e-18 -8.67777212717836e-17 1.02206056646711e-16 8.87737769345741e-17 5.15914950921544e-17 -1.92069928746040e+00 -8.51240098658758e-17 1.33179828341754e-17
 -2.08745125785819e-03 -7.27466172991759e-03 -1.47005043906392e-01 -1.02194686290150e-01 -2.22995066103458e-02 2.97262165978369e-18 -3.19500140006754e+00 2.36825751866548e-02 2.87717431903989e-18 -3.49281521189535e+00 2.38685963060460e-02 1.16574866345977e-18 -2.54112063188709e+00 9.09384222638346e-03 1.69804301745995e-17 -3.14491350131648e-02 7.87768575095187e-02 -3.76991259281665e-18 1.42914654220501e-01 -8.16291559333463e-02 -6.38062161994678e-02 -2.59127454751519e-02 -5.48725527074705e-18 -1.96137567742160e+00 7.83108400772638e-02 -1.77792192685373e+00 -2.04350837254586e+00 -2.04942676000917e+00 8.97555094628075e-17 -1.05379562907072e-02 -4.57586094743505e-01
 -1.67911712308942e-03 -5.85163590941162e-03 -1.18244804772910e-01 -8.22024075592615e-02 -1.79373887122503e-02 2.46309059500987e-18 2.36825751866548e-02 -3.20539540516027e+00 2.45683650994355e-18 2.38685963060460e-02 -3.50329260379371e+00 1.00450373968675e-18 9.09384222638345e-03 -2.54511355830931e+00 -3.81358404841930e-18 -8.22164946409594e-02 -1.61273562653039e-01 1.85728855172569e-17 -1.47396448962292e-02 -1.80231267626626e+00 -2.07813665014751e+00 -2.09252764378638e+00 9.25995696469359e-17 -2.94890798216661e-02 7.26368458898368e-02 3.06588554111297e-01 3.83117631380850e-01 4.23211248898977e-01 -2.49821238742912e-17 -3.49785978611451e-01 -1.87810827177559e+00
 5.19365506009569e-18 1.07898469023856e-17 4.00176164822854e-17 3.99982967804298e-17 2.13094696845606e-17 -3.38404807130848e+00 2.87717431903989e-18 2.45683650994355e-18 -5.25578841187613e+00 3.49492957790450e-18 2.93409824291617e-18 -5.63327929631111e+00 1.93895450658101e-18 1.72866629776321e-18 -1.02213772093330e-01 -5.30044504743022e-18 -2.35855445811495e-17 -8.22176217596831e-02 4.33035060335361e-17 1.21837732339680e-16 1.12571491797399e-16 7.00944081235063e-17 -1.98996277256639e+00 -5.79099768996780e-18 -1.52195309556514e-16 1.20269165264682e-16 1.11450422712033e-16 6.96474245398401e-17 -1.98990801041858e+00 -1.47182334532912e-16 2.69746891502026e-17
 -6.28576708299082e-03 -1.86268675749742e-02 -1.73103991849408e-01 -1.50247031510864e-01 -4.92376159377600e-02 2.84580124617722e-18 -3.49281521189535e+00 2.38685963060460e-02 3.49492957790450e-18 -5.38656993089435e+00 2.86995802674845e-02 1.86994848215958e-18 -5.69861527949509e+00 1.43377696468138e-02 2.39268987372532e-17 -4.65248509492150e-02 1.01443648161639e-01 -5.32473293143914e-18 1.83538215535646e-01 -8.40751223240561e-02 -6.98137801257068e-02 -3.16421753819906e-02 -5.85535254768093e-18 -2.03129480406546e+00 1.00676583095443e-01 -1.73561529572809e+00 -2.13679899599504e+00 -2.36063748806757e+00 8.31012571525439e-17 9.29533331752173e-01 -6.74877453789805e-01
 -5.05618473352566e-03 -1.49831944755504e-02 -1.39239426125987e-01 -1.20855298473072e-01 -3.96060350668073e-02 2.44932708747922e-18 2.38685963060460e-02 -3.50329260379371e+00 2.93409824291617e-18 2.86995802674845e-02 -5.39916971480349e+00 1.63455216469702e-18 1.43377696468138e-02 -5.70491117067195e+00 -5.36208812938209e-18 -1.10046434907876e-01 -2.05021171722812e-01 2.61517204175105e-17 -1.78463854052338e-02 -1.75848045796246e+00 -2.17235395471932e+00 -2.40992653527724e+00 8.65160870996231e-17 -2.51455744600191e-02 1.05548538014872e+00 2.94799702637807e-01 3.97439111243128e-01 4.85639784192507e-01 -2.38541955379688e-17 -5.49054695521358e-01 -1.90523294797151e+00
 1.60097053431956e-17 2.66962625246926e-17 2.93062662486690e-17 4.22170898025319e-17 4.07657028823767e-17 -2.49968077496256e+00 1.16574866345977e-18 1.00450373968675e-18 -5.63327929631111e+00 1.86994848215958e-18 1.63455216469702e-18 -9.73846466681879e+00 1.60277562214906e-18 1.43923233202839e-18 -6.87941843592876e-02 -3.93986023518783e-18 -1.97120683172234e-17 -5.53364681569643e-02 3.56505701429816e-17 1.05696389960009e-16 1.00843550281328e-16 6.19617598459640e-17 -1.16003544269905e+00 -3.62138570068990e-18 -1.78252337072488e-16 1.05122900627522e-16 9.98175279035981e-17 6.12188099509024e-17 -1.15999012691978e+00 -1.73503283842377e-16 3.43453087549020e-17
 -1.66889571456694e-02 -3.75269416692778e-02 -9.58839492752915e-02 -1.17490462826534e-01 -7.54997909522854e-02 1.15289574664409e-18 -2.54112063188709e+00 9.09384222638345e-03 1.93895450658101e-18 -5.69861527949509e+00 1.43377696468138e-02 1.60277562214906e-18 -9.79195738128502e+00 1.17388027304919e-02 1.84633198938870e-17 -3.93794750039027e-02 5.86875374743743e-02 -3.88530354675087e-18 1.05151507080925e-01 -4.15012344772402e-02 -3.68121306829707e-02 -1.88486858711014e-02 -3.45402223041937e-18 -1.17580061443323e+00 6.27862552632744e-02 -9.35775773408115e-01 -1.19059604289097e+00 -1.31907874489843e+00 3.49425681289795e-17 1.24226921522196e+00 -5.39195510539411e-01
 -1.34243680012364e-02 -3.01861562290756e-02 -7.71272663042437e-02 -9.45074816826946e-02 -6.07309897084652e-02 9.86496720194263e-19 9.09384222638346e-03 -2.54511355830931e+00 1.72866629776321e-18 1.43377696468138e-02 -5.70491117067195e+00 1.43923233202839e-18 1.17388027304919e-02 -9.79711243819072e+00 -4.01944074772154e-18 -7.22958947634937e-02 -1.13112998562966e-01 1.99085645442170e-17 -7.97849657653091e-03 -9.48956150435751e-01 -1.21088297938239e+00 -1.34639446176143e+00 3.68435231447624e-17 -8.56798195858692e-03 1.34680918719019e+00 1.62863857541262e-01 2.23584323640141e-01 2.70170738827431e-01 -1.11972047761391e-17 -4.67840635204639e-01 -1.07120898506374e+00
 1.08198753108873e-21 2.20459963166992e-19 4.57493132750694e-18 3.88464997179228e-18 9.82723529193285e-19 -7.57473600875584e-02 1.69804301745995e-17 -3.81358404841930e-18 -1.02213772093330e-01 2.39268987372532e-17 -5.36208812938209e-18 -6.87941843592876e-02 1.84633198938870e-17 -4.01944074772154e-18 -5.26943766687454e+00 -3.95150563580546e-18 -3.57766507199627e-18 1.37387503504903e-02 -1.48649773863005e-17 -8.56438580055964e-18 -8.39835789373826e-18 -5.08659986378768e-18 -3.43399695348873e-02 8.28131563739013e-18 1.20060985534183e-17 6.11327158923952e-17 7.41257044167485e-17 7.55314107978898e-17 -1.57151174942770e+00 -5.22024501171626e-17 8.68528078647341e-18
 3.93816025817366e-04 1.89087062078776e-03 3.77302480460145e-02 3.08683729130971e-02 6.75343590723647e-03 -3.79536991208658e-18 -3.14491350131648e-02 -8.22164946409594e-02 -5.30044504743022e-18 -4.65248509492150e-02 -1.10046434907876e-01 -3.93986023518783e-18 -3.93794750039027e-02 -7.22958947634937e-02 -3.95150563580546e-18 -5.34918423274166e+00 -5.27349720885027e-03 1.84944782417191e-18 -3.90492114398751e-02 -1.10394134517153e-02 -1.81985745621978e-02 -2.07702141595623e-02 -5.27046721073726e-18 -1.60752763071631e+00 3.09546324883784e-03 2.84377268802763e-01 4.18492957723665e-01 6.58362941115280e-01 -3.64480523850260e-17 -3.37607485441749e-01 -1.44087679131098e+00
 -6.17903381837537e-04 -2.96680264933574e-03 -5.91964140314850e-02 -4.84315555696294e-02 -1.05962136606877e-02 -1.64646243514092e-17 7.87768575095187e-02 -1.61273562653039e-01 -2.35855445811495e-17 1.01443648161639e-01 -2.05021171722812e-01 -1.97120683172234e-17 5.86875374743743e-02 -1.13112998562966e-01 -3.57766507199627e-18 -5.27349720885027e-03 -5.41939521259840e+00 1.66893012044663e-17 -6.62340861215011e-02 -8.33938714957494e-01 -1.21734658832177e+00 -1.87442198111891e+00 2.78277304566250e-17 2.17794369174237e-02 9.33828104648674e-02 3.31901831027168e-01 5.06028829169449e-01 8.05753074501084e-01 -9.63626247543038e-17 1.11430220598901e-01 5.13965265153654e-01
 9.58552284528625e-21 1.84735880813854e-19 3.82381649249317e-18 3.30080676135368e-18 8.05180997539181e-19 -6.09284248056233e-02 -3.76991259281665e-18 1.85728855172569e-17 -8.22176217596831e-02 -5.32473293143914e-18 2.61517204175105e-17 -5.53364681569643e-02 -3.88530354675087e-18 1.99085645442170e-17 1.37387503504903e-02 1.84944782417191e-18 1.66893012044663e-17 -5.27546933174807e+00 -4.67777457150815e-19 6.54429571148564e-17 7.91117258847012e-17 7.87201432742677e-17 -1.60140290692071e+00 -5.13347160599943e-18 -5.74272716287017e-17 -2.22313757730573e-17 -2.45345466394739e-17 -2.14737579299010e-17 3.09706674561336e-01 2.47805897097063e-17 3.67722111151261e-18
 8.97292880071656e-04 4.30826739883958e-03 8.59667477085520e-02 7.03322602904015e-02 1.53874133055057e-02 3.00076219545883e-17 1.42914654220501e-01 -1.47396448962292e-02 4.33035060335361e-17 1.83538215535646e-01 -1.78463854052338e-02 3.56505701429816e-17 1.05151507080925e-01 -7.97849657653091e-03 -1.48649773863005e-17 -3.90492114398751e-02 -6.62340861215011e-02 -4.67777457150815e-19 -5.32710646407419e+00 3.82403534058169e-02 3.06719542595730e-02 1.18521469886284e-02 1.04957447760840e-16 5.76515388297246e-02 -4.84997008875907e-02 7.11334796718871e-01 1.02565474516013e+00 1.55922692873602e+00 3.16026422857596e-17 -2.60646174916615e-02 3.62724919041423e-01
 -1.21761726651631e+00 -1.53473749451062e+00 -2.99071793287581e+00 -2.77768833780302e+00 -1.89725719102858e+00 1.02610206205111e-16 -8.16291559333463e-02 -1.80231267626626e+00 1.21837732339680e-16 -8.40751223240561e-02 -1.75848045796246e+00 1.05696389960009e-16 -4.15012344772402e-02 -9.48956150435751e-01 -8.56438580055964e-18 -1.10394134517153e-02 -8.33938714957494e-01 6.54429571148564e-17 3.82403534058169e-02 -3.46377022186305e+00 -3.59659692522531e+00 -3.29017377227860e+00 1.26998645922289e-16 -6.15301958417238e-02 1.07748049456931e+00 -1.89315737933836e+00 -1.66486504548854e+00 -1.03670732217727e+00 1.44275665098169e-17 1.43750032591994e+00 -1.18545626894226e+00
 -1.16196303323109e+00 -1.46973389613931e+00 -2.87580305868847e+00 -2.72087603009196e+00 -1.83068153627636e+00 8.93619400846386e-17 -6.38062161994678e-02 -2.07813665014751e+00 1.12571491797399e-16 -6.98137801257068e-02 -2.17235395471932e+00 1.00843550281328e-16 -3.68121306829707e-02 -1.21088297938239e+00 -8.39835789373826e-18 -1.81985745621978e-02 -1.21734658832177e+00 7.91117258847012e-17 3.06719542595730e-02 -3.59659692522531e+00 -3.91407862830892e+00 -3.92117472746372e+00 1.29310467811536e-16 -5.65317857908862e-02 1.06293365897160e+00 -1.66486821165963e+00 -1.45557530253829e+00 -8.69142792495473e-01 1.14314562907932e-17 1.42974261890080e+00 -1.26430946684529e+00
 -6.69741054725532e-01 -8.68019608567697e-01 -2.12352014258845e+00 -1.96597995225873e+00 -1.13965219076168e+00 5.15678301437378e-17 -2.59127454751519e-02 -2.09252764378638e+00 7.00944081235063e-17 -3.16421753819906e-02 -2.40992653527724e+00 6.19617598459640e-17 -1.88486858711014e-02 -1.34639446176143e+00 -5.08659986378768e-18 -2.07702141595623e-02 -1.87442198111891e+00 7.87201432742677e-17 1.18521469886284e-02 -3.29017377227860e+00 -3.92117472746372e+00 -4.73932425770794e+00 1.07949055655344e-16 -3.55554715188927e-02 7.69721128379670e-01 -1.03671439265738e+00 -8.69147458941703e-01 -4.34345032599219e-01 5.35063873675789e-18 1.04589316435136e+00 -1.04994676996911e+00
 8.34665533853432e-18 1.60458716211428e-17 1.08795157452272e-16 8.36559469399859e-17 3.13192620422309e-17 -1.92073489980994e+00 -5.48725527074705e-18 9.25995696469359e-17 -1.98996277256639e+00 -5.85535254768093e-18 8.65160870996231e-17 -1.16003544269905e+00 -3.45402223041937e-18 3.68435231447624e-17 -3.43399695348873e-02 -5.27046721073726e-18 2.78277304566250e-17 -1.60140290692071e+00 1.04957447760840e-16 1.26998645922289e-16 1.29310467811536e-16 1.07949055655344e-16 -3.21582052888559e+00 -7.85101881412819e-18 -3.57021128936589e-17 1.38788683976852e-17 1.13091301362718e-17 5.61852638859902e-18 -9.21686412862826e-01 -1.35140986302361e-17 9.46620437164457e-18
 -6.67969695503597e-04 -2.65169361328177e-03 -6.79680719394954e-02 -4.59581010072209e-02 -8.86777287612529e-03 -5.34174148019241e-18 -1.96137567742160e+00 -2.94890798216661e-02 -5.79099768996780e-18 -2.03129480406546e+00 -2.51455744600191e-02 -3.62138570068990e-18 -1.17580061443323e+00 -8.56798195858692e-03 8.28131563739013e-18 -1.60752763071631e+00 2.17794369174237e-02 -5.13347160599943e-18 5.76515388297246e-02 -6.15301958417238e-02 -5.65317857908862e-02 -3.55554715188927e-02 -7.85101881412819e-18 -3.24315689354071e+00 3.39852038334174e-02 -8.49796795334622e-01 -9.28480541872080e-01 -8.01371886221165e-01 6.40496469823188e-18 7.51379592041689e-02 -1.00806748705559e+00
 2.37828108906354e+00 2.94650652121987e+00 2.99005380077517e+00 3.91986054161462e+00 3.49068895449911e+00 -8.67777212717836e-17 7.83108400772638e-02 7.26368458898368e-02 -1.52195309556514e-16 1.00676583095443e-01 1.05548538014872e+00 -1.78252337072488e-16 6.27862552632744e-02 1.34680918719019e+00 1.20060985534183e-17 3.09546324883784e-03 9.33828104648674e-02 -5.74272716287017e-17 -4.84997008875907e-02 1.07748049456931e+00 1.06293365897160e+00 7.69721128379670e-01 -3.57021128936589e-17 3.39852038334174e-02 -4.11418995645940e+00 1.65817159244616e+00 1.66749196259039e+00 1.24661425029924e+00 -1.54781914073045e-17 -1.94799389606954e+00 7.23799070969953e-01
 -1.21758516201225e+00 -1.53469743891912e+00 -2.99067269425538e+00 -2.77763069475385e+00 -1.89720889330022e+00 1.02206056646711e-16 -1.77792192685373e+00 3.06588554111297e-01 1.20269165264682e-16 -1.73561529572809e+00 2.94799702637807e-01 1.05122900627522e-16 -9.35775773408115e-01 1.62863857541262e-01 6.11327158923952e-17 2.84377268802763e-01 3.31901831027168e-01 -2.22313757730573e-17 7.11334796718871e-01 -1.89315737933836e+00 -1.66486821165963e+00 -1.03671439265738e+00 1.38788683976852e-17 -8.49796795334622e-01 1.65817159244616e+00 -3.46374112968400e+00 -3.59656344090749e+00 -3.29013872031767e+00 1.27383594164738e-16 1.03923476883829e+00 -2.91049867598200e-01
 -1.16192218689831e+00 -1.46968277287253e+00 -2.87574757615517e+00 -2.72080238287732e+00 -1.83061951006891e+00 8.87737769345741e-17 -2.04350837254586e+00 3.83117631380850e-01 1.11450422712033e-16 -2.13679899599504e+00 3.97439111243128e-01 9.98175279035981e-17 -1.19059604289097e+00 2.23584323640141e-01 7.41257044167485e-17 4.18492957723665e-01 5.06028829169449e-01 -2.45345466394739e-17 1.02565474516013e+00 -1.66486504548854e+00 -1.45557530253829e+00 -8.69147458941703e-01 1.13091301362718e-17 -9.28480541872080e-01 1.66749196259039e+00 -3.59656344090749e+00 -3.91403960650283e+00 -3.92113238807861e+00 1.29817971691865e-16 1.02609412575740e+00 -2.83048941424599e-01
 -6.69700634024453e-01 -8.67967853478856e-01 -2.12345973204328e+00 -1.96589596309940e+00 -1.13958638185888e+00 5.15914950921544e-17 -2.04942676000917e+00 4.23211248898977e-01 6.96474245398401e-17 -2.36063748806757e+00 4.85639784192507e-01 6.12188099509024e-17 -1.31907874489843e+00 2.70170738827431e-01 7.55314107978898e-17 6.58362941115280e-01 8.05753074501084e-01 -2.14737579299010e-17 1.55922692873602e+00 -1.03670732217727e+00 -8.69142792495473e-01 -4.34345032599219e-01 5.61852638859902e-18 -8.01371886221165e-01 1.24661425029924e+00 -3.29013872031767e+00 -3.92113238807861e+00 -4.73927353369786e+00 1.08236976354769e-16 7.44191713931969e-01 -1.99711314023009e-01
 8.34059483294458e-18 1.60220130327536e-17 1.08135698755365e-16 8.25827293177233e-17 3.12293257558476e-17 -1.92069928746040e+00 8.97555094628075e-17 -2.49821238742912e-17 -1.98990801041858e+00 8.31012571525439e-17 -2.38541955379688e-17 -1.15999012691978e+00 3.49425681289795e-17 -1.11972047761391e-17 -1.57151174942770e+00 -3.64480523850260e-17 -9.63626247543038e-17 3.09706674561336e-01 3.16026422857596e-17 1.44275665098169e-17 1.14314562907932e-17 5.35063873675789e-18 -9.21686412862826e-01 6.40496469823188e-18 -1.54781914073045e-17 1.27383594164738e-16 1.29817971691865e-16 1.08236976354769e-16 -3.21579416592256e+00 -3.63804227163373e-17 4.84843242078045e-19
