pVp:
 -2.97061135115870e+03 -1.51757740910080e+03 8.66288579846756e+01 3.97374019077840e+01 2.24212872941948e-02 3.17076192798126e-02 5.49197474870002e-02 2.45084993376562e-02 3.46593109664632e-02 6.00322794473435e-02 3.46090887571538e-03 8.47732806200259e-03 6.35819002774346e-03 5.99453478416402e-03 -1.22350096288856e-03 -2.04541631795468e-01 2.58873560587192e-01 6.63233989166946e-01 -1.83571037196760e+00 2.32496281727425e-02 -2.04541530882533e-01 2.58873581093204e-01 6.63267410002266e-01 9.37976949311658e-01 -1.57813973863751e+00 -2.04541530570066e-01 2.58873582146323e-01 -1.95180126279372e+00 1.34471957868450e-02 2.32496375743037e-02 2.08830392198456e-05 1.60290784338143e-03 3.18721691150404e-01 4.68680270252093e-02 -1.58818427879024e-01 -2.24597229216617e-01 -3.89017463055249e-01 1.53944863729485e-01 2.17705149591674e-01 3.77079914105148e-01 5.05381871497689e-02 1.23790674162763e-01 9.28439190312500e-02 8.75355414606942e-02 -1.78665328067434e-02 4.98449979383914e-02 6.29209999788905e-02 -7.57400224762106e-03 -9.27644872730726e-02 -6.57118269292517e-02 4.98450011855773e-02 6.29210070989618e-02 -7.39965828686468e-03 -1.06482297363505e-02 -1.13192409719726e-01 4.98449901455308e-02 6.29209569145243e-02 -8.49354601428916e-02 -3.78763893618261e-02 -6.58179815864997e-02
 -1.51757740910080e+03 -8.57109524334864e+02 4.06210168587117e+01 2.36723947058790e+01 -5.52946023287191e-02 -7.81962655444908e-02 -1.35441241035875e-01 2.36852746479176e-02 3.34951284106112e-02 5.80158389409770e-02 1.94897645208435e-03 4.77392561584617e-03 3.58054836833252e-03 3.37576359802603e-03 -6.89000007826615e-04 -3.12794916643703e-01 2.85512352914693e-01 9.36331187806410e-01 -2.58585099808223e+00 3.61382382746086e-02 -3.12794784843224e-01 2.85512387064554e-01 9.36378221150013e-01 1.32420384353124e+00 -2.22133330538307e+00 -3.12794773502038e-01 2.85512412129729e-01 -2.75007255448847e+00 2.08982319347128e-02 3.61383071318569e-02 1.60290786916580e-03 7.99459433357459e-03 4.40665976836312e-01 5.40008160658187e-02 -2.15958845484575e-01 -3.05403846261226e-01 -5.28979935550770e-01 2.17777480310188e-01 3.07975708868424e-01 5.33434584096994e-01 2.55514047789133e-02 6.25868416492161e-02 4.69405821857315e-02 4.42567433814513e-02 -9.03307539586169e-03 7.08404284134123e-02 9.07999285772029e-02 -9.29932800610562e-03 -1.26679385882530e-01 -8.80283550888015e-02 7.08404328798535e-02 9.07999381917307e-02 -9.05843337044602e-03 -1.30641908161628e-02 -1.53721860156332e-01 7.08404166070139e-02 9.07998660587517e-02 -1.16335942845944e-01 -5.07370600726758e-02 -8.81750322882742e-02
 8.66288579846756e+01 4.06210168587117e+01 -1.32986152708164e+01 -5.69257822067793e+00 -2.54403906193287e-01 -3.59771756676797e-01 -6.23149050494511e-01 -9.23145759947793e-02 -1.30549035388182e-01 -2.26119734426132e-01 -7.57865585888068e-02 -1.85635435264668e-01 -1.39227975671902e-01 -1.31267545716480e-01 2.67924432626233e-02 -1.38888797978647e+00 -1.14918295708579e+00 1.64284131988263e+00 -4.73038664461564e+00 -4.82347311172770e-02 -1.38888756567405e+00 -1.14918239502045e+00 1.64292793550107e+00 2.32338840786374e+00 -4.12073516979275e+00 -1.38888734722666e+00 -1.14918220713640e+00 -5.00746459422591e+00 -2.77862908756910e-02 -4.82351864684246e-02 3.18721695355685e-01 4.40665985887403e-01 3.02897867510089e-01 -4.00311627761271e-01 3.04940463783664e-01 4.31239504994881e-01 7.46935765403418e-01 7.96651413770506e-01 1.12660539255178e+00 1.95135611104982e+00 -7.84855958148419e-01 -1.92246383765806e+00 -1.44186191103625e+00 -1.35942321620117e+00 2.77466428324193e-01 1.58869116971391e-01 3.25465013707324e-01 5.71141083713827e-02 1.82506850715526e-02 1.03957424542223e-01 1.58869035859768e-01 3.25464901643981e-01 5.72402667210294e-02 8.08148304202287e-02 6.77849931024512e-02 1.58869141864048e-01 3.25464831989803e-01 -1.83009900107214e-03 6.00641837996685e-02 1.03880272706408e-01
 3.97374019077840e+01 2.36723947058790e+01 -5.69257822067793e+00 -3.91303389075472e+00 -1.41788440564168e-01 -2.00513756043171e-01 -3.47303376697778e-01 -1.09683528284482e-01 -1.55111804210348e-01 -2.68664087281496e-01 -7.19788941956094e-02 -1.76308683227101e-01 -1.32232807264534e-01 -1.24672362639374e-01 2.54463388514320e-02 -1.35632829678172e+00 -1.32946736801987e+00 9.02942120164651e-01 -2.72678208432127e+00 -9.97456762894441e-02 -1.35632780310895e+00 -1.32946683733463e+00 9.02994213487185e-01 1.27698898326208e+00 -2.41132606673511e+00 -1.35632756825662e+00 -1.32946667989268e+00 -2.87181629158192e+00 -5.75514097928341e-02 -9.97473731328756e-02 4.68680301607889e-02 5.40008260881540e-02 -4.00311618048381e-01 -6.99372340044779e-01 5.98581332029162e-01 8.46499411107945e-01 1.46619377321110e+00 7.61182384005566e-01 1.07644594265984e+00 1.86447657603664e+00 -5.31180724251710e-01 -1.30109961083596e+00 -9.75834211455351e-01 -9.20040779520495e-01 1.87785838602933e-01 3.88241289960448e-03 1.97526067063293e-01 9.59008098029338e-02 4.22375705162134e-01 3.99708258745533e-01 3.88234156773844e-03 1.97525942256610e-01 9.52864908742168e-02 1.35399675470732e-01 5.65643246452803e-01 3.88262254986557e-03 1.97526089546124e-01 3.66257604196652e-01 2.30551003071350e-01 4.00081715700445e-01
 2.24212872941948e-02 -5.52946023287191e-02 -2.54403906193287e-01 -1.41788440564168e-01 -7.38743735081576e+01 -4.07578869256640e-02 -7.05954919886965e-02 -1.76454256947914e+01 -1.55149433765941e-02 -2.68729268296545e-02 -5.30590672025916e-01 -2.98694949520238e-02 1.54929496529159e-01 -9.19027901448185e-01 -3.02833123201023e-01 -1.10672301897634e+00 -1.48612215426359e+00 -2.87615885704235e+00 -3.91615131327271e+00 -2.71311668133309e-02 -1.10677794109711e+00 -1.48619708736183e+00 -2.87601830026799e+00 1.93464876177235e+00 -3.40520699458575e+00 3.15500305261848e+00 4.35603925092750e+00 7.75352650543574e+00 4.03523110971152e-02 7.01495993204565e-02 1.58818431379858e-01 2.15958850464723e-01 -3.04940469825575e-01 -5.98581339637361e-01 1.02179011068369e-01 5.17260326637506e-01 8.95929554446078e-01 -8.08725779067477e-01 8.29338371160460e-01 1.43646966323771e+00 1.79763083984854e-01 -2.18891660912845e+00 -2.07929708549939e+00 3.11371760340409e-01 1.07385359836144e+00 1.82617980684653e-03 3.45634253837237e-02 -1.11952906599018e-01 3.54295645925396e-02 6.04572428083218e-02 2.32883025131976e-03 3.45003024018690e-02 -1.12075259838870e-01 3.44505913085402e-02 5.91144959639879e-02 -2.24376672483521e-01 6.06225939653356e-02 4.80062179405987e-01 3.09777412136814e-01 5.38033695706747e-01
 3.17076192798126e-02 -7.81962655444908e-02 -3.59771756676797e-01 -2.00513756043171e-01 -4.07578869256640e-02 -7.39031913904397e+01 -9.98344672521230e-02 -1.55149449386712e-02 -1.76563955384815e+01 -3.80030523526490e-02 -4.23439373046493e-01 -9.40140271767466e-01 2.19093986067441e-01 -2.98694960681676e-02 4.96484009813824e-01 2.95510282170106e+00 4.09485634502752e+00 -3.71751529374406e+00 6.38333267252365e+00 6.48119853063644e-02 -1.56517854521619e+00 -2.10174403619508e+00 1.93464967600630e+00 -1.50812307166086e+00 -4.81556340442925e+00 -5.84716186054321e-02 -3.62839911186306e-02 -1.58280223262246e-01 -4.24635239494704e+00 -3.97751917077970e-03 2.24597231162297e-01 3.05403850366112e-01 -4.31239512666982e-01 -8.46499405323784e-01 5.17260324818627e-01 4.67908265871003e-01 1.26700217575246e+00 8.29338339577103e-01 -2.22341586481788e-01 2.03142101770765e+00 -5.03993193843348e-01 -1.23630872018239e+00 -2.94048944762220e+00 -2.18891660463771e+00 -6.26118233637888e-01 -2.37339864079853e-01 7.65185168465954e-02 1.01758365088797e-01 6.02552629955586e-01 5.91259849167185e-01 2.76346035774588e-03 4.88559976423536e-02 3.45979849296243e-02 -8.75279384828823e-02 8.54933188830108e-02 -7.68558896268998e-02 5.80248246016911e-02 2.43312565902375e-01 9.45192211956247e-03 2.53210043125565e-01
 5.49197474870002e-02 -1.35441241035875e-01 -6.23149050494511e-01 -3.47303376697778e-01 -7.05954919886965e-02 -9.98344672521230e-02 -7.40184725805055e+01 -2.68729282577671e-02 -3.80030527306785e-02 -1.77002785233109e+01 -2.98694941700725e-02 -6.47592773388615e-01 -1.09168175204122e+00 -4.57926737330779e-01 1.05561836036593e-02 -1.01208135893599e-01 -6.27523639368908e-02 8.75457757923891e-02 -2.59555896713130e-01 -4.25094695107382e+00 2.50857842176969e+00 3.51485747695089e+00 -3.17584203501792e+00 -4.49119869561273e+00 3.64037018386502e+00 -1.01207848285759e-01 -6.27520644194836e-02 -2.73894319002529e-01 -3.97327968978019e-03 -4.25094511377427e+00 3.89017469156955e-01 5.28979949619197e-01 -7.46935759673164e-01 -1.46619377046895e+00 8.95929550819196e-01 1.26700217083302e+00 1.93094379446633e+00 1.43646965543832e+00 2.03142108447763e+00 2.12338545564586e+00 -2.18891653189598e+00 -4.28719590739777e+00 -1.87443946698954e+00 -3.03158789048817e+00 7.73840245892883e-01 -1.33429446104067e-01 1.00541540666014e-01 9.85807278354770e-02 4.82718761051053e-01 3.02346808101048e-01 -2.72257228850914e-01 1.16537942009377e-01 1.35947821065888e-01 1.93801875089981e-01 9.92550068065165e-01 -1.33735372826103e-01 1.00579937698583e-01 4.23070867720199e-01 2.53447833527110e-01 3.03431823235467e-01
 2.45084993376562e-02 2.36852746479176e-02 -9.23145759947793e-02 -1.09683528284482e-01 -1.76454256947914e+01 -1.55149449386712e-02 -2.68729282577671e-02 -8.04069335155974e+00 -1.86621126232594e-02 -3.23240227075118e-02 -3.35835443715644e-01 -2.25455835410670e-02 1.26246618369946e-01 -5.81701131247475e-01 -2.44694784802022e-01 -9.60299708409609e-01 -1.27333327314720e+00 -2.78483244328457e+00 -2.07974017572334e+00 -6.35799176038496e-02 -9.60347175656336e-01 -1.27339807415060e+00 -2.78475585143380e+00 9.84842024009902e-01 -1.83297986616665e+00 2.73412235688827e+00 3.76730286890622e+00 2.82303258065649e+00 9.20252570990086e-02 1.59535430443707e-01 -1.53944858282076e-01 -2.17777472802073e-01 -7.96651408418415e-01 -7.61182387163569e-01 -8.08725785226611e-01 8.29338356025880e-01 1.43646965375598e+00 -1.45533593073732e+00 8.00996253603902e-01 1.38737921316568e+00 6.15456330054934e-01 -1.39055494193623e+00 -1.52961495787619e+00 1.06609218553635e+00 1.04363341440793e+00 -1.40797743667548e-02 2.88134662312898e-02 -4.51919429360829e-01 9.41726937591411e-02 1.37970918032611e-01 -1.27169086783185e-02 2.97364826071945e-02 -4.52064891901938e-01 7.22660058041285e-02 1.46670215256647e-01 -6.21385365048755e-01 -3.82574892020652e-01 9.19632009627652e-01 6.12258937163603e-01 1.06411982735214e+00
 3.46593109664632e-02 3.34951284106112e-02 -1.30549035388182e-01 -1.55111804210348e-01 -1.55149433765941e-02 -1.76563955384815e+01 -3.80030527306785e-02 -1.86621126232594e-02 -8.05388840805091e+00 -4.57118615528627e-02 -2.32673373764557e-01 -5.97636114092380e-01 1.78531947089550e-01 -2.25455828051816e-02 3.39245258595706e-01 2.56045984515872e+00 3.54563839831282e+00 -1.89049211370512e+00 2.12032660565959e+00 1.46730128342187e-01 -1.35810025509388e+00 -1.80080917217027e+00 9.84845167134297e-01 -2.08842503342036e+00 -2.59215815262708e+00 -5.19595406977909e-02 -1.87228530152474e-02 -9.72130996797741e-02 -3.48753591593582e+00 -1.10373684402527e-02 -2.17705151418975e-01 -3.07975709133231e-01 -1.12660539140894e+00 -1.07644593837963e+00 8.29338370458111e-01 -2.22341560174332e-01 2.03142107171039e+00 8.00996242987979e-01 -8.88991002159385e-01 1.96199852695629e+00 2.96636372287769e-02 8.28543387451841e-02 -2.16312241169389e+00 -1.39055501680330e+00 -9.02361626438871e-01 -6.64051059020739e-01 -3.95592576365240e-01 1.30520624770817e-01 1.17048480524966e+00 1.17551410878083e+00 -1.94206263714012e-02 4.10795564948923e-02 7.23469725023015e-02 -4.00777755984962e-01 2.11499375837761e-01 -2.33172020959801e-01 -1.03715553733101e-01 5.75834191193361e-01 -2.03476951204994e-01 5.20369732459649e-01
 6.00322794473435e-02 5.80158389409770e-02 -2.26119734426132e-01 -2.68664087281496e-01 -2.68729268296545e-02 -3.80030523526490e-02 -1.77002785233109e+01 -3.23240227075118e-02 -4.57118615528627e-02 -8.10667291156448e+00 -2.25455826619844e-02 -3.65854295499151e-01 -6.94696340805426e-01 -2.58702599602369e-01 7.96749340919414e-03 -8.99383368053122e-02 -3.23485680161171e-02 4.56749391474411e-02 -1.62301186100830e-01 -3.50027933611549e+00 2.17244388703932e+00 3.05442512634596e+00 -1.61446101428836e+00 -2.28312631105894e+00 7.08398542237894e-01 -8.99380677921002e-02 -3.23483775826255e-02 -1.68244751930898e-01 -1.10333302472609e-02 -3.50027874234697e+00 -3.77079909686320e-01 -5.33434572992335e-01 -1.95135608113463e+00 -1.86447656865576e+00 1.43646965749030e+00 2.03142104288112e+00 2.12338544658731e+00 1.38737921821508e+00 1.96199855970713e+00 1.37657224421675e+00 -1.39055480564728e+00 -2.22882007154291e+00 -1.88193501302926e-01 -1.57607404879159e+00 4.91618980137254e-01 -4.04709796815739e-01 -1.80211553441822e-01 1.58862216806270e-01 1.11603152302791e+00 3.98303823064247e-01 -7.77440227137271e-01 -4.32698800054345e-01 1.88776983735964e-01 2.70852820640375e-01 1.96971177977507e+00 -4.05539148616855e-01 -1.80773151185770e-01 1.00111996224185e+00 5.20501531701695e-01 4.00713369094339e-01
 3.46090887571538e-03 1.94897645208435e-03 -7.57865585888068e-02 -7.19788941956094e-02 -5.30590672025916e-01 -4.23439373046493e-01 -2.98694941700725e-02 -3.35835443715644e-01 -2.32673373764557e-01 -2.25455826619844e-02 -5.02062088468551e+01 -1.51444161038842e-01 7.29070486965295e-02 -1.97122349164607e-01 7.00123109755451e-03 1.64793495928832e+00 3.28240068902995e+00 3.98270900479398e+00 3.51526273747439e+00 7.34782528421620e-02 -8.98557508832347e-01 -1.70211197112028e+00 -2.09681558793080e+00 -7.43442181087422e-01 -2.66684932602200e+00 5.73101175691700e-02 7.14067509804743e-02 8.85591239354478e-02 6.37845364353840e+00 2.24689415443513e-02 5.05381913528028e-02 2.55514106760878e-02 -7.84855947100432e-01 -5.31180699247346e-01 -1.79776485309540e-01 5.03997966310702e-01 2.18891923489197e+00 -6.15499290817989e-01 -2.96483487601959e-02 1.39056345603907e+00 9.79140600226362e-02 -1.03044685242587e+00 -3.81868971602858e+00 7.93242396191943e-01 4.61399481517597e-01 -2.34476648047913e-02 1.77502952542985e-02 -3.59383883668503e-01 1.37004737671407e-01 1.79759771069503e-01 2.68390039957593e-02 3.79414744829442e-02 -2.98797452880447e-02 4.89175687866757e-03 -1.58135126818099e-04 -1.77442047605232e-01 -5.76329975442428e-02 5.42303630388046e-01 -1.52004279707303e-02 6.09024360781002e-01
 8.47732806200259e-03 4.77392561584617e-03 -1.85635435264668e-01 -1.76308683227101e-01 -2.98694949520238e-02 -9.40140271767466e-01 -6.47592773388615e-01 -2.25455835410670e-02 -5.97636114092380e-01 -3.65854295499151e-01 -1.51444161038842e-01 -5.05103575090361e+01 -1.48251765369897e-01 -1.08232063266737e-01 1.88602642636176e-01 7.47327284125033e-02 1.06109684911250e-01 -7.47763926624683e-02 8.75145067328496e-02 6.00072490435507e+00 1.95746052989826e+00 3.97049701358241e+00 -2.38532044316269e+00 1.70142803903609e+00 2.85393985843968e+00 -5.62615679784321e-02 -3.08788141461532e-02 -1.10806271603690e-01 -1.87545693793811e-01 -1.12371489182437e-01 1.23790680139138e-01 6.25868554516460e-02 -1.92246382597589e+00 -1.30109959729138e+00 2.18891931950296e+00 1.23630099412296e+00 4.28719923467965e+00 1.39056365021779e+00 -8.28791734233399e-02 2.22883082740910e+00 -1.03045190563479e+00 -2.00258019469268e+00 -4.08992296010895e+00 -4.26628256721629e+00 -1.91873340847950e+00 -3.20408529114103e-01 -8.70644835981345e-02 1.92740762669786e-01 1.18391094025061e+00 7.69116352784725e-01 -1.60131163144739e-02 6.01479399281140e-02 1.02946291244710e-01 -3.59216061490157e-01 3.38857653333923e-01 -8.99072252180187e-02 2.21602942790982e-02 4.92936675794142e-01 -6.23534961322865e-04 3.58204997537969e-01
 6.35819002774346e-03 3.58054836833252e-03 -1.39227975671902e-01 -1.32232807264534e-01 1.54929496529159e-01 2.19093986067441e-01 -1.09168175204122e+00 1.26246618369946e-01 1.78531947089550e-01 -6.94696340805426e-01 7.29070486965295e-02 -1.48251765369897e-01 -5.05352767425910e+01 -1.04826135409571e-01 -2.57784198840612e-02 1.43536035028871e+00 2.94365300825985e+00 -4.78954538820829e-01 1.62098388945219e+00 -1.65116802413305e-01 -1.38875930371710e+00 -2.85298390292072e+00 2.98685252642271e+00 4.22393527346441e+00 1.65450606213842e+00 1.43535988347257e+00 2.94365207045468e+00 1.68792959181493e+00 8.87188240072157e-02 -1.65116046301337e-01 9.28439232581723e-02 4.69405981940480e-02 -1.44186191803394e+00 -9.75834251238851e-01 2.07929299955425e+00 2.94049237637825e+00 1.87443947327515e+00 1.52960185928231e+00 2.16313177948049e+00 1.88193557222323e-01 -3.81869348963100e+00 -4.08992485986711e+00 2.28775168961435e+00 -2.89209845227363e+00 1.35000518843250e+00 4.62979608220438e-02 7.27478464687757e-02 8.81440113768632e-02 2.07998918999810e-01 -2.72059844664811e-01 -4.11558748606987e-01 -1.48690884586823e-01 2.19154530780930e-01 3.13768890347212e-01 1.65600448656838e+00 4.55101345027457e-02 7.23750535224506e-02 1.69580930133832e-01 1.53490062715087e-01 -2.70538021073302e-01
 5.99453478416402e-03 3.37576359802603e-03 -1.31267545716480e-01 -1.24672362639374e-01 -9.19027901448185e-01 -2.98694960681676e-02 -4.57926737330779e-01 -5.81701131247475e-01 -2.25455828051816e-02 -2.58702599602369e-01 -1.97122349164607e-01 -1.08232063266737e-01 -1.04826135409571e-01 -5.04338411332828e+01 -1.21315540482174e-01 -8.60938096601741e-02 -7.02643396793375e-02 -1.21937530499319e-01 -2.08049298213091e-01 -2.24059965010822e+00 1.38416919277668e+00 2.80763820365100e+00 3.38796376564524e+00 -2.38531654758891e+00 2.01809159969745e+00 9.91562108977480e-02 1.23463250899584e-01 1.53125940875173e-01 2.24625485496869e-02 6.40440315643633e+00 8.75355463290758e-02 4.42567591969006e-02 -1.35942321669471e+00 -9.20040777011119e-01 -3.11364017298543e-01 2.18891933606591e+00 3.03158314601070e+00 -1.06606734419996e+00 1.39056373897980e+00 1.57605886357962e+00 7.93253734583004e-01 -4.26628519115817e+00 -2.89210099704949e+00 1.01391277398623e+00 2.94816985555483e+00 1.73553671369890e-02 5.40203608098282e-02 -2.41545649745170e-01 7.68389959830911e-02 1.08216022314957e-01 -1.04290592299436e-02 4.29711086781653e-02 -4.32559427385678e-01 1.02771991958934e-01 2.35792552506900e-01 -3.08394136175473e-01 -1.00354274897305e-01 9.42341156221818e-01 6.09021545505993e-01 6.92037955837651e-01
 -1.22350096288856e-03 -6.89000007826615e-04 2.67924432626233e-02 2.54463388514320e-02 -3.02833123201023e-01 4.96484009813824e-01 1.05561836036593e-02 -2.44694784802022e-01 3.39245258595706e-01 7.96749340919414e-03 7.00123109755451e-03 1.88602642636176e-01 -2.57784198840612e-02 -1.21315540482174e-01 -5.01889003547734e+01 1.94823010865866e+00 3.94854978477672e+00 -4.59253948780656e+00 8.34834421147802e-01 5.51802044958113e-02 3.17663801582826e-01 6.01740998808792e-01 -2.59170050493462e+00 2.61965933353091e+00 9.42803120109937e-01 -2.55107916991666e+00 -5.13420816190155e+00 -3.05152483009706e+00 5.50275869619473e-02 -8.91051253804727e-02 -1.78665317587444e-02 -9.03307443878617e-03 2.77466415718373e-01 1.87785808221270e-01 -1.07385600193284e+00 6.26106519986193e-01 -7.73832483220029e-01 -1.04364112100734e+00 9.02324059616398e-01 -4.91594077022668e-01 4.61400787775961e-01 -1.91874153998899e+00 1.35001578387726e+00 2.94816927206528e+00 1.23996998500951e+00 2.54749269713146e-01 1.14391608437503e-01 -1.37431339029152e-01 -6.41395226804977e-01 -7.49272568889124e-01 -9.35377780142775e-03 -1.33593770175204e-02 -5.90780173743641e-02 4.80113113446746e-02 -5.45195066016693e-04 -1.83864183893371e-01 -1.00346072125488e-01 2.79904488242465e-01 4.49842372873027e-01 4.71896858533635e-01
 -2.04541631795468e-01 -3.12794916643703e-01 -1.38888797978647e+00 -1.35632829678172e+00 -1.10672301897634e+00 2.95510282170106e+00 -1.01208135893599e-01 -9.60299708409609e-01 2.56045984515872e+00 -8.99383368053122e-02 1.64793495928832e+00 7.47327284125033e-02 1.43536035028871e+00 -8.60938096601741e-02 1.94823010865866e+00 -3.48754200631919e+00 -5.73684515402048e+00 1.81622348184489e-01 -7.77800785916114e-01 -1.52446412184796e-01 -2.15875978704943e-01 1.65001424020838e-02 -6.42976070069400e-02 9.27951361109723e-01 -4.65311713517907e-01 -2.15876890083958e-01 1.64995273761317e-02 -7.95920008604607e-01 6.69298043093354e-01 -1.72877842292188e-02 4.98450023521191e-02 7.08404351917716e-02 1.58869113730890e-01 3.88237766990634e-03 -2.07257493713386e-03 2.37253081387303e-01 1.33580222410798e-01 1.34049871726725e-02 6.63813374560983e-01 4.05122680609961e-01 -2.29587046634140e-02 -3.20559997712377e-01 4.58973701628033e-02 1.76922510533331e-02 2.54652706757966e-01 1.45317890564914e-01 1.45342117004765e-01 1.37512985085371e-02 -9.44791317898265e-02 -3.17326099677896e-02 5.17822613295313e-02 1.29644015604192e-01 -1.52989940558796e-02 1.49054479766946e-01 1.33836335646772e-01 5.14065651948449e-02 1.29505968416282e-01 4.47886479157304e-02 1.70660846907621e-01 9.80977314537229e-02
 2.58873560587192e-01 2.85512352914693e-01 -1.14918295708579e+00 -1.32946736801987e+00 -1.48612215426359e+00 4.09485634502752e+00 -6.27523639368908e-02 -1.27333327314720e+00 3.54563839831282e+00 -3.23485680161171e-02 3.28240068902995e+00 1.06109684911250e-01 2.94365300825985e+00 -7.02643396793375e-02 3.94854978477672e+00 -5.73684515402048e+00 -1.12616182339731e+01 2.23193206819647e-01 -8.90444690207770e-01 -1.49593435039780e-01 1.65002841592192e-02 2.96363190900757e-01 -9.72560913144411e-02 7.60240016888365e-01 -2.70363250497700e-01 1.64993663991423e-02 2.96362464815697e-01 -5.46698842681677e-01 6.01346776995994e-01 4.86391346117224e-03 6.29210131479884e-02 9.07999467183616e-02 3.25465045997275e-01 1.97526053749705e-01 -3.45299189228770e-02 -7.65067010003742e-02 -1.00562028395188e-01 -2.92704264801301e-02 3.95431666483834e-01 1.80491175714266e-01 1.79930703003700e-02 -8.71443505525121e-02 7.25586728709612e-02 5.41823789927775e-02 1.14336490834424e-01 1.45342121601753e-01 1.08023825026105e-01 1.09105659327827e-02 -1.85825172204623e-01 -8.90580582046325e-02 1.29643895676498e-01 1.69164720482283e-01 1.69358304058355e-03 2.15681311619557e-02 -9.71953160394149e-02 1.29505952342649e-01 1.69317421631119e-01 -8.97413282876484e-02 -1.01982258461762e-02 -4.07754120661499e-02
 6.63233989166946e-01 9.36331187806410e-01 1.64284131988263e+00 9.02942120164651e-01 -2.87615885704235e+00 -3.71751529374406e+00 8.75457757923891e-02 -2.78483244328457e+00 -1.89049211370512e+00 4.56749391474411e-02 3.98270900479398e+00 -7.47763926624683e-02 -4.78954538820829e-01 -1.21937530499319e-01 -4.59253948780656e+00 1.81622348184489e-01 2.23193206819647e-01 -1.00306193875288e+01 4.76649044312303e-02 -7.44475696490785e-03 -6.43205167576501e-02 -9.72733609344009e-02 -8.20417858325827e-01 -2.09115239092378e-02 -9.84174278162819e-02 8.96311855910190e-01 7.49179052116482e-01 1.74638985598241e+00 -1.69204839988315e+00 4.68323955676755e-02 7.48731637937232e-03 9.17971551865000e-03 -5.71735991070869e-02 -9.55928722743654e-02 -1.12004968386205e-01 1.01095010802949e-01 9.82617358887354e-02 -4.51984868847155e-01 1.28921915828228e-01 1.57960993555635e-01 3.59516795552654e-01 -1.91507453245913e-01 -8.81737713501563e-02 2.41864159907865e-01 1.36075316817366e-01 -1.39226533276544e-02 -1.10307757838409e-02 1.61913802472923e-02 7.76075684761336e-03 2.00677444957451e-02 1.54125599200953e-02 -1.57018187307073e-03 -8.93837812851978e-02 -3.61889173996407e-02 -5.50829386522694e-02 -1.46040558797262e-01 -2.01944725307162e-02 1.91674119682261e-01 3.43022639878408e-01 2.71889291507187e-01
 -1.83571037196760e+00 -2.58585099808223e+00 -4.73038664461564e+00 -2.72678208432127e+00 -3.91615131327271e+00 6.38333267252365e+00 -2.59555896713130e-01 -2.07974017572334e+00 2.12032660565959e+00 -1.62301186100830e-01 3.51526273747439e+00 8.75145067328496e-02 1.62098388945219e+00 -2.08049298213091e-01 8.34834421147802e-01 -7.77800785916114e-01 -8.90444690207770e-01 4.76649044312303e-02 -1.02438818237124e+01 -5.76491375102833e-02 -8.66947149732514e-01 -6.14260369699013e-01 -7.47062011741532e-02 2.03346105816843e+00 -1.65895323512454e+00 -5.27322574944392e-01 -3.15002072674162e-01 -1.74252519708829e+00 5.32177976669673e-01 -3.05677536270917e-02 9.27339469949486e-02 1.26637241497531e-01 -1.82717483098090e-02 -4.22267337563781e-01 3.47042790505573e-02 6.02069898150208e-01 4.83038984446292e-01 9.25382737268661e-02 1.16935376324058e+00 1.11669990611186e+00 -1.35329547916345e-01 -1.18389604839581e+00 -2.09521929970234e-01 -7.55084449025166e-02 6.40727932854392e-01 9.44187404331768e-02 1.85782803783057e-01 7.51713621660205e-03 2.41219602079322e-02 2.26516701462922e-02 -4.15295844408714e-02 9.49797158868330e-02 -2.94957264437503e-02 2.03534534523437e-01 3.43794075910581e-01 -9.89428080432338e-02 8.80672411331607e-02 2.62542740126841e-01 4.05197436875866e-01 3.42783701740354e-01
 2.32496281727425e-02 3.61382382746086e-02 -4.82347311172770e-02 -9.97456762894441e-02 -2.71311668133309e-02 6.48119853063644e-02 -4.25094695107382e+00 -6.35799176038496e-02 1.46730128342187e-01 -3.50027933611549e+00 7.34782528421620e-02 6.00072490435507e+00 -1.65116802413305e-01 -2.24059965010822e+00 5.51802044958113e-02 -1.52446412184796e-01 -1.49593435039780e-01 -7.44475696490785e-03 -5.76491375102833e-02 -1.00546342148371e+01 5.70974456560489e-01 5.23205111426250e-01 -6.73577557654731e-02 -1.55319772155336e+00 1.78925539281052e-01 -1.72870347158494e-02 4.86445529702394e-03 -4.44296536136426e-02 3.39659352171568e-02 -8.86606374077589e-01 6.57648607961616e-02 8.81015305607032e-02 -1.03921108282851e-01 -3.99896737707856e-01 5.99336858617356e-02 5.91470081054834e-01 3.02881787548961e-01 1.36956160038590e-01 1.17612058782958e+00 3.99500427133345e-01 -1.78440063734354e-01 -7.70473879209987e-01 2.71286758299744e-01 -1.07638268528578e-01 7.49561333775183e-01 3.18374274787878e-02 8.91315887966025e-02 1.99694767200096e-02 2.24680150027331e-02 5.23601422553353e-02 -1.95962175294410e-01 2.98564848554346e-02 -5.88518417721898e-02 4.37577345689052e-01 6.53846598856662e-01 -9.81671507438971e-02 4.07000283086689e-02 2.32992548672327e-01 3.70389973712107e-01 1.72923417032441e-01
 -2.04541530882533e-01 -3.12794784843224e-01 -1.38888756567405e+00 -1.35632780310895e+00 -1.10677794109711e+00 -1.56517854521619e+00 2.50857842176969e+00 -9.60347175656336e-01 -1.35810025509388e+00 2.17244388703932e+00 -8.98557508832347e-01 1.95746052989826e+00 -1.38875930371710e+00 1.38416919277668e+00 3.17663801582826e-01 -2.15875978704943e-01 1.65002841592192e-02 -6.43205167576501e-02 -8.66947149732514e-01 5.70974456560489e-01 -3.48754162282892e+00 -5.73684450839223e+00 1.81645073965377e-01 2.56867397855773e-01 -7.49816508085578e-01 -2.15875957520467e-01 1.65002450403148e-02 -7.95932878988245e-01 -3.49603404126987e-01 5.70973087839388e-01 4.98449850947111e-02 7.08404171843786e-02 1.58869156722306e-01 3.88263212484832e-03 -2.08276088681316e-03 -2.93771682181530e-03 2.72256979476109e-01 1.33908471140477e-02 1.89434388204338e-02 7.77439928426234e-01 2.67913981126586e-02 -1.55945169356369e-02 -4.11558830242733e-01 -1.10202755080325e-02 -9.48788439391700e-03 5.14063131611159e-02 1.29505646115005e-01 -1.52817890110922e-02 4.20999056521262e-02 1.96846219812748e-01 1.45317842667530e-01 1.45342039103733e-01 1.40443298421317e-02 1.95518846440698e-02 -9.76874317754276e-02 5.17828806920189e-02 1.29644333976547e-01 4.41121432649162e-02 -6.32799391789383e-04 1.96001718616344e-01
 2.58873581093204e-01 2.85512387064554e-01 -1.14918239502045e+00 -1.32946683733463e+00 -1.48619708736183e+00 -2.10174403619508e+00 3.51485747695089e+00 -1.27339807415060e+00 -1.80080917217027e+00 3.05442512634596e+00 -1.70211197112028e+00 3.97049701358241e+00 -2.85298390292072e+00 2.80763820365100e+00 6.01740998808792e-01 1.65001424020838e-02 2.96363190900757e-01 -9.72733609344009e-02 -6.14260369699013e-01 5.23205111426250e-01 -5.73684450839223e+00 -1.12616169814901e+01 2.23218428092941e-01 3.15659001058244e-01 -8.45942054294144e-01 1.65003475477869e-02 2.96363309251932e-01 -5.46711744101767e-01 -2.96449289064765e-01 5.23204420344504e-01 6.29209395027984e-02 9.07998447729330e-02 3.25464805676226e-01 1.97526122635220e-01 -3.45337959929937e-02 -4.88323293972298e-02 -1.16538127380394e-01 -2.92801252742179e-02 -4.14027317764927e-02 4.32698307707559e-01 3.79223696744597e-02 6.03540009686392e-02 -1.48690585476156e-01 4.26802583771573e-02 -1.34131497052052e-02 1.29505785128202e-01 1.69317157258795e-01 1.42810908821172e-03 -9.46801151091360e-02 -2.92204513646269e-02 1.45342054656353e-01 1.08023737004586e-01 1.12457510618887e-02 1.55506299784205e-02 -2.05458121260419e-01 1.29644266484900e-01 1.69164804309811e-01 -9.00916992540742e-02 -3.00543558604024e-02 -2.99201122277262e-02
 6.63267410002266e-01 9.36378221150013e-01 1.64292793550107e+00 9.02994213487185e-01 -2.87601830026799e+00 1.93464967600630e+00 -3.17584203501792e+00 -2.78475585143380e+00 9.84845167134297e-01 -1.61446101428836e+00 -2.09681558793080e+00 -2.38532044316269e+00 2.98685252642271e+00 3.38796376564524e+00 -2.59170050493462e+00 -6.42976070069400e-02 -9.72560913144411e-02 -8.20417858325827e-01 -7.47062011741532e-02 -6.73577557654731e-02 1.81645073965377e-01 2.23218428092941e-01 -1.00306095441866e+01 -3.02769721751708e-02 3.75644116979240e-02 8.96321148285629e-01 7.49183915756357e-01 1.74645649430271e+00 8.86542409326757e-01 -1.44192852684693e+00 7.48624633362099e-03 9.17791211310561e-03 -5.71808375258814e-02 -9.55940881917380e-02 -1.12024423943064e-01 3.45434963696855e-02 1.36680970282669e-01 -4.52002414899383e-01 7.23303805768478e-02 1.90610055929921e-01 2.96699920979225e-02 -1.02956380654504e-01 -2.20962208084515e-01 4.32289785605398e-01 5.93725572984481e-02 1.51683070431380e-02 -1.55162449630812e-03 -9.01352864618371e-02 -2.91240770059037e-02 -5.80482093446651e-02 -1.38732066795382e-02 -1.11257013035950e-02 1.62040004592299e-02 1.35397548481269e-02 1.64919227528124e-02 -1.45562516931407e-01 -1.98717100355849e-02 1.91136774631831e-01 6.29532455979072e-02 4.31848181636780e-01
 9.37976949311658e-01 1.32420384353124e+00 2.32338840786374e+00 1.27698898326208e+00 1.93464876177235e+00 -1.50812307166086e+00 -4.49119869561273e+00 9.84842024009902e-01 -2.08842503342036e+00 -2.28312631105894e+00 -7.43442181087422e-01 1.70142803903609e+00 4.22393527346441e+00 -2.38531654758891e+00 2.61965933353091e+00 9.27951361109723e-01 7.60240016888365e-01 -2.09115239092378e-02 2.03346105816843e+00 -1.55319772155336e+00 2.56867397855773e-01 3.15659001058244e-01 -3.02769721751708e-02 -1.00520288742338e+01 5.31179314845908e-02 2.48673763739265e-01 1.61700530235998e-01 8.32749130242219e-01 -5.33413616065459e-01 -5.81202940707437e-01 1.05869424818618e-02 1.29796284052180e-02 -8.08568213292403e-02 -1.35181922116701e-01 3.45422484008787e-02 -8.75792882988245e-02 1.93282782734128e-01 7.23298560186584e-02 -4.00841624335359e-01 2.69555282824361e-01 -4.59715361827340e-03 3.59488217484312e-01 -3.12489413646627e-01 -1.02956808598425e-01 -4.78041287472724e-02 -1.49535409754204e-01 -2.19697224934710e-02 -3.56774955593571e-02 2.03978884906227e-01 4.38749289650224e-01 -1.96730813750598e-02 -1.56356510329486e-02 1.35030549082275e-02 2.57503281787513e-02 2.36014332059809e-02 -3.51135318818882e-02 -8.69166751700042e-03 6.95639093735450e-02 -7.75933029563212e-02 9.02155950966963e-02
 -1.57813973863751e+00 -2.22133330538307e+00 -4.12073516979275e+00 -2.41132606673511e+00 -3.40520699458575e+00 -4.81556340442925e+00 3.64037018386502e+00 -1.83297986616665e+00 -2.59215815262708e+00 7.08398542237894e-01 -2.66684932602200e+00 2.85393985843968e+00 1.65450606213842e+00 2.01809159969745e+00 9.42803120109937e-01 -4.65311713517907e-01 -2.70363250497700e-01 -9.84174278162819e-02 -1.65895323512454e+00 1.78925539281052e-01 -7.49816508085578e-01 -8.45942054294144e-01 3.75644116979240e-02 5.31179314845908e-02 -1.02464936781475e+01 -4.65311634548424e-01 -2.70363315169672e-01 -1.53128533838129e+00 -6.45735480515103e-01 1.78923394026917e-01 1.13192458976775e-01 1.53721946778997e-01 -6.77841828399136e-02 -5.65642504640655e-01 6.00031903351334e-02 8.48638807322354e-02 9.92549509865917e-01 1.48590646873051e-01 2.10139571626438e-01 1.96971276863674e+00 -3.66037767879282e-05 -3.37055376104721e-01 -1.65600654847505e+00 -2.38338180737854e-01 -2.42478455435068e-06 -1.34772011213355e-01 9.66181977312155e-02 -5.43594933507459e-02 3.45497944617659e-01 6.55950133082019e-01 9.76875661841623e-02 2.05458178071119e-01 1.67516960577757e-02 2.34174441228964e-02 5.07192184707794e-02 -1.33946063406897e-01 9.71832517831181e-02 3.42126308807514e-01 6.26452520293770e-02 6.54453851416343e-01
 -2.04541530570066e-01 -3.12794773502038e-01 -1.38888734722666e+00 -1.35632756825662e+00 3.15500305261848e+00 -5.84716186054321e-02 -1.01207848285759e-01 2.73412235688827e+00 -5.19595406977909e-02 -8.99380677921002e-02 5.73101175691700e-02 -5.62615679784321e-02 1.43535988347257e+00 9.91562108977480e-02 -2.55107916991666e+00 -2.15876890083958e-01 1.64993663991423e-02 8.96311855910190e-01 -5.27322574944392e-01 -1.72870347158494e-02 -2.15875957520467e-01 1.65003475477869e-02 8.96321148285629e-01 2.48673763739265e-01 -4.65311634548424e-01 -3.48754179462094e+00 -5.73684478252470e+00 -7.93860532752192e-01 -8.80015219233341e-02 -1.52452575129457e-01 4.98449970261981e-02 7.08404296290983e-02 1.58869098628495e-01 3.88249329971671e-03 2.24377116976270e-01 7.71170693440255e-02 1.33584591607451e-01 6.21386435307416e-01 2.33887251170830e-01 4.05126113074632e-01 -1.77883504334960e-01 -9.01746708585572e-02 4.59114224400764e-02 -3.08139919435049e-01 -1.83633593100813e-01 5.17826207239732e-02 1.29644215423317e-01 1.45630549342803e-01 9.82739343642047e-02 9.74536149021108e-02 5.14066277552258e-02 1.29505971358085e-01 1.45972466479541e-01 3.53969798758296e-02 1.34882855886409e-01 1.45317834708267e-01 1.45342031862326e-01 -9.36599612976820e-02 -1.82165447731658e-02 -3.19111961966918e-02
 2.58873582146323e-01 2.85512412129729e-01 -1.14918220713640e+00 -1.32946667989268e+00 4.35603925092750e+00 -3.62839911186306e-02 -6.27520644194836e-02 3.76730286890622e+00 -1.87228530152474e-02 -3.23483775826255e-02 7.14067509804743e-02 -3.08788141461532e-02 2.94365207045468e+00 1.23463250899584e-01 -5.13420816190155e+00 1.64995273761317e-02 2.96362464815697e-01 7.49179052116482e-01 -3.15002072674162e-01 4.86445529702394e-03 1.65002450403148e-02 2.96363309251932e-01 7.49183915756357e-01 1.61700530235998e-01 -2.70363315169672e-01 -5.73684478252470e+00 -1.12616175025446e+01 -9.13919109107392e-01 -8.63527265843389e-02 -1.49599851978914e-01 6.29209889953399e-02 9.07999125497895e-02 3.25464889924338e-01 1.97526016848062e-01 -6.06225763148251e-02 -5.80603194287310e-02 -1.00559382844427e-01 3.82575713831843e-01 1.04199937426288e-01 1.80493515914344e-01 -5.78567550391169e-02 2.20339253131457e-02 7.25645819044392e-02 -1.00225547156321e-01 -1.00237262740595e-01 1.29644223461524e-01 1.69164898785747e-01 1.97683702508700e-02 -8.85671605014637e-02 -4.09886958887592e-02 1.29506048883588e-01 1.69317486356336e-01 2.02975128867565e-02 8.69149892830066e-03 -9.66052634520248e-02 1.45342028264034e-01 1.08023717812091e-01 -1.78835639625397e-01 -5.12977881962635e-02 -8.92617664655170e-02
 -1.95180126279372e+00 -2.75007255448847e+00 -5.00746459422591e+00 -2.87181629158192e+00 7.75352650543574e+00 -1.58280223262246e-01 -2.73894319002529e-01 2.82303258065649e+00 -9.72130996797741e-02 -1.68244751930898e-01 8.85591239354478e-02 -1.10806271603690e-01 1.68792959181493e+00 1.53125940875173e-01 -3.05152483009706e+00 -7.95920008604607e-01 -5.46698842681677e-01 1.74638985598241e+00 -1.74252519708829e+00 -4.44296536136426e-02 -7.95932878988245e-01 -5.46711744101767e-01 1.74645649430271e+00 8.32749130242219e-01 -1.53128533838129e+00 -7.93860532752192e-01 -9.13919109107392e-01 -1.02501461642224e+01 -2.99454339021112e-02 -5.18701683958696e-02 8.49355683297231e-02 1.16336094465687e-01 1.82992951249646e-03 -3.66258301314942e-01 4.80064055139567e-01 2.44019348562906e-01 4.22663525501737e-01 9.19635895887672e-01 5.77445109800476e-01 1.00019116462424e+00 -5.43612187962060e-01 -4.93889256459723e-01 -1.68152814411832e-01 -9.41589818186036e-01 -2.79084082124388e-01 -4.42944061316281e-02 9.00712652508570e-02 1.91640213035050e-01 2.61684613717617e-01 2.31747325129998e-01 -4.46064506673758e-02 8.97622447215610e-02 1.91171324086008e-01 7.02124231732081e-02 3.43492946189834e-01 9.36601483361658e-02 1.78835780854289e-01 1.84397657191362e-02 8.54623664239895e-03 1.45323138104376e-02
 1.34471957868450e-02 2.08982319347128e-02 -2.77862908756910e-02 -5.75514097928341e-02 4.03523110971152e-02 -4.24635239494704e+00 -3.97327968978019e-03 9.20252570990086e-02 -3.48753591593582e+00 -1.10333302472609e-02 6.37845364353840e+00 -1.87545693793811e-01 8.87188240072157e-02 2.24625485496869e-02 5.50275869619473e-02 6.69298043093354e-01 6.01346776995994e-01 -1.69204839988315e+00 5.32177976669673e-01 3.39659352171568e-02 -3.49603404126987e-01 -2.96449289064765e-01 8.86542409326757e-01 -5.33413616065459e-01 -6.45735480515103e-01 -8.80015219233341e-02 -8.63527265843389e-02 -2.99454339021112e-02 -1.00243430994179e+01 -2.62278794207620e-02 3.79682552978978e-02 5.08638187581354e-02 -6.00012834965563e-02 -2.30877494659956e-01 3.10422513755103e-01 9.98635318000356e-03 2.53642604134435e-01 6.13834201701505e-01 -2.02281646773169e-01 5.21129947211954e-01 1.37299643725935e-02 -4.65154922107319e-04 -1.52956412975685e-01 -6.09877477903639e-01 -4.50584269768781e-01 -1.70051679959693e-01 1.07662456584414e-02 3.42691998099569e-01 4.04742948071815e-01 3.68782195333348e-01 3.19657510423343e-04 3.00885110236495e-02 6.37410653139427e-02 -7.79357682914058e-02 6.38952749956447e-02 1.83981381846117e-02 5.14251844475496e-02 8.30286579230628e-03 2.18809938037131e-02 2.63206076044994e-02
 2.32496375743037e-02 3.61383071318569e-02 -4.82351864684246e-02 -9.97473731328756e-02 7.01495993204565e-02 -3.97751917077970e-03 -4.25094511377427e+00 1.59535430443707e-01 -1.10373684402527e-02 -3.50027874234697e+00 2.24689415443513e-02 -1.12371489182437e-01 -1.65116046301337e-01 6.40440315643633e+00 -8.91051253804727e-02 -1.72877842292188e-02 4.86391346117224e-03 4.68323955676755e-02 -3.05677536270917e-02 -8.86606374077589e-01 5.70973087839388e-01 5.23204420344504e-01 -1.44192852684693e+00 -5.81202940707437e-01 1.78923394026917e-01 -1.52452575129457e-01 -1.49599851978914e-01 -5.18701683958696e-02 -2.62278794207620e-02 -1.00546442838501e+01 6.57648895290291e-02 8.81017780257120e-02 -1.03916894407492e-01 -3.99893352126794e-01 5.37662253721336e-01 2.53634302381710e-01 3.02896010241864e-01 1.06321163657252e+00 5.21125808857963e-01 3.99514349023670e-01 -6.09872217115602e-01 -3.58299160311075e-01 2.71314781541966e-01 -6.90564638926208e-01 -4.70845998807851e-01 -9.73841171112537e-02 4.10640383617542e-02 2.70787176570957e-01 3.41074134947885e-01 1.71614751123419e-01 -1.96886918741366e-01 2.92831631929962e-02 4.32685997320126e-01 9.13645356927257e-02 6.56560191658218e-01 3.18062666057200e-02 8.91881601418620e-02 1.46730867935356e-02 2.64744539991028e-02 5.23527781965884e-02
 2.08830392198456e-05 1.60290786916580e-03 3.18721695355685e-01 4.68680301607889e-02 1.58818431379858e-01 2.24597231162297e-01 3.89017469156955e-01 -1.53944858282076e-01 -2.17705151418975e-01 -3.77079909686320e-01 5.05381913528028e-02 1.23790680139138e-01 9.28439232581723e-02 8.75355463290758e-02 -1.78665317587444e-02 4.98450023521191e-02 6.29210131479884e-02 7.48731637937232e-03 9.27339469949486e-02 6.57648607961616e-02 4.98449850947111e-02 6.29209395027984e-02 7.48624633362099e-03 1.05869424818618e-02 1.13192458976775e-01 4.98449970261981e-02 6.29209889953399e-02 8.49355683297231e-02 3.79682552978978e-02 6.57648895290291e-02 -2.97061134662815e+03 -1.51757740634623e+03 8.66288578485431e+01 3.97374018267743e+01 -2.24212870317622e-02 -3.17076460041119e-02 -5.49197547315666e-02 -2.45085011278786e-02 -3.46593367449955e-02 -6.00322872915252e-02 3.46091963642494e-03 8.47732111522165e-03 6.35817939739973e-03 5.99453779892198e-03 -1.22350858883300e-03 -2.04541521207383e-01 2.58873597549906e-01 -6.60304397753915e-01 1.83674176797922e+00 -2.50414431580671e-02 -2.04541556202195e-01 2.58873571963265e-01 -6.66193466296631e-01 -9.35906188686725e-01 1.57813690266028e+00 -2.04541493858001e-01 2.58873591066655e-01 1.95179765028694e+00 -1.65513744505428e-02 -2.14556129563634e-02
