pVp:
 -2.97061132486451e+03 -1.51757740009956e+03 8.66288574717135e+01 3.97374017484800e+01 2.24212872184376e-02 3.17076192812010e-02 5.49197474311997e-02 2.45084993436409e-02 3.46593109566530e-02 6.00322794396573e-02 3.46090884717841e-03 8.47732806202057e-03 6.35818997260819e-03 5.99453475995259e-03 -1.22350097726264e-03 -2.04541629911912e-01 2.58873557552262e-01 6.63233982710898e-01 -1.83571035365064e+00 2.32496281431750e-02 -2.04541529009938e-01 2.58873578067530e-01 6.63267403576292e-01 9.37976940187198e-01 -1.57813972280932e+00 -2.04541528850803e-01 2.58873578808872e-01 -1.95180124354766e+00 1.34471956786977e-02 2.32496375677382e-02 2.08830392034510e-05 1.60290783491789e-03 3.18721687976254e-01 4.68680266035710e-02 -1.58818426276588e-01 -2.24597226982878e-01 -3.89017459160296e-01 1.53944862132310e-01 2.17705147313410e-01 3.77079910188287e-01 5.05381864901207e-02 1.23790672563257e-01 9.28439178068944e-02 8.75355403012125e-02 -1.78665325845799e-02 4.98449974721629e-02 6.29209993685121e-02 -7.57400216541152e-03 -9.27644863745036e-02 -6.57118262807540e-02 4.98450007213337e-02 6.29210064894999e-02 -7.39965820740207e-03 -1.06482296237774e-02 -1.13192408619610e-01 4.98449896817763e-02 6.29209563058583e-02 -8.49354593286019e-02 -3.78763889876312e-02 -6.58179809384028e-02
 -1.51757740009956e+03 -8.57109521252995e+02 4.06210166842389e+01 2.36723946519335e+01 -5.52946026556020e-02 -7.81962656616928e-02 -1.35441241462832e-01 2.36852746066697e-02 3.34951282739817e-02 5.80158387860196e-02 1.94897617263668e-03 4.77392511865945e-03 3.58054789046753e-03 3.37576325892463e-03 -6.88999888165720e-04 -3.12794915895848e-01 2.85512351785185e-01 9.36331184856856e-01 -2.58585098885334e+00 3.61382381988490e-02 -3.12794784078643e-01 2.85512386188297e-01 9.36378217991566e-01 1.32420383896700e+00 -2.22133329765419e+00 -3.12794773285815e-01 2.85512410257542e-01 -2.75007254509597e+00 2.08982315988272e-02 3.61383070898236e-02 1.60290786062703e-03 7.99459433140052e-03 4.40665975752741e-01 5.40008159352382e-02 -2.15958845175997e-01 -3.05403845902376e-01 -5.28979934827578e-01 2.17777479654009e-01 3.07975707921634e-01 5.33434582593427e-01 2.55514045932448e-02 6.25868411481012e-02 4.69405816430216e-02 4.42567429177579e-02 -9.03307542708954e-03 7.08404282733842e-02 9.07999283640248e-02 -9.29932798583626e-03 -1.26679385596030e-01 -8.80283549004755e-02 7.08404327452824e-02 9.07999379848677e-02 -9.05843336859402e-03 -1.30641908048051e-02 -1.53721859833993e-01 7.08404164684936e-02 9.07998658459514e-02 -1.16335942590457e-01 -5.07370599522456e-02 -8.81750321011385e-02
 8.66288574717135e+01 4.06210166842389e+01 -1.32986151901765e+01 -5.69257816099578e+00 -2.54403913608710e-01 -3.59771767264866e-01 -6.23149069026252e-01 -9.23145741721519e-02 -1.30549033105772e-01 -2.26119730124800e-01 -7.57865646692783e-02 -1.85635449038760e-01 -1.39227986086497e-01 -1.31267555747561e-01 2.67924455303735e-02 -1.38888796774900e+00 -1.14918294964994e+00 1.64284124475812e+00 -4.73038642754960e+00 -4.82347297286036e-02 -1.38888755367907e+00 -1.14918238774411e+00 1.64292785996852e+00 2.32338830024214e+00 -4.12073498298119e+00 -1.38888733576290e+00 -1.14918220059592e+00 -5.00746436618930e+00 -2.77862909508726e-02 -4.82351854220059e-02 3.18721692166765e-01 4.40665984839887e-01 3.02897871916596e-01 -4.00311619376858e-01 3.04939999895099e-01 4.31238849147903e-01 7.46934628359159e-01 7.96651350584111e-01 1.12660530300944e+00 1.95135595614505e+00 -7.84855957230253e-01 -1.92246383597027e+00 -1.44186190895118e+00 -1.35942321525924e+00 2.77466427692138e-01 1.58869112422392e-01 3.25465005344108e-01 5.71140907765613e-02 1.82506832715235e-02 1.03957395162633e-01 1.58869031454051e-01 3.25464893450085e-01 5.72402492060359e-02 8.08148056652242e-02 6.77849765532403e-02 1.58869137201206e-01 3.25464823499026e-01 -1.83009484456192e-03 6.00641668930820e-02 1.03880243524417e-01
 3.97374017484800e+01 2.36723946519335e+01 -5.69257816099578e+00 -3.91303383877265e+00 -1.41788442506948e-01 -2.00513758680516e-01 -3.47303381216596e-01 -1.09683521553287e-01 -1.55111794628644e-01 -2.68664070569408e-01 -7.19788915901344e-02 -1.76308676333960e-01 -1.32232802296155e-01 -1.24672358336626e-01 2.54463382100007e-02 -1.35632828501798e+00 -1.32946736159358e+00 9.02942067758924e-01 -2.72678192797324e+00 -9.97456719714459e-02 -1.35632779132166e+00 -1.32946683081811e+00 9.02994160802498e-01 1.27698890857892e+00 -2.41132592970958e+00 -1.35632755660285e+00 -1.32946667370873e+00 -2.87181612758896e+00 -5.75514079546272e-02 -9.97473692178275e-02 4.68680297546337e-02 5.40008260777124e-02 -4.00311609355102e-01 -6.99372330334016e-01 5.98580653429468e-01 8.46498451554656e-01 1.46619211053470e+00 7.61182294342411e-01 1.07644581599257e+00 1.86447635643842e+00 -5.31180726209472e-01 -1.30109961580443e+00 -9.75834214783820e-01 -9.20040782957633e-01 1.87785839228358e-01 3.88240493696915e-03 1.97526054740404e-01 9.59007832077097e-02 4.22375689312410e-01 3.99708206389975e-01 3.88233361434191e-03 1.97525929987049e-01 9.52864643505767e-02 1.35399637955496e-01 5.65643206640615e-01 3.88261436181281e-03 1.97526076901022e-01 3.66257598350004e-01 2.30550972916850e-01 4.00081663836237e-01
 2.24212872184376e-02 -5.52946026556020e-02 -2.54403913608710e-01 -1.41788442506948e-01 -7.38743733757345e+01 -4.07578926710837e-02 -7.05955021643548e-02 -1.76454256406516e+01 -1.55149422791034e-02 -2.68729249692945e-02 -5.30590681385225e-01 -2.98695008686481e-02 1.54929538018893e-01 -9.19027918084448e-01 -3.02833201403260e-01 -1.10672196805696e+00 -1.48612080185637e+00 -2.87615587264504e+00 -3.91614794669730e+00 -2.71311666491801e-02 -1.10677689071640e+00 -1.48619573580362e+00 -2.87601531637483e+00 1.93464707828176e+00 -3.40520407942395e+00 3.15499990067375e+00 4.35603519418438e+00 7.75351996351321e+00 4.03523128748597e-02 7.01496010557861e-02 1.58818429778723e-01 2.15958850190819e-01 -3.04940005517072e-01 -5.98580660954191e-01 1.02179211688890e-01 5.17259628866699e-01 8.95928345581359e-01 -8.08724652345342e-01 8.29337620497183e-01 1.43646836305241e+00 1.79762835964879e-01 -2.18891512081233e+00 -2.07929562001291e+00 3.11371330709152e-01 1.07385277848154e+00 1.82622336992594e-03 3.45634401554776e-02 -1.11952599130155e-01 3.54294785925205e-02 6.04571616710289e-02 2.32887279883156e-03 3.45003167678020e-02 -1.12074952163464e-01 3.44505642373151e-02 5.91143832335607e-02 -2.24376176072939e-01 6.06228163739605e-02 4.80061612772019e-01 3.09777000628649e-01 5.38032980953854e-01
 3.17076192812010e-02 -7.81962656616928e-02 -3.59771767264866e-01 -2.00513758680516e-01 -4.07578926710837e-02 -7.39031912626943e+01 -9.98344807146323e-02 -1.55149439003508e-02 -1.76563954838246e+01 -3.80030495033719e-02 -4.23439332056565e-01 -9.40140292922374e-01 2.19094044923913e-01 -2.98695020422829e-02 4.96484053087380e-01 2.95509985025567e+00 4.09485252006392e+00 -3.71751192623746e+00 6.38332731999222e+00 6.48119865954115e-02 -1.56517706066352e+00 -2.10174212559226e+00 1.93464799343468e+00 -1.50812127731227e+00 -4.81555928344142e+00 -5.84716198990439e-02 -3.62839929321086e-02 -1.58280226045757e-01 -4.24634822018291e+00 -3.97751890018091e-03 2.24597228928408e-01 3.05403850035436e-01 -4.31238856684701e-01 -8.46498445856774e-01 5.17259627223658e-01 4.67907974243705e-01 1.26700046560494e+00 8.29337589188198e-01 -2.22340989812729e-01 2.03141917866299e+00 -5.03992940241378e-01 -1.23630809854205e+00 -2.94048737383259e+00 -2.18891511635791e+00 -6.26117681237071e-01 -2.37339321896129e-01 7.65187583567823e-02 1.01758260588008e-01 6.02551886078572e-01 5.91259063142673e-01 2.76352146535619e-03 4.88560183256589e-02 3.45979577906591e-02 -8.75276501645248e-02 8.54931571914588e-02 -7.68556689243861e-02 5.80249185539788e-02 2.43312172485233e-01 9.45205472726793e-03 2.53209705681384e-01
 5.49197474311997e-02 -1.35441241462832e-01 -6.23149069026252e-01 -3.47303381216596e-01 -7.05955021643548e-02 -9.98344807146323e-02 -7.40184724696350e+01 -2.68729262993586e-02 -3.80030499283424e-02 -1.77002784651133e+01 -2.98694999876891e-02 -6.47592724834661e-01 -1.09168177688835e+00 -4.57926702863455e-01 1.05561859894825e-02 -1.01208136688164e-01 -6.27523653846785e-02 8.75457776927224e-02 -2.59555899872034e-01 -4.25094277589082e+00 2.50857584733002e+00 3.51485416321339e+00 -3.17583911648675e+00 -4.49119456757104e+00 3.64036721316459e+00 -1.01207849559338e-01 -6.27520666724824e-02 -2.73894323703986e-01 -3.97327945276053e-03 -4.25094093924467e+00 3.89017465258774e-01 5.28979948940879e-01 -7.46934622955627e-01 -1.46619210798746e+00 8.95928342074804e-01 1.26700046142775e+00 1.93094152802177e+00 1.43646835499988e+00 2.03141924531119e+00 2.12338392867762e+00 -2.18891504309862e+00 -4.28719311778035e+00 -1.87443844430349e+00 -3.03158591797104e+00 7.73839718546635e-01 -1.33429063067456e-01 1.00541703795386e-01 9.85806360329628e-02 4.82718004734648e-01 3.02346549971572e-01 -2.72256567544528e-01 1.16538233023128e-01 1.35947687064657e-01 1.93801683080099e-01 9.92548777824962e-01 -1.33734989213552e-01 1.00580100939117e-01 4.23070184106849e-01 2.53447496038071e-01 3.03431563924001e-01
 2.45084993436409e-02 2.36852746066697e-02 -9.23145741721519e-02 -1.09683521553287e-01 -1.76454256406516e+01 -1.55149439003508e-02 -2.68729262993586e-02 -8.04069330126857e+00 -1.86621076245857e-02 -3.23240139341709e-02 -3.35835445409649e-01 -2.25455737448918e-02 1.26246631570623e-01 -5.81701134620497e-01 -2.44694795583959e-01 -9.60299572341650e-01 -1.27333310107139e+00 -2.78483194616668e+00 -2.07973966889678e+00 -6.35799148934668e-02 -9.60347039881193e-01 -1.27339790287660e+00 -2.78475535462682e+00 9.84841772910183e-01 -1.83297942673345e+00 2.73412195806220e+00 3.76730235679705e+00 2.82303165679111e+00 9.20252583918392e-02 1.59535432080445e-01 -1.53944856686321e-01 -2.17777472149569e-01 -7.96651345064600e-01 -7.61182297475132e-01 -8.08724658559656e-01 8.29337605483286e-01 1.43646835323351e+00 -1.45533564460804e+00 8.00996073643239e-01 1.38737890103909e+00 6.15456295295303e-01 -1.39055475799291e+00 -1.52961477466175e+00 1.06609212575976e+00 1.04363330956201e+00 -1.40797835085893e-02 2.88134490467934e-02 -4.51919363318865e-01 9.41727101643323e-02 1.37970881441277e-01 -1.27169180922134e-02 2.97364652203576e-02 -4.52064826278138e-01 7.22659659117557e-02 1.46670211788728e-01 -6.21385283780905e-01 -3.82574841902660e-01 9.19631879948848e-01 6.12258851040210e-01 1.06411967762339e+00
 3.46593109566530e-02 3.34951282739817e-02 -1.30549033105772e-01 -1.55111794628644e-01 -1.55149422791034e-02 -1.76563954838246e+01 -3.80030499283424e-02 -1.86621076245857e-02 -8.05388835428569e+00 -4.57118490915454e-02 -2.32673369013389e-01 -5.97636110862288e-01 1.78531965570631e-01 -2.25455728607469e-02 3.39245265015862e-01 2.56045947037914e+00 3.54563791577581e+00 -1.89049161093686e+00 2.12032586065365e+00 1.46730130388137e-01 -1.35810006311958e+00 -1.80080892974553e+00 9.84844916402007e-01 -2.08842471406173e+00 -2.59215753129039e+00 -5.19595380122682e-02 -1.87228525953521e-02 -9.72130964953352e-02 -3.48753523915847e+00 -1.10373651505784e-02 -2.17705149143145e-01 -3.07975708151227e-01 -1.12660530196701e+00 -1.07644581169105e+00 8.29337619879638e-01 -2.22340963174441e-01 2.03141923261911e+00 8.00996063082453e-01 -8.88990842436382e-01 1.96199808537763e+00 2.96636657071686e-02 8.28544081557947e-02 -2.16312215183754e+00 -1.39055483301816e+00 -9.02361553205354e-01 -6.64050975770096e-01 -3.95592528967768e-01 1.30520607201146e-01 1.17048465012082e+00 1.17551393718792e+00 -1.94206394043790e-02 4.10795321610833e-02 7.23469325012009e-02 -4.00777718242776e-01 2.11499370214805e-01 -2.33172002195233e-01 -1.03715554465083e-01 5.75834138810251e-01 -2.03476909549659e-01 5.20369640767807e-01
 6.00322794396573e-02 5.80158387860196e-02 -2.26119730124800e-01 -2.68664070569408e-01 -2.68729249692945e-02 -3.80030495033719e-02 -1.77002784651133e+01 -3.23240139341709e-02 -4.57118490915454e-02 -8.10667284318911e+00 -2.25455727115283e-02 -3.65854272169669e-01 -6.94696334387648e-01 -2.58702583102277e-01 7.96749009440434e-03 -8.99383311671220e-02 -3.23485660236773e-02 4.56749397982037e-02 -1.62301178260750e-01 -3.50027865636568e+00 2.17244356501048e+00 3.05442470937470e+00 -1.61446057862303e+00 -2.28312569367132e+00 7.08398157726204e-01 -8.99380624177532e-02 -3.23483759422285e-02 -1.68244745171305e-01 -1.10333270151317e-02 -3.50027806242483e+00 -3.77079905764749e-01 -5.33434571462879e-01 -1.95135592611349e+00 -1.86447634907637e+00 1.43646835743665e+00 2.03141920410827e+00 2.12338391932145e+00 1.38737890628322e+00 1.96199811815866e+00 1.37657189367058e+00 -1.39055462154484e+00 -2.22881972984778e+00 -1.88193382731999e-01 -1.57607380765953e+00 4.91618915051456e-01 -4.04709763776956e-01 -1.80211554115958e-01 1.58862160716138e-01 1.11603140624354e+00 3.98303758162894e-01 -7.77440138655823e-01 -4.32698759129383e-01 1.88776940808949e-01 2.70852759633924e-01 1.96971152274755e+00 -4.05539115685164e-01 -1.80773151991674e-01 1.00111987071891e+00 5.20501439828228e-01 4.00713304375213e-01
 3.46090884717841e-03 1.94897617263668e-03 -7.57865646692783e-02 -7.19788915901344e-02 -5.30590681385225e-01 -4.23439332056565e-01 -2.98694999876891e-02 -3.35835445409649e-01 -2.32673369013389e-01 -2.25455727115283e-02 -5.02062086719404e+01 -1.51444167558689e-01 7.29070861145718e-02 -1.97122361823583e-01 7.00124347406139e-03 1.64793496870920e+00 3.28240069303038e+00 3.98270882174917e+00 3.51526239481518e+00 7.34782551052571e-02 -8.98557514208414e-01 -1.70211197677248e+00 -2.09681549734129e+00 -7.43442169537525e-01 -2.66684912548634e+00 5.73101198746870e-02 7.14067521825334e-02 8.85591263087292e-02 6.37845327845725e+00 2.24689455058320e-02 5.05381907045389e-02 2.55514105503129e-02 -7.84855945397318e-01 -5.31180700867318e-01 -1.79776237779263e-01 5.03997712999893e-01 2.18891774480870e+00 -6.15499256317743e-01 -2.96483772776109e-02 1.39056327155331e+00 9.79140613255225e-02 -1.03044685699984e+00 -3.81868971663502e+00 7.93242393472707e-01 4.61399484528042e-01 -2.34476715265266e-02 1.77502884010915e-02 -3.59383874989428e-01 1.37004746330224e-01 1.79759740959619e-01 2.68389856414494e-02 3.79414514461183e-02 -2.98797591934986e-02 4.89172496296716e-03 -1.58116127794517e-04 -1.77442045325815e-01 -5.76329933622693e-02 5.42303613210745e-01 -1.52004298045104e-02 6.09024321949131e-01
 8.47732806202057e-03 4.77392511865945e-03 -1.85635449038760e-01 -1.76308676333960e-01 -2.98695008686481e-02 -9.40140292922374e-01 -6.47592724834661e-01 -2.25455737448918e-02 -5.97636110862288e-01 -3.65854272169669e-01 -1.51444167558689e-01 -5.05103573299498e+01 -1.48251762571671e-01 -1.08232031668996e-01 1.88602658471663e-01 7.47327314598170e-02 1.06109684975139e-01 -7.47763900780434e-02 8.75145102485838e-02 6.00072456884856e+00 1.95746054410968e+00 3.97049702196224e+00 -2.38532023863079e+00 1.70142802763770e+00 2.85393954377192e+00 -5.62615663447455e-02 -3.08788154643030e-02 -1.10806272386885e-01 -1.87545693352240e-01 -1.12371479454931e-01 1.23790678552327e-01 6.25868551168195e-02 -1.92246382384615e+00 -1.30109960225548e+00 2.18891783154305e+00 1.23630037284651e+00 4.28719644390506e+00 1.39056346625268e+00 -8.28792428288323e-02 2.22883048512275e+00 -1.03045191013629e+00 -2.00258020249729e+00 -4.08992296519195e+00 -4.26628257208628e+00 -1.91873340607546e+00 -3.20408533028425e-01 -8.70644860071543e-02 1.92740729728711e-01 1.18391091139394e+00 7.69116288858278e-01 -1.60131420713520e-02 6.01479103895153e-02 1.02946237314318e-01 -3.59216097664100e-01 3.38857656198854e-01 -8.99072502699235e-02 2.21602646152206e-02 4.92936711531640e-01 -6.23544655675409e-04 3.58204939705139e-01
 6.35818997260819e-03 3.58054789046753e-03 -1.39227986086497e-01 -1.32232802296155e-01 1.54929538018893e-01 2.19094044923913e-01 -1.09168177688835e+00 1.26246631570623e-01 1.78531965570631e-01 -6.94696334387648e-01 7.29070861145718e-02 -1.48251762571671e-01 -5.05352765691895e+01 -1.04826133723828e-01 -2.57784331381456e-02 1.43536035960098e+00 2.94365301156777e+00 -4.78954449510501e-01 1.62098366412483e+00 -1.65116802219254e-01 -1.38875930866243e+00 -2.85298390679934e+00 2.98685231004499e+00 4.22393496572047e+00 1.65450609553602e+00 1.43535989322975e+00 2.94365207515770e+00 1.68792935080148e+00 8.87188320651675e-02 -1.65116046151706e-01 9.28439219998226e-02 4.69405976067910e-02 -1.44186191666120e+00 -9.75834254481217e-01 2.07929153397499e+00 2.94049030335978e+00 1.87443845179670e+00 1.52960167639280e+00 2.16313151987988e+00 1.88193439075688e-01 -3.81869349137429e+00 -4.08992486733978e+00 2.28775168597225e+00 -2.89209845908410e+00 1.35000518868763e+00 4.62979363612004e-02 7.27478176001466e-02 8.81439582597064e-02 2.07998943970981e-01 -2.72059856314112e-01 -4.11558740254133e-01 -1.48690872526728e-01 2.19154509047343e-01 3.13768860516617e-01 1.65600441240127e+00 4.55101101115127e-02 7.23750247716648e-02 1.69580970960586e-01 1.53490020612147e-01 -2.70538032477110e-01
 5.99453475995259e-03 3.37576325892463e-03 -1.31267555747561e-01 -1.24672358336626e-01 -9.19027918084448e-01 -2.98695020422829e-02 -4.57926702863455e-01 -5.81701134620497e-01 -2.25455728607469e-02 -2.58702583102277e-01 -1.97122361823583e-01 -1.08232031668996e-01 -1.04826133723828e-01 -5.04338409749415e+01 -1.21315555945267e-01 -8.60938087504231e-02 -7.02643404653397e-02 -1.21937530226975e-01 -2.08049299146573e-01 -2.24059952040636e+00 1.38416920190273e+00 2.80763820800340e+00 3.38796360858396e+00 -2.38531634071129e+00 2.01809137626192e+00 9.91562142329684e-02 1.23463252192326e-01 1.53125943881900e-01 2.24625524920954e-02 6.40440279658495e+00 8.75355452041648e-02 4.42567589624641e-02 -1.35942321460237e+00 -9.20040780087415e-01 -3.11363587760897e-01 2.18891784709361e+00 3.03158117183759e+00 -1.06606728442681e+00 1.39056355506105e+00 1.57605862167104e+00 7.93253731043431e-01 -4.26628519485907e+00 -2.89210100144888e+00 1.01391277299916e+00 2.94816985420901e+00 1.73553421203515e-02 5.40203303243191e-02 -2.41545660721905e-01 7.68390385816726e-02 1.08215983716934e-01 -1.04290776102617e-02 4.29710874469402e-02 -4.32559425878745e-01 1.02771938323878e-01 2.35792555392685e-01 -3.08394132100257e-01 -1.00354267583134e-01 9.42341126955878e-01 6.09021506663134e-01 6.92037908819048e-01
 -1.22350097726264e-03 -6.88999888165720e-04 2.67924455303735e-02 2.54463382100007e-02 -3.02833201403260e-01 4.96484053087380e-01 1.05561859894825e-02 -2.44694795583959e-01 3.39245265015862e-01 7.96749009440434e-03 7.00124347406139e-03 1.88602658471663e-01 -2.57784331381456e-02 -1.21315555945267e-01 -5.01889001508643e+01 1.94823011907942e+00 3.94854979145526e+00 -4.59253916885068e+00 8.34834187890435e-01 5.51802020178662e-02 3.17663803787779e-01 6.01741000612362e-01 -2.59170036250314e+00 2.61965920532731e+00 9.42803049653752e-01 -2.55107918459235e+00 -5.13420817106894e+00 -3.05152441167570e+00 5.50275921888156e-02 -8.91051250993976e-02 -1.78665315505580e-02 -9.03307452103554e-03 2.77466414697863e-01 1.87785808695944e-01 -1.07385518230174e+00 6.26105968186835e-01 -7.73831955960511e-01 -1.04364101687517e+00 9.02323986965514e-01 -4.91594011605185e-01 4.61400790658450e-01 -1.91874153877623e+00 1.35001578384083e+00 2.94816927363236e+00 1.23996998955607e+00 2.54749257470155e-01 1.14391593184644e-01 -1.37431333778291e-01 -6.41395188959928e-01 -7.49272544494019e-01 -9.35377120222681e-03 -1.33593688360225e-02 -5.90779937854249e-02 4.80113093871459e-02 -5.45202003667212e-04 -1.83864170603112e-01 -1.00346056357045e-01 2.79904458867853e-01 4.49842352608593e-01 4.71896858986561e-01
 -2.04541629911912e-01 -3.12794915895848e-01 -1.38888796774900e+00 -1.35632828501798e+00 -1.10672196805696e+00 2.95509985025567e+00 -1.01208136688164e-01 -9.60299572341650e-01 2.56045947037914e+00 -8.99383311671220e-02 1.64793496870920e+00 7.47327314598170e-02 1.43536035960098e+00 -8.60938087504231e-02 1.94823011907942e+00 -3.48754195370421e+00 -5.73684508902347e+00 1.81622315356044e-01 -7.77800689907212e-01 -1.52446410456546e-01 -2.15875992497371e-01 1.65001228710792e-02 -6.42975699673204e-02 9.27951284419030e-01 -4.65311727770250e-01 -2.15876904072195e-01 1.64995075259700e-02 -7.95919996564967e-01 6.69297957549610e-01 -1.72877830757088e-02 4.98450018868079e-02 7.08404350476342e-02 1.58869109142998e-01 3.88236953596036e-03 -2.07261808639925e-03 2.37252539405194e-01 1.33579839006527e-01 1.34049963076060e-02 6.63813291432376e-01 4.05122647632666e-01 -2.29587110841923e-02 -3.20560001664363e-01 4.58973458849304e-02 1.76922260056186e-02 2.54652694539376e-01 1.45317875675394e-01 1.45342104081945e-01 1.37512928874687e-02 -9.44791170443025e-02 -3.17326106382820e-02 5.17822603183105e-02 1.29644014519549e-01 -1.52989926064590e-02 1.49054455062309e-01 1.33836316076780e-01 5.14065641455661e-02 1.29505967286822e-01 4.47886429483712e-02 1.70660820006302e-01 9.80977159270699e-02
 2.58873557552262e-01 2.85512351785185e-01 -1.14918294964994e+00 -1.32946736159358e+00 -1.48612080185637e+00 4.09485252006392e+00 -6.27523653846785e-02 -1.27333310107139e+00 3.54563791577581e+00 -3.23485660236773e-02 3.28240069303038e+00 1.06109684975139e-01 2.94365301156777e+00 -7.02643404653397e-02 3.94854979145526e+00 -5.73684508902347e+00 -1.12616181490425e+01 2.23193165607357e-01 -8.90444572182832e-01 -1.49593434430520e-01 1.65002646824355e-02 2.96363165115317e-01 -9.72560432414836e-02 7.60239945521902e-01 -2.70363287172231e-01 1.64993466591063e-02 2.96362438681889e-01 -5.46698855465923e-01 6.01346684169317e-01 4.86391376920978e-03 6.29210125376115e-02 9.07999465038158e-02 3.25465037715961e-01 1.97526041426070e-01 -3.45299335466852e-02 -7.65069422515173e-02 -1.00562191662027e-01 -2.92704093581508e-02 3.95431619116532e-01 1.80491176340536e-01 1.79930639467259e-02 -8.71443528400030e-02 7.25586442029265e-02 5.41823485418161e-02 1.14336475483974e-01 1.45342108728261e-01 1.08023816493172e-01 1.09105657486926e-02 -1.85825155489390e-01 -8.90580488073550e-02 1.29643894576530e-01 1.69164719710156e-01 1.69358498678181e-03 2.15681174043440e-02 -9.71953213628486e-02 1.29505951165448e-01 1.69317420737113e-01 -8.97413269768862e-02 -1.01982396219247e-02 -4.07754170202507e-02
 6.63233982710898e-01 9.36331184856856e-01 1.64284124475812e+00 9.02942067758924e-01 -2.87615587264504e+00 -3.71751192623746e+00 8.75457776927224e-02 -2.78483194616668e+00 -1.89049161093686e+00 4.56749397982037e-02 3.98270882174917e+00 -7.47763900780434e-02 -4.78954449510501e-01 -1.21937530226975e-01 -4.59253916885068e+00 1.81622315356044e-01 2.23193165607357e-01 -1.00306192891698e+01 4.76648695307915e-02 -7.44475663469692e-03 -6.43204795933181e-02 -9.72733128986667e-02 -8.20417774468965e-01 -2.09115174147218e-02 -9.84173287270867e-02 8.96311771295737e-01 7.49178968668749e-01 1.74638965144160e+00 -1.69204820831620e+00 4.68323957404944e-02 7.48731629919058e-03 9.17971551165632e-03 -5.71735817635599e-02 -9.55928459471378e-02 -1.12004660926643e-01 1.01094907575702e-01 9.82616448364027e-02 -4.51984803117995e-01 1.28921898711891e-01 1.57960937557972e-01 3.59516787050686e-01 -1.91507420710928e-01 -8.81737180342280e-02 2.41864171143142e-01 1.36075312083924e-01 -1.39226477881271e-02 -1.10307756736622e-02 1.61913886692876e-02 7.76075282204848e-03 2.00677308554201e-02 1.54125583141889e-02 -1.57018382558989e-03 -8.93837613408509e-02 -3.61889146539901e-02 -5.50829343877810e-02 -1.46040535308295e-01 -2.01944592331209e-02 1.91674091335937e-01 3.43022610077121e-01 2.71889257812475e-01
 -1.83571035365064e+00 -2.58585098885334e+00 -4.73038642754960e+00 -2.72678192797324e+00 -3.91614794669730e+00 6.38332731999222e+00 -2.59555899872034e-01 -2.07973966889678e+00 2.12032586065365e+00 -1.62301178260750e-01 3.51526239481518e+00 8.75145102485838e-02 1.62098366412483e+00 -2.08049299146573e-01 8.34834187890435e-01 -7.77800689907212e-01 -8.90444572182832e-01 4.76648695307915e-02 -1.02438816348600e+01 -5.76491355593814e-02 -8.66947123731196e-01 -6.14260365720452e-01 -7.47061183365011e-02 2.03346084921075e+00 -1.65895316137254e+00 -5.27322591595026e-01 -3.15002114959381e-01 -1.74252515532681e+00 5.32177854626916e-01 -3.05677518878493e-02 9.27339460983519e-02 1.26637241203742e-01 -1.82717465509339e-02 -4.22267321888217e-01 3.47041939398251e-02 6.02069155019579e-01 4.83038227808508e-01 9.25382900694960e-02 1.16935360835335e+00 1.11669978928161e+00 -1.35329556400798e-01 -1.18389601936079e+00 -2.09521954671984e-01 -7.55084875694244e-02 6.40727895214023e-01 9.44187256821954e-02 1.85782787039281e-01 7.51713199311480e-03 2.41219755794318e-02 2.26516632845990e-02 -4.15295798039717e-02 9.49797137857870e-02 -2.94957244474651e-02 2.03534501716728e-01 3.43794041481817e-01 -9.89427945057017e-02 8.80672443877932e-02 2.62542717998824e-01 4.05197389913953e-01 3.42783657933900e-01
 2.32496281431750e-02 3.61382381988490e-02 -4.82347297286036e-02 -9.97456719714459e-02 -2.71311666491801e-02 6.48119865954115e-02 -4.25094277589082e+00 -6.35799148934668e-02 1.46730130388137e-01 -3.50027865636568e+00 7.34782551052571e-02 6.00072456884856e+00 -1.65116802219254e-01 -2.24059952040636e+00 5.51802020178662e-02 -1.52446410456546e-01 -1.49593434430520e-01 -7.44475663469692e-03 -5.76491355593814e-02 -1.00546341256993e+01 5.70974383129649e-01 5.23205031525060e-01 -6.73577009212769e-02 -1.55319752617439e+00 1.78925485594985e-01 -1.72870335262697e-02 4.86445563413457e-03 -4.44296519828867e-02 3.39659359394271e-02 -8.86606225510948e-01 6.57648601472440e-02 8.81015303790741e-02 -1.03921078942545e-01 -3.99896685495335e-01 5.99336051991300e-02 5.91469294919775e-01 3.02881528624207e-01 1.36956123342445e-01 1.17612041596363e+00 3.99500362310680e-01 -1.78440032878840e-01 -7.70473814790685e-01 2.71286770145096e-01 -1.07638229892852e-01 7.49561309781488e-01 3.18374281235646e-02 8.91315793591914e-02 1.99694629790269e-02 2.24680082184726e-02 5.23601314111304e-02 -1.95962144056209e-01 2.98564994196399e-02 -5.88518371370211e-02 4.37577301605417e-01 6.53846520672497e-01 -9.81671351386573e-02 4.07000333890380e-02 2.32992518604789e-01 3.70389927086553e-01 1.72923401540981e-01
 -2.04541529009938e-01 -3.12794784078643e-01 -1.38888755367907e+00 -1.35632779132166e+00 -1.10677689071640e+00 -1.56517706066352e+00 2.50857584733002e+00 -9.60347039881193e-01 -1.35810006311958e+00 2.17244356501048e+00 -8.98557514208414e-01 1.95746054410968e+00 -1.38875930866243e+00 1.38416920190273e+00 3.17663803787779e-01 -2.15875992497371e-01 1.65002646824355e-02 -6.43204795933181e-02 -8.66947123731196e-01 5.70974383129649e-01 -3.48754157031867e+00 -5.73684444345668e+00 1.81645040982560e-01 2.56867351233186e-01 -7.49816424946294e-01 -2.15875971251517e-01 1.65002255389317e-02 -7.95932866624757e-01 -3.49603360366811e-01 5.70973014041991e-01 4.98449846311770e-02 7.08404170301409e-02 1.58869152368108e-01 3.88262425987624e-03 -2.08280404341350e-03 -2.93777786437977e-03 2.72256318307572e-01 1.33908562622164e-02 1.89434517481894e-02 7.77439839825515e-01 2.67913797170570e-02 -1.55945423284779e-02 -4.11558821978659e-01 -1.10202934798612e-02 -9.48787799337941e-03 5.14063120630436e-02 1.29505644953914e-01 -1.52817873338257e-02 4.20999010001270e-02 1.96846188819299e-01 1.45317827767191e-01 1.45342026172174e-01 1.40443242027747e-02 1.95518767454155e-02 -9.76874193608384e-02 5.17828798249452e-02 1.29644333009490e-01 4.41121382405410e-02 -6.32799547468719e-04 1.96001687234426e-01
 2.58873578067530e-01 2.85512386188297e-01 -1.14918238774411e+00 -1.32946683081811e+00 -1.48619573580362e+00 -2.10174212559226e+00 3.51485416321339e+00 -1.27339790287660e+00 -1.80080892974553e+00 3.05442470937470e+00 -1.70211197677248e+00 3.97049702196224e+00 -2.85298390679934e+00 2.80763820800340e+00 6.01741000612362e-01 1.65001228710792e-02 2.96363165115317e-01 -9.72733128986667e-02 -6.14260365720452e-01 5.23205031525060e-01 -5.73684444345668e+00 -1.12616168973834e+01 2.23218386871721e-01 3.15658942281861e-01 -8.45941952661656e-01 1.65003280096348e-02 2.96363283130283e-01 -5.46711756141135e-01 -2.96449242555328e-01 5.23204340044495e-01 6.29209388926106e-02 9.07998445522785e-02 3.25464797500763e-01 1.97526110375887e-01 -3.45338105384449e-02 -4.88323501142991e-02 -1.16538418192079e-01 -2.92801079670931e-02 -4.14027074444047e-02 4.32698266857361e-01 3.79223466422165e-02 6.03539714426450e-02 -1.48690573398949e-01 4.26802373874313e-02 -1.34131416149478e-02 1.29505783971155e-01 1.69317156396945e-01 1.42811118592254e-03 -9.46801129848294e-02 -2.92204658472667e-02 1.45342041712241e-01 1.08023728447682e-01 1.12457508901279e-02 1.55506297817382e-02 -2.05458101971174e-01 1.29644265602085e-01 1.69164803683570e-01 -9.00916979740558e-02 -3.00543534199897e-02 -2.99201269722771e-02
 6.63267403576292e-01 9.36378217991566e-01 1.64292785996852e+00 9.02994160802498e-01 -2.87601531637483e+00 1.93464799343468e+00 -3.17583911648675e+00 -2.78475535462682e+00 9.84844916402007e-01 -1.61446057862303e+00 -2.09681549734129e+00 -2.38532023863079e+00 2.98685231004499e+00 3.38796360858396e+00 -2.59170036250314e+00 -6.42975699673204e-02 -9.72560432414836e-02 -8.20417774468965e-01 -7.47061183365011e-02 -6.73577009212769e-02 1.81645040982560e-01 2.23218386871721e-01 -1.00306094449106e+01 -3.02769541963553e-02 3.75643817243977e-02 8.96321063525935e-01 7.49183832488623e-01 1.74645628942206e+00 8.86542313937446e-01 -1.44192836084138e+00 7.48624625424425e-03 9.17791210157119e-03 -5.71808200767701e-02 -9.55940618479691e-02 -1.12024116431959e-01 3.45434691926587e-02 1.36680835358533e-01 -4.52002349257605e-01 7.23303406648122e-02 1.90610013113134e-01 2.96700061480583e-02 -1.02956326800138e-01 -2.20962187171136e-01 4.32289783927060e-01 5.93725335726894e-02 1.51683056456913e-02 -1.55162627414490e-03 -9.01352662549276e-02 -2.91240749403960e-02 -5.80482049963648e-02 -1.38732010983329e-02 -1.11257011807268e-02 1.62040089341567e-02 1.35397450718647e-02 1.64919123912474e-02 -1.45562493091712e-01 -1.98716963972670e-02 1.91136745949578e-01 6.29532312758584e-02 4.31848138629882e-01
 9.37976940187198e-01 1.32420383896700e+00 2.32338830024214e+00 1.27698890857892e+00 1.93464707828176e+00 -1.50812127731227e+00 -4.49119456757104e+00 9.84841772910183e-01 -2.08842471406173e+00 -2.28312569367132e+00 -7.43442169537525e-01 1.70142802763770e+00 4.22393496572047e+00 -2.38531634071129e+00 2.61965920532731e+00 9.27951284419030e-01 7.60239945521902e-01 -2.09115174147218e-02 2.03346084921075e+00 -1.55319752617439e+00 2.56867351233186e-01 3.15658942281861e-01 -3.02769541963553e-02 -1.00520287628829e+01 5.31178892979741e-02 2.48673773101793e-01 1.61700551532886e-01 8.32749110883247e-01 -5.33413536382408e-01 -5.81202823027240e-01 1.05869423668816e-02 1.29796283788925e-02 -8.08567968076496e-02 -1.35181884696419e-01 3.45422212735534e-02 -8.75789998642451e-02 1.93282591839166e-01 7.23298161335127e-02 -4.00841586577896e-01 2.69555222151754e-01 -4.59712150510452e-03 3.59488253707064e-01 -3.12489384023915e-01 -1.02956754748910e-01 -4.78041267272359e-02 -1.49535385241121e-01 -2.19697089280004e-02 -3.56774926485386e-02 2.03978852267178e-01 4.38749245799977e-01 -1.96730734296436e-02 -1.56356507914510e-02 1.35030451323973e-02 2.57503297863236e-02 2.36014185040004e-02 -3.51135252248179e-02 -8.69166486289285e-03 6.95638943944020e-02 -7.75932870691706e-02 9.02155848479807e-02
 -1.57813972280932e+00 -2.22133329765419e+00 -4.12073498298119e+00 -2.41132592970958e+00 -3.40520407942395e+00 -4.81555928344142e+00 3.64036721316459e+00 -1.83297942673345e+00 -2.59215753129039e+00 7.08398157726204e-01 -2.66684912548634e+00 2.85393954377192e+00 1.65450609553602e+00 2.01809137626192e+00 9.42803049653752e-01 -4.65311727770250e-01 -2.70363287172231e-01 -9.84173287270867e-02 -1.65895316137254e+00 1.78925485594985e-01 -7.49816424946294e-01 -8.45941952661656e-01 3.75643817243977e-02 5.31178892979741e-02 -1.02464935127144e+01 -4.65311648602058e-01 -2.70363351894040e-01 -1.53128530155496e+00 -6.45735362202713e-01 1.78923340234599e-01 1.13192457869518e-01 1.53721946393376e-01 -6.77841667142452e-02 -5.65642465044526e-01 6.00030764125870e-02 8.48637195136465e-02 9.92548220194431e-01 1.48590642998096e-01 2.10139566143839e-01 1.96971251165331e+00 -3.66228602201788e-05 -3.37055378971773e-01 -1.65600647478068e+00 -2.38338182854382e-01 -2.41809261012807e-06 -1.34771991710126e-01 9.66182029767170e-02 -5.43594889814178e-02 3.45497909858862e-01 6.55950055002366e-01 9.76875537051403e-02 2.05458158807708e-01 1.67516855521020e-02 2.34174294082785e-02 5.07192215375617e-02 -1.33946043818086e-01 9.71832572180290e-02 3.42126275173311e-01 6.26452445605946e-02 6.54453773084459e-01
 -2.04541528850803e-01 -3.12794773285815e-01 -1.38888733576290e+00 -1.35632755660285e+00 3.15499990067375e+00 -5.84716198990439e-02 -1.01207849559338e-01 2.73412195806220e+00 -5.19595380122682e-02 -8.99380624177532e-02 5.73101198746870e-02 -5.62615663447455e-02 1.43535989322975e+00 9.91562142329684e-02 -2.55107918459235e+00 -2.15876904072195e-01 1.64993466591063e-02 8.96311771295737e-01 -5.27322591595026e-01 -1.72870335262697e-02 -2.15875971251517e-01 1.65003280096348e-02 8.96321063525935e-01 2.48673773101793e-01 -4.65311648602058e-01 -3.48754174250941e+00 -5.73684471814547e+00 -7.93860431831023e-01 -8.80015214257160e-02 -1.52452573682703e-01 4.98449965620339e-02 7.08404295010892e-02 1.58869094316400e-01 3.88248538665888e-03 2.24376620093575e-01 7.71168479913286e-02 1.33584208247755e-01 6.21386353733498e-01 2.33887232201515e-01 4.05126080140769e-01 -1.77883501627325e-01 -9.01746959649963e-02 4.59113977966805e-02 -3.08139914842954e-01 -1.83633579415460e-01 5.17826198343371e-02 1.29644214424110e-01 1.45630525437006e-01 9.82739205964751e-02 9.74535991989948e-02 5.14066267081240e-02 1.29505970227234e-01 1.45972442765078e-01 3.53969731761649e-02 1.34882836363693e-01 1.45317819857631e-01 1.45342018990531e-01 -9.36599455001025e-02 -1.82165451451696e-02 -3.19111968711775e-02
 2.58873578808872e-01 2.85512410257542e-01 -1.14918220059592e+00 -1.32946667370873e+00 4.35603519418438e+00 -3.62839929321086e-02 -6.27520666724824e-02 3.76730235679705e+00 -1.87228525953521e-02 -3.23483759422285e-02 7.14067521825334e-02 -3.08788154643030e-02 2.94365207515770e+00 1.23463252192326e-01 -5.13420817106894e+00 1.64995075259700e-02 2.96362438681889e-01 7.49178968668749e-01 -3.15002114959381e-01 4.86445563413457e-03 1.65002255389317e-02 2.96363283130283e-01 7.49183832488623e-01 1.61700551532886e-01 -2.70363351894040e-01 -5.73684471814547e+00 -1.12616174189422e+01 -9.13918984312936e-01 -8.63527269196600e-02 -1.49599851544631e-01 6.29209883867101e-02 9.07999123518197e-02 3.25464881847438e-01 1.97526004472655e-01 -6.06227993162655e-02 -5.80604136343679e-02 -1.00559546155626e-01 3.82575663362825e-01 1.04199938045653e-01 1.80493516886048e-01 -5.78567505571383e-02 2.20338953516135e-02 7.25645527891517e-02 -1.00225539265595e-01 -1.00237246440995e-01 1.29644222553070e-01 1.69164898142681e-01 1.97683565514386e-02 -8.85671640698310e-02 -4.09887010843617e-02 1.29506047739549e-01 1.69317485512140e-01 2.02974994156563e-02 8.69149633548646e-03 -9.66052687887990e-02 1.45342015406393e-01 1.08023709290270e-01 -1.78835623871252e-01 -5.12977827713887e-02 -8.92617570623758e-02
 -1.95180124354766e+00 -2.75007254509597e+00 -5.00746436618930e+00 -2.87181612758896e+00 7.75351996351321e+00 -1.58280226045757e-01 -2.73894323703986e-01 2.82303165679111e+00 -9.72130964953352e-02 -1.68244745171305e-01 8.85591263087292e-02 -1.10806272386885e-01 1.68792935080148e+00 1.53125943881900e-01 -3.05152441167570e+00 -7.95919996564967e-01 -5.46698855465923e-01 1.74638965144160e+00 -1.74252515532681e+00 -4.44296519828867e-02 -7.95932866624757e-01 -5.46711756141135e-01 1.74645628942206e+00 8.32749110883247e-01 -1.53128530155496e+00 -7.93860431831023e-01 -9.13918984312936e-01 -1.02501459647612e+01 -2.99454333928525e-02 -5.18701668307034e-02 8.49355675129019e-02 1.16336094208566e-01 1.82992539910512e-03 -3.66258295314067e-01 4.80063487857767e-01 2.44018954425454e-01 4.22662842592818e-01 9.19635765829799e-01 5.77445057269693e-01 1.00019107353708e+00 -5.43612170697978e-01 -4.93889293080829e-01 -1.68152855735904e-01 -9.41589788613246e-01 -2.79084052268273e-01 -4.42944012094103e-02 9.00712638721242e-02 1.91640184245434e-01 2.61684591921859e-01 2.31747295238010e-01 -4.46064459011658e-02 8.97622432173285e-02 1.91171295784543e-01 7.02124082106910e-02 3.43492912442851e-01 9.36601325739719e-02 1.78835765067071e-01 1.84397830278943e-02 8.54623562617615e-03 1.45323118690053e-02
 1.34471956786977e-02 2.08982315988272e-02 -2.77862909508726e-02 -5.75514079546272e-02 4.03523128748597e-02 -4.24634822018291e+00 -3.97327945276053e-03 9.20252583918392e-02 -3.48753523915847e+00 -1.10333270151317e-02 6.37845327845725e+00 -1.87545693352240e-01 8.87188320651675e-02 2.24625524920954e-02 5.50275921888156e-02 6.69297957549610e-01 6.01346684169317e-01 -1.69204820831620e+00 5.32177854626916e-01 3.39659359394271e-02 -3.49603360366811e-01 -2.96449242555328e-01 8.86542313937446e-01 -5.33413536382408e-01 -6.45735362202713e-01 -8.80015214257160e-02 -8.63527269196600e-02 -2.99454333928525e-02 -1.00243430126719e+01 -2.62278785187110e-02 3.79682549238948e-02 5.08638186595921e-02 -6.00012663715006e-02 -2.30877464456598e-01 3.10422101153658e-01 9.98648474151835e-03 2.53642265831015e-01 6.13834115279110e-01 -2.02281605502789e-01 5.21129855513394e-01 1.37299670187525e-02 -4.65144814050437e-04 -1.52956370729252e-01 -6.09877438859876e-01 -4.50584249539027e-01 -1.70051652927576e-01 1.07662595547817e-02 3.42691967947967e-01 4.04742900931305e-01 3.68782148778925e-01 3.19657773571052e-04 3.00885085751097e-02 6.37410507389034e-02 -7.79357523247954e-02 6.38952670620784e-02 1.83981385933694e-02 5.14251790414555e-02 8.30286475630912e-03 2.18810004068430e-02 2.63205924319183e-02
 2.32496375677382e-02 3.61383070898236e-02 -4.82351854220059e-02 -9.97473692178275e-02 7.01496010557861e-02 -3.97751890018091e-03 -4.25094093924467e+00 1.59535432080445e-01 -1.10373651505784e-02 -3.50027806242483e+00 2.24689455058320e-02 -1.12371479454931e-01 -1.65116046151706e-01 6.40440279658495e+00 -8.91051250993976e-02 -1.72877830757088e-02 4.86391376920978e-03 4.68323957404944e-02 -3.05677518878493e-02 -8.86606225510948e-01 5.70973014041991e-01 5.23204340044495e-01 -1.44192836084138e+00 -5.81202823027240e-01 1.78923340234599e-01 -1.52452573682703e-01 -1.49599851544631e-01 -5.18701668307034e-02 -2.62278785187110e-02 -1.00546441955803e+01 6.57648888824708e-02 8.81017778568078e-02 -1.03916864636555e-01 -3.99893299691009e-01 5.37661538783662e-01 2.53633964063319e-01 3.02895751391501e-01 1.06321148654163e+00 5.21125717203002e-01 3.99514284570681e-01 -6.09872177786134e-01 -3.58299102532148e-01 2.71314792663735e-01 -6.90564591321914e-01 -4.70845998999188e-01 -9.73841013232612e-02 4.10640435483092e-02 2.70787142405597e-01 3.41074090999526e-01 1.71614735596017e-01 -1.96886887704720e-01 2.92831775632752e-02 4.32685954446171e-01 9.13645253392285e-02 6.56560113685260e-01 3.18062673089145e-02 8.91881507200320e-02 1.46730849577511e-02 2.64744388559055e-02 5.23527673039636e-02
 2.08830392034510e-05 1.60290786062703e-03 3.18721692166765e-01 4.68680297546337e-02 1.58818429778723e-01 2.24597228928408e-01 3.89017465258774e-01 -1.53944856686321e-01 -2.17705149143145e-01 -3.77079905764749e-01 5.05381907045389e-02 1.23790678552327e-01 9.28439219998226e-02 8.75355452041648e-02 -1.78665315505580e-02 4.98450018868079e-02 6.29210125376115e-02 7.48731629919058e-03 9.27339460983519e-02 6.57648601472440e-02 4.98449846311770e-02 6.29209388926106e-02 7.48624625424425e-03 1.05869423668816e-02 1.13192457869518e-01 4.98449965620339e-02 6.29209883867101e-02 8.49355675129019e-02 3.79682549238948e-02 6.57648888824708e-02 -2.97061132033399e+03 -1.51757739734511e+03 8.66288573355311e+01 3.97374016674669e+01 -2.24212869982198e-02 -3.17076460067369e-02 -5.49197547036353e-02 -2.45085011264229e-02 -3.46593367501153e-02 -6.00322872750763e-02 3.46091961726230e-03 8.47732109520023e-03 6.35817934194865e-03 5.99453777139199e-03 -1.22350855843270e-03 -2.04541519322949e-01 2.58873594520621e-01 -6.60304391335652e-01 1.83674174968699e+00 -2.50414430890998e-02 -2.04541554271217e-01 2.58873569016331e-01 -6.66193459815133e-01 -9.35906179547563e-01 1.57813688676466e+00 -2.04541491953888e-01 2.58873588082699e-01 1.95179763085957e+00 -1.65513743972203e-02 -2.14556129580492e-02
