S:
 1.00000000000000e+00 9.33746665827803e-01 1.86830126295597e-01 7.97603841182616e-02 0.00000000000000e+00 0.00000000000000e+00 0.00000000000000e+00 0.00000000000000e+00 0.00000000000000e+00 0.00000000000000e+00 0.00000000000000e+00 0.00000000000000e+00 0.00000000000000e+00 0.00000000000000e+00 0.00000000000000e+00 5.32229425060442e-02 4.13705443690445e-02 -3.42240913210524e-02 9.68040808635939e-02 0.00000000000000e+00 5.32229342137296e-02 4.13705335327851e-02 -3.42258502816549e-02 -4.84013805409611e-02 8.38344373728032e-02 5.32229348108238e-02 4.13705341669265e-02 1.02675778711189e-01 -1.26515144349683e-06 0.00000000000000e+00 0.00000000000000e+00 4.84321056157151e-06 1.14814293543640e-02 2.93438272645295e-02 -4.60206582237562e-03 -6.50813156790990e-03 -1.12725203084768e-02 -1.98685973616799e-02 -2.80976958161686e-02 -4.86670933205045e-02 1.07590402469786e-02 2.63537081615288e-02 1.97654738889879e-02 1.86353791993747e-02 -3.80359298935684e-03 1.14623983787184e-02 3.11844942769426e-03 -1.24157695290578e-03 -1.36117333644352e-02 -9.85527904960113e-03 1.14623988704541e-02 3.11844964483079e-03 -1.21637648756271e-03 -1.74673913004293e-03 -1.67157615758435e-02 1.14623927198586e-02 3.11844683122925e-03 -1.24195381305939e-02 -5.68092968116685e-03 -9.87061624676541e-03
 9.33746665827803e-01 1.00000000000000e+00 3.60036793224751e-01 1.74953027506644e-01 0.00000000000000e+00 0.00000000000000e+00 0.00000000000000e+00 0.00000000000000e+00 0.00000000000000e+00 0.00000000000000e+00 0.00000000000000e+00 0.00000000000000e+00 0.00000000000000e+00 0.00000000000000e+00 0.00000000000000e+00 1.00274918468855e-01 7.95369362718780e-02 -6.21719174364352e-02 1.75855518513517e-01 0.00000000000000e+00 1.00274903141340e-01 7.95369160685469e-02 -6.21751134917884e-02 -8.79265615233679e-02 1.52294701648334e-01 1.00274904043178e-01 7.95369172060479e-02 1.86522120781574e-01 -2.29828719190573e-06 0.00000000000000e+00 4.84321056157151e-06 4.12826555263274e-05 2.31479572270021e-02 5.58883274852448e-02 -9.38633371128857e-03 -1.32739289645862e-02 -2.29913350713318e-02 -3.70665391663077e-02 -5.24186143602112e-02 -9.07925551281661e-02 2.03928801511874e-02 4.99512967228431e-02 3.74638378623650e-02 3.53218359106165e-02 -7.20939922297664e-03 2.20139321734573e-02 6.21566390299951e-03 -2.39408757464740e-03 -2.62470090851557e-02 -1.90035752163582e-02 2.20139331329147e-02 6.21566434764851e-03 -2.34549442557448e-03 -3.36817337334717e-03 -3.22323935437818e-02 2.20139213737084e-02 6.21565876619060e-03 -2.39481427501704e-02 -1.09543296692608e-02 -1.90331495677847e-02
 1.86830126295597e-01 3.60036793224751e-01 1.00000000000000e+00 8.73147870969765e-01 0.00000000000000e+00 0.00000000000000e+00 0.00000000000000e+00 0.00000000000000e+00 0.00000000000000e+00 0.00000000000000e+00 0.00000000000000e+00 0.00000000000000e+00 0.00000000000000e+00 0.00000000000000e+00 0.00000000000000e+00 5.33687003470487e-01 4.46105563038285e-01 -1.99943312467733e-01 5.65546898194351e-01 0.00000000000000e+00 5.33686950002686e-01 4.46105496843703e-01 -1.99953611830095e-01 -2.82769625208492e-01 4.89775958181237e-01 5.33686952263875e-01 4.46105500067544e-01 5.99850478448531e-01 -7.39037241312048e-06 0.00000000000000e+00 1.14814293543640e-02 2.31479572270021e-02 2.11532065284880e-01 3.45179672282735e-01 -6.87525017111552e-02 -9.72281459723898e-02 -1.68405668794686e-01 -1.71999687819270e-01 -2.43237851029349e-01 -4.21304268163239e-01 7.16621808046305e-02 1.75532777050976e-01 1.31650866331120e-01 1.24123703361903e-01 -2.53343945287228e-02 1.65452943325683e-01 7.25400672065661e-02 -1.66118017263202e-02 -1.82119525614262e-01 -1.31859675842389e-01 1.65452949580912e-01 7.25400717193416e-02 -1.62746289627307e-02 -2.33706678094453e-02 -2.23650173757830e-01 1.65452872798132e-01 7.25400187519821e-02 -1.66168463381108e-01 -7.60085722808904e-02 -1.32064905864847e-01
 7.97603841182616e-02 1.74953027506644e-01 8.73147870969765e-01 1.00000000000000e+00 0.00000000000000e+00 0.00000000000000e+00 0.00000000000000e+00 0.00000000000000e+00 0.00000000000000e+00 0.00000000000000e+00 0.00000000000000e+00 0.00000000000000e+00 0.00000000000000e+00 0.00000000000000e+00 0.00000000000000e+00 7.20096680286451e-01 5.55223313761720e-01 -1.67079648813033e-01 4.72590834988017e-01 0.00000000000000e+00 7.20096632224633e-01 5.55223263487621e-01 -1.67088264839645e-01 -2.36292233935523e-01 4.09273999239314e-01 7.20096635304911e-01 5.55223266426363e-01 5.01256135006544e-01 -6.17539097082566e-06 0.00000000000000e+00 2.93438272645295e-02 5.58883274852448e-02 3.45179672282735e-01 5.25149010512457e-01 -7.24071363579356e-02 -1.02396442515798e-01 -1.77357504933815e-01 -1.91357331239333e-01 -2.70612967935066e-01 -4.68719807175663e-01 4.64869161935229e-02 1.13867278980591e-01 8.54012920386014e-02 8.05184570998920e-02 -1.64343011806023e-02 3.13405517458607e-01 1.69684675800728e-01 -2.40355200929616e-02 -2.63507683984876e-01 -1.90786999180523e-01 3.13405525450368e-01 1.69684682586565e-01 -2.35476661492976e-02 -3.38148828023444e-02 -3.23598131776656e-01 3.13405415521163e-01 1.69684597777697e-01 -2.40428227116556e-01 -1.09976381280596e-01 -1.91083979208080e-01
 0.00000000000000e+00 0.00000000000000e+00 0.00000000000000e+00 0.00000000000000e+00 1.00000000000000e+00 0.00000000000000e+00 0.00000000000000e+00 6.58338631143568e-01 0.00000000000000e+00 0.00000000000000e+00 0.00000000000000e+00 0.00000000000000e+00 0.00000000000000e+00 0.00000000000000e+00 0.00000000000000e+00 9.20397601808950e-02 1.21374917695573e-01 2.75167509913730e-01 1.61746224419845e-01 0.00000000000000e+00 9.20444975672108e-02 1.21381158231257e-01 2.75161560822156e-01 -8.08761896428367e-02 1.40082983231974e-01 -2.76128726936493e-01 -3.64137190410515e-01 -1.82337582085243e-01 6.34162543000985e-06 0.00000000000000e+00 4.60206582237562e-03 9.38633371128857e-03 6.87525017111552e-02 7.24071363579356e-02 3.66406772636513e-02 -4.49829144412059e-02 -7.79134242027955e-02 1.38333198297166e-01 -5.91319761549326e-02 -1.02420547720232e-01 -4.51460644103025e-02 9.59994394076210e-02 1.06432177066090e-01 -7.81960110736163e-02 -7.34932542284508e-02 7.36088320527465e-03 4.72097818971487e-03 5.00323056421537e-02 -1.26971739076081e-02 -9.19311229335306e-03 7.21147860351724e-03 4.62515590626626e-03 5.00788463531346e-02 -1.59630571658040e-03 -1.52761590296339e-02 7.36311877164415e-02 4.72241080077993e-02 -6.46956412170864e-02 -5.30084619394381e-02 -9.21022109854725e-02
 0.00000000000000e+00 0.00000000000000e+00 0.00000000000000e+00 0.00000000000000e+00 0.00000000000000e+00 1.00000000000000e+00 0.00000000000000e+00 0.00000000000000e+00 6.58338631143568e-01 0.00000000000000e+00 0.00000000000000e+00 0.00000000000000e+00 0.00000000000000e+00 0.00000000000000e+00 0.00000000000000e+00 -2.60337791192728e-01 -3.43313345047025e-01 1.61746221571010e-01 -1.25153813307936e-01 0.00000000000000e+00 1.30167131943937e-01 1.71654337363418e-01 -8.08761896408622e-02 2.17977999704371e-01 1.98102011402420e-01 3.40191103551464e-06 4.48689340237586e-06 6.34195026575423e-06 3.32351181076990e-01 0.00000000000000e+00 6.50813156790990e-03 1.32739289645862e-02 9.72281459723898e-02 1.02396442515798e-01 -4.49829144412059e-02 4.83548044161483e-03 -1.10183303468917e-01 -5.91319758188687e-02 9.65238987917383e-02 -1.44840691475450e-01 -4.21301058863991e-03 -1.03195494223290e-02 1.50513842597828e-01 9.59994392497783e-02 6.47442787909379e-02 8.06992859365062e-02 5.17573178829005e-02 -1.26971738685533e-02 -8.80119768423167e-02 -1.00786494429965e-01 1.03558153526839e-02 6.64180902732376e-03 -1.59630566490657e-03 4.88981413013546e-02 -2.19368450551048e-02 3.36802860847749e-02 2.16011926366858e-02 -5.30084610598902e-02 2.69433638317277e-02 -4.21292781545088e-02
 0.00000000000000e+00 0.00000000000000e+00 0.00000000000000e+00 0.00000000000000e+00 0.00000000000000e+00 0.00000000000000e+00 1.00000000000000e+00 0.00000000000000e+00 0.00000000000000e+00 6.58338631143568e-01 0.00000000000000e+00 0.00000000000000e+00 0.00000000000000e+00 0.00000000000000e+00 0.00000000000000e+00 0.00000000000000e+00 0.00000000000000e+00 0.00000000000000e+00 0.00000000000000e+00 3.32351231576787e-01 -2.25458202330563e-01 -2.97316824129805e-01 1.40082982247511e-01 1.98102010449450e-01 -1.07747931727969e-02 0.00000000000000e+00 0.00000000000000e+00 0.00000000000000e+00 0.00000000000000e+00 3.32351180485435e-01 1.12725203084768e-02 2.29913350713318e-02 1.68405668794686e-01 1.77357504933815e-01 -7.79134242027955e-02 -1.10183303468917e-01 -1.22395627466779e-01 -1.02420547588462e-01 -1.44840691937717e-01 -7.07268650260502e-02 9.59994389774003e-02 1.50807279976481e-01 7.68267088605397e-03 1.06639674317081e-01 -3.39382312070325e-02 5.84285598844758e-02 3.74737585077368e-02 -9.19311216083938e-03 -1.00786493624509e-01 -2.17818025234400e-02 9.91019997052643e-02 6.35600894993035e-02 -1.52761579484029e-02 -2.19368449521628e-02 -1.58738460874887e-01 5.85195028488565e-02 3.75320758698644e-02 -9.21022105688708e-02 -4.21292786228269e-02 -2.20091999975046e-02
 0.00000000000000e+00 0.00000000000000e+00 0.00000000000000e+00 0.00000000000000e+00 6.58338631143568e-01 0.00000000000000e+00 0.00000000000000e+00 1.00000000000000e+00 0.00000000000000e+00 0.00000000000000e+00 0.00000000000000e+00 0.00000000000000e+00 0.00000000000000e+00 0.00000000000000e+00 0.00000000000000e+00 1.82001937406437e-01 1.93129376025147e-01 5.62436594120858e-01 1.55801923491033e-01 0.00000000000000e+00 1.82011326216997e-01 1.93139328964715e-01 5.62430856427719e-01 -7.79039334581578e-02 1.34934836287237e-01 -5.46024532056963e-01 -5.79407980535715e-01 1.21745130387506e-01 6.10828867995862e-06 0.00000000000000e+00 1.98685973616799e-02 3.70665391663077e-02 1.71999687819270e-01 1.91357331239333e-01 1.38333198297166e-01 -5.91319758188687e-02 -1.02420547588462e-01 4.44253880865458e-01 -9.59935766704063e-02 -1.66267312325522e-01 -8.09245903892403e-02 7.14922721790052e-02 9.85738250797649e-02 -1.40166818493605e-01 -8.81811599191193e-02 3.13053358031085e-02 2.37735712746443e-02 2.14645540433993e-01 -3.17417025674215e-02 -2.29818886054979e-02 3.06699286797404e-02 2.32910358838848e-02 2.14761888396140e-01 -3.99060943696246e-03 -3.81889167099290e-02 3.13148530865071e-01 2.37807955955431e-01 -7.21633010659169e-02 -1.32516061084325e-01 -2.30246675914076e-01
 0.00000000000000e+00 0.00000000000000e+00 0.00000000000000e+00 0.00000000000000e+00 0.00000000000000e+00 6.58338631143568e-01 0.00000000000000e+00 0.00000000000000e+00 1.00000000000000e+00 0.00000000000000e+00 0.00000000000000e+00 0.00000000000000e+00 0.00000000000000e+00 0.00000000000000e+00 0.00000000000000e+00 -5.14799061649585e-01 -5.46273427019693e-01 1.55801921907651e-01 1.76827399000160e-01 0.00000000000000e+00 2.57396062335144e-01 2.73133029305413e-01 -7.79039334647183e-02 5.07348831782529e-01 1.90821622484112e-01 6.72495739203145e-06 7.13805134309974e-06 6.10780685140231e-06 6.17518721669340e-01 0.00000000000000e+00 2.80976958161686e-02 5.24186143602112e-02 2.43237851029349e-01 2.70612967935066e-01 -5.91319761549326e-02 9.65238987917383e-02 -1.44840691937717e-01 -9.59935766704063e-02 3.76381559170002e-01 -2.35131260856840e-01 -3.65870876303467e-02 -8.96181639084765e-02 1.39400748389118e-01 7.14922718056357e-02 9.55196847399698e-02 3.43208603253608e-01 2.60635888859844e-01 -3.17417048975399e-02 -1.30451792740569e-01 -2.51956472483495e-01 4.40425817654331e-02 3.34463572281926e-02 -3.99060944018255e-03 2.11810240548080e-01 -5.48399867060694e-02 1.43240010440878e-01 1.08777818965299e-01 -1.32516059341907e-01 1.56925405419548e-01 -1.05319147044010e-01
 0.00000000000000e+00 0.00000000000000e+00 0.00000000000000e+00 0.00000000000000e+00 0.00000000000000e+00 0.00000000000000e+00 6.58338631143568e-01 0.00000000000000e+00 0.00000000000000e+00 1.00000000000000e+00 0.00000000000000e+00 0.00000000000000e+00 0.00000000000000e+00 0.00000000000000e+00 0.00000000000000e+00 0.00000000000000e+00 0.00000000000000e+00 0.00000000000000e+00 0.00000000000000e+00 6.17518774290315e-01 -4.45827249442612e-01 -4.73084724970131e-01 1.34934836106119e-01 1.90821621552334e-01 2.87002869328566e-01 0.00000000000000e+00 0.00000000000000e+00 0.00000000000000e+00 0.00000000000000e+00 6.17518722260928e-01 4.86670933205045e-02 9.07925551281661e-02 4.21304268163239e-01 4.68719807175664e-01 -1.02420547720232e-01 -1.44840691475450e-01 -7.07268650260502e-02 -1.66267312325522e-01 -2.35131260856840e-01 1.04870268359034e-01 7.14922710457732e-02 6.50049042076594e-02 -8.88867159531118e-02 4.59666255499793e-02 -2.52743263230856e-02 2.48492713143456e-01 1.88707737981917e-01 -2.29818902424646e-02 -2.51956471315713e-01 3.51172268750838e-02 4.21474092318596e-01 3.20071451635416e-01 -3.81889164117912e-02 -5.48399860687943e-02 -3.07261138009872e-01 2.48879543925694e-01 1.89001479165741e-01 -2.30246676209019e-01 -1.05319148402134e-01 3.45486994473342e-02
 0.00000000000000e+00 0.00000000000000e+00 0.00000000000000e+00 0.00000000000000e+00 0.00000000000000e+00 0.00000000000000e+00 0.00000000000000e+00 0.00000000000000e+00 0.00000000000000e+00 0.00000000000000e+00 1.00000000000000e+00 0.00000000000000e+00 0.00000000000000e+00 0.00000000000000e+00 0.00000000000000e+00 -1.05188252002345e-01 -1.84730352024955e-01 -3.07346508892240e-01 -6.66698368605793e-02 0.00000000000000e+00 5.25961274496341e-02 9.23686870878687e-02 1.53667514027343e-01 8.36161938380014e-02 8.67673720388756e-02 -4.12362416659347e-06 -7.24360384380633e-06 -3.39140843375828e-06 -4.01125752216805e-01 0.00000000000000e+00 1.07590402469786e-02 2.03928801511874e-02 7.16621808046305e-02 4.64869161935229e-02 4.51460644103025e-02 4.21301058863991e-03 -9.59994389774003e-02 8.09245903892403e-02 3.65870876303467e-02 -7.14922710457732e-02 1.71276018728677e-02 -7.70667078011273e-03 1.48768114593159e-01 -8.25836764019060e-02 -1.46329076689813e-02 1.05586336004623e-02 1.03905200560672e-02 8.37745791844297e-02 -1.51273413254784e-02 -1.66235124296974e-02 1.32744534368830e-03 1.30630986896114e-03 1.07612543799346e-02 7.30302355673577e-03 -3.54477714201662e-03 4.40804381096849e-02 4.33785825816714e-02 -5.16198263744096e-02 3.83431719292009e-02 -6.95082873281075e-02
 0.00000000000000e+00 0.00000000000000e+00 0.00000000000000e+00 0.00000000000000e+00 0.00000000000000e+00 0.00000000000000e+00 0.00000000000000e+00 0.00000000000000e+00 0.00000000000000e+00 0.00000000000000e+00 0.00000000000000e+00 1.00000000000000e+00 0.00000000000000e+00 0.00000000000000e+00 0.00000000000000e+00 0.00000000000000e+00 0.00000000000000e+00 0.00000000000000e+00 0.00000000000000e+00 -3.78186631155666e-01 -1.28831477383610e-01 -2.26252289962801e-01 8.67673747045240e-02 -2.04813510750007e-01 -2.34414110657454e-02 0.00000000000000e+00 0.00000000000000e+00 0.00000000000000e+00 0.00000000000000e+00 4.94315204035785e-06 2.63537081615288e-02 4.99512967228431e-02 1.75532777050976e-01 1.13867278980591e-01 -9.59994394076209e-02 1.03195494223290e-02 -1.50807279976481e-01 -7.14922721790052e-02 8.96181639084765e-02 -6.50049042076594e-02 -7.70667078011273e-03 1.39680226002997e-03 9.71852517044912e-02 1.12623347153582e-01 1.18433814530550e-01 8.38113800366168e-02 8.24769405951675e-02 -1.66235122823813e-02 -1.20076461722205e-01 -4.60838065860554e-02 1.82420993650016e-02 1.79516503690740e-02 -3.54477763901299e-03 1.00360039187672e-01 -3.76940475766357e-02 3.50335964316899e-02 3.44757864814833e-02 -6.95082874147356e-02 3.04738170027510e-02 -1.94049492274942e-02
 0.00000000000000e+00 0.00000000000000e+00 0.00000000000000e+00 0.00000000000000e+00 0.00000000000000e+00 0.00000000000000e+00 0.00000000000000e+00 0.00000000000000e+00 0.00000000000000e+00 0.00000000000000e+00 0.00000000000000e+00 0.00000000000000e+00 1.00000000000000e+00 0.00000000000000e+00 0.00000000000000e+00 -9.66244744962816e-02 -1.69690751935724e-01 -1.21212902681503e-02 3.42855033571686e-02 0.00000000000000e+00 9.66245516195158e-02 1.69690874099461e-01 -1.42274184643038e-01 -2.01200755345833e-01 -2.18784373643972e-01 -9.66244775113178e-02 -1.69690746559901e-01 3.63650800707957e-02 -4.46993253765365e-07 0.00000000000000e+00 1.97654738889879e-02 3.74638378623650e-02 1.31650866331120e-01 8.54012920386014e-02 -1.06432177066090e-01 -1.50513842597828e-01 -7.68267088605398e-03 -9.85738250797649e-02 -1.39400748389118e-01 8.88867159531118e-02 1.48768114593159e-01 9.71852517044912e-02 -1.51786969397702e-01 6.87221707774889e-02 -5.25932937141271e-02 1.34045002856004e-03 1.31910699058343e-03 -4.78791794929994e-03 -5.24911982068527e-02 6.96790063958234e-02 9.99716758820375e-02 9.83799352918032e-02 -2.38566091665084e-02 -3.42585298344534e-02 -1.45198243187831e-01 1.50421180036596e-03 1.48026153065673e-03 -4.82186295726685e-02 -2.20561050180976e-02 6.95292196694863e-02
 0.00000000000000e+00 0.00000000000000e+00 0.00000000000000e+00 0.00000000000000e+00 0.00000000000000e+00 0.00000000000000e+00 0.00000000000000e+00 0.00000000000000e+00 0.00000000000000e+00 0.00000000000000e+00 0.00000000000000e+00 0.00000000000000e+00 0.00000000000000e+00 1.00000000000000e+00 0.00000000000000e+00 0.00000000000000e+00 0.00000000000000e+00 0.00000000000000e+00 0.00000000000000e+00 1.33704011419606e-01 -9.11000213217990e-02 -1.59988762785545e-01 -2.66162439293287e-01 8.67673748348563e-02 -1.65760202209735e-02 0.00000000000000e+00 0.00000000000000e+00 0.00000000000000e+00 0.00000000000000e+00 -4.01125751785561e-01 1.86353791993747e-02 3.53218359106165e-02 1.24123703361903e-01 8.05184570998920e-02 7.81960110736163e-02 -9.59994392497783e-02 -1.06639674317081e-01 1.40166818493605e-01 -7.14922718056357e-02 -4.59666255499793e-02 -8.25836764019060e-02 1.12623347153582e-01 6.87221707774889e-02 -7.82336037987786e-02 -1.34437924408535e-01 7.64474862801305e-03 7.52302940448162e-03 6.06551589909690e-02 -1.66235119410176e-02 -4.20347584908249e-03 1.27032490548524e-02 1.25009885804071e-02 1.02981928247069e-01 -3.54477760411672e-03 -2.62490002819111e-02 7.65897681811098e-02 7.53702946573603e-02 -8.96894575097773e-02 -6.95082878273404e-02 -4.24227234330757e-02
 0.00000000000000e+00 0.00000000000000e+00 0.00000000000000e+00 0.00000000000000e+00 0.00000000000000e+00 0.00000000000000e+00 0.00000000000000e+00 0.00000000000000e+00 0.00000000000000e+00 0.00000000000000e+00 0.00000000000000e+00 0.00000000000000e+00 0.00000000000000e+00 0.00000000000000e+00 1.00000000000000e+00 -1.30170273704959e-01 -2.28603478977838e-01 2.21368534520721e-01 1.30224354734637e-01 0.00000000000000e+00 -1.85940624287419e-02 -3.26546697293803e-02 1.46233904981663e-01 -1.71381008456987e-01 -3.06744632154405e-02 1.67358503059596e-01 2.93912993165120e-01 -6.29861684011962e-02 -9.10760134734958e-06 0.00000000000000e+00 -3.80359298935684e-03 -7.20939922297664e-03 -2.53343945287228e-02 -1.64343011806023e-02 7.34932542284508e-02 -6.47442787909379e-02 3.39382312070325e-02 8.81811599191193e-02 -9.55196847399698e-02 2.52743263230856e-02 -1.46329076689814e-02 1.18433814530550e-01 -5.25932937141271e-02 -1.34437924408535e-01 -1.90906952454659e-02 -5.73969856331389e-02 -5.64831144314438e-02 1.92167822665782e-02 3.89409664011291e-02 9.03658113283012e-02 -4.90922059218584e-04 -4.83105258629369e-04 7.76883614107664e-03 -1.08822127967209e-02 1.31094479556594e-03 3.81022894898683e-02 3.74956190479346e-02 2.75122047819373e-03 -7.04171726358774e-02 -6.00816376560375e-02
 5.32229425060442e-02 1.00274918468855e-01 5.33687003470487e-01 7.20096680286451e-01 9.20397601808950e-02 -2.60337791192728e-01 0.00000000000000e+00 1.82001937406437e-01 -5.14799061649585e-01 0.00000000000000e+00 -1.05188252002345e-01 0.00000000000000e+00 -9.66244744962816e-02 0.00000000000000e+00 -1.30170273704959e-01 1.00000000000000e+00 9.04138336591563e-01 0.00000000000000e+00 0.00000000000000e+00 0.00000000000000e+00 4.56046094872882e-01 2.80152287242392e-01 -4.19243598210218e-06 -3.44390814410865e-01 1.98834213904239e-01 4.56046010134739e-01 2.80152214010925e-01 3.24691952202655e-01 -2.29597840014015e-01 0.00000000000000e+00 1.14623998218801e-02 2.20139349174520e-02 1.65452960348876e-01 3.13405541800602e-01 -7.28656771440936e-03 -8.06731057395289e-02 -5.84740268495897e-02 -3.09892783921197e-02 -3.43097244348665e-01 -2.48686068978247e-01 1.04486422043153e-02 8.38493781559420e-02 1.42225921432431e-03 7.57345542266823e-03 -5.73691064516701e-02 1.51071118021965e-01 6.28881421322793e-02 8.96231979469856e-03 -1.23980615218630e-01 -5.67655762006396e-02 2.51870713817131e-01 1.23948222215606e-01 1.89712117560469e-02 -1.15898660480074e-01 -2.00557738917544e-01 2.52178732763596e-01 1.24152274889348e-01 -1.15651486781195e-01 -1.63392186907050e-01 -1.18639937179883e-01
 4.13705443690445e-02 7.95369362718780e-02 4.46105563038285e-01 5.55223313761720e-01 1.21374917695573e-01 -3.43313345047025e-01 0.00000000000000e+00 1.93129376025147e-01 -5.46273427019693e-01 0.00000000000000e+00 -1.84730352024955e-01 0.00000000000000e+00 -1.69690751935724e-01 0.00000000000000e+00 -2.28603478977838e-01 9.04138336591563e-01 1.00000000000000e+00 0.00000000000000e+00 0.00000000000000e+00 0.00000000000000e+00 2.80152287242392e-01 1.63283954816932e-01 -3.73758177414093e-06 -3.07044995724432e-01 1.77272586531055e-01 2.80152214010925e-01 1.63283890490638e-01 2.89482253183961e-01 -2.04700177425419e-01 0.00000000000000e+00 3.11845006326610e-03 6.21566516147116e-03 7.25400788686639e-02 1.69684694933507e-01 -4.67331558293112e-03 -5.17405302774430e-02 -3.75029215417817e-02 -2.35335546721676e-02 -2.60551329290201e-01 -1.88854579530992e-01 1.02822802537737e-02 8.25143384472458e-02 1.39961403679146e-03 7.45287187218027e-03 -5.64556820349260e-02 6.28881421322793e-02 1.73887892734803e-02 4.46595705767576e-03 -6.17799947058601e-02 -2.82864945289043e-02 1.23948222215606e-01 4.80264995142760e-02 1.23090215718466e-02 -7.51981039843342e-02 -1.30127144279525e-01 1.24152274889348e-01 4.81449394589348e-02 -7.50856536687323e-02 -1.06080859732108e-01 -7.70258774517371e-02
 -3.42240913210524e-02 -6.21719174364352e-02 -1.99943312467733e-01 -1.67079648813033e-01 2.75167509913730e-01 1.61746221571010e-01 0.00000000000000e+00 5.62436594120858e-01 1.55801921907651e-01 0.00000000000000e+00 -3.07346508892240e-01 0.00000000000000e+00 -1.21212902681503e-02 0.00000000000000e+00 2.21368534520721e-01 0.00000000000000e+00 0.00000000000000e+00 1.00000000000000e+00 0.00000000000000e+00 0.00000000000000e+00 4.19243598210218e-06 3.73758177414652e-06 2.68138563899686e-01 -5.42021926815631e-06 3.12931689724615e-06 -3.24691952202655e-01 -2.89482253183961e-01 -1.27626183543294e-01 2.79855144316221e-01 0.00000000000000e+00 1.22904218420774e-03 2.36991722215805e-03 1.64440901459036e-02 2.37928578893265e-02 5.00555815829036e-02 -1.25649054289675e-02 -9.10737982646860e-03 2.14703729911313e-01 -3.14110436739989e-02 -2.27675656588280e-02 -8.37894645366905e-02 1.64631412113191e-02 4.75564185051007e-03 -6.07328473746784e-02 -1.90172961888358e-02 -8.96231979469856e-03 -4.46595705767576e-03 4.08531924267962e-02 1.20606481659290e-02 5.52207005671634e-03 -1.89712117560469e-02 -1.23090215718466e-02 9.61978716694906e-02 1.47438429777965e-02 2.55135974938105e-02 1.15651486781195e-01 7.50856536687323e-02 9.23022769897459e-03 -1.26564347083838e-01 -9.18990467004393e-02
 9.68040808635939e-02 1.75855518513517e-01 5.65546898194351e-01 4.72590834988017e-01 1.61746224419845e-01 -1.25153813307936e-01 0.00000000000000e+00 1.55801923491033e-01 1.76827399000160e-01 0.00000000000000e+00 -6.66698368605793e-02 0.00000000000000e+00 3.42855033571686e-02 0.00000000000000e+00 1.30224354734637e-01 0.00000000000000e+00 0.00000000000000e+00 0.00000000000000e+00 1.00000000000000e+00 0.00000000000000e+00 3.44390814410865e-01 3.07044995724432e-01 -5.42021926819001e-06 -1.77104339770215e-01 2.57061220272341e-01 2.29597840014015e-01 2.04700177425419e-01 2.79855144316221e-01 7.02458740380168e-02 0.00000000000000e+00 1.36073183900615e-02 2.62384958233841e-02 1.82060445673649e-01 2.63422190353451e-01 -1.25649049425973e-02 -8.79216517081876e-02 -1.00832191324208e-01 -3.14110429816593e-02 -1.30225965184368e-01 -2.52070693890619e-01 1.49598669262639e-02 1.20051538287871e-01 5.26520084306990e-02 1.64631411089584e-02 -3.88677132227305e-02 1.23980615218630e-01 6.17799947058601e-02 1.20606481659290e-02 -1.25116432482581e-01 -7.63897800715224e-02 1.15898660480074e-01 7.51981039843342e-02 1.47438429777965e-02 8.53838297148780e-03 -1.55867313776113e-01 1.63392186907050e-01 1.06080859732108e-01 -1.26564347083838e-01 -7.99954460370504e-02 -1.29834787198597e-01
 0.00000000000000e+00 0.00000000000000e+00 0.00000000000000e+00 0.00000000000000e+00 0.00000000000000e+00 0.00000000000000e+00 3.32351231576787e-01 0.00000000000000e+00 0.00000000000000e+00 6.17518774290315e-01 0.00000000000000e+00 -3.78186631155666e-01 0.00000000000000e+00 1.33704011419606e-01 0.00000000000000e+00 0.00000000000000e+00 0.00000000000000e+00 0.00000000000000e+00 0.00000000000000e+00 1.00000000000000e+00 -1.98834213904239e-01 -1.77272586531055e-01 3.12931689723941e-06 2.57061220272341e-01 1.19724136658825e-01 0.00000000000000e+00 0.00000000000000e+00 0.00000000000000e+00 0.00000000000000e+00 2.68138479848077e-01 9.86294868184269e-03 1.90183642721378e-02 1.31962285520197e-01 1.90935456194018e-01 -9.10737948837022e-03 -1.00832191502894e-01 -2.18954006360912e-02 -2.27675648951821e-02 -2.52070693536093e-01 3.48332557389203e-02 1.64631408187365e-02 4.62741992845333e-02 -6.96043295539108e-02 4.17958473075973e-03 -9.03921941954805e-02 5.67655762006396e-02 2.82864945289043e-02 5.52207005671634e-03 -7.63897800715224e-02 6.74932480437237e-03 2.00557738917544e-01 1.30127144279525e-01 2.55135974938105e-02 -1.55867313776113e-01 -1.71110544952430e-01 1.18639937179883e-01 7.70258774517371e-02 -9.18990467004393e-02 -1.29834787198597e-01 4.54067624440153e-03
 5.32229342137296e-02 1.00274903141340e-01 5.33686950002686e-01 7.20096632224633e-01 9.20444975672108e-02 1.30167131943937e-01 -2.25458202330563e-01 1.82011326216997e-01 2.57396062335144e-01 -4.45827249442612e-01 5.25961274496341e-02 -1.28831477383610e-01 9.66245516195158e-02 -9.11000213217990e-02 -1.85940624287419e-02 4.56046094872882e-01 2.80152287242392e-01 4.19243598210218e-06 3.44390814410865e-01 -1.98834213904239e-01 1.00000000000000e+00 9.04138336591563e-01 0.00000000000000e+00 0.00000000000000e+00 0.00000000000000e+00 4.56046048047965e-01 2.80152247150731e-01 3.24696187259578e-01 1.14792890733829e-01 -1.98834183235322e-01 1.14623905514350e-02 2.20139172400445e-02 1.65452846797568e-01 3.13405378152021e-01 -7.28570453550000e-03 -1.03032689456984e-02 -9.91019867818906e-02 -3.09856184790350e-02 -4.38191172758273e-02 -4.21474176711464e-01 1.33430471224871e-03 1.81495471399373e-02 9.99717670234085e-02 1.28340084370631e-02 -4.71709877977020e-04 2.52178691847113e-01 1.24152247653824e-01 1.87038425709520e-02 -1.16051685820772e-01 -2.00822965155828e-01 1.51071063928826e-01 6.28881126949987e-02 9.10830085825218e-03 1.27277083815333e-02 -1.35752999336505e-01 2.51870465782464e-01 1.23948058188246e-01 -1.15443921847840e-01 -2.06906147717744e-02 -2.00649709502653e-01
 4.13705335327851e-02 7.95369160685469e-02 4.46105496843703e-01 5.55223263487621e-01 1.21381158231257e-01 1.71654337363418e-01 -2.97316824129805e-01 1.93139328964715e-01 2.73133029305413e-01 -4.73084724970131e-01 9.23686870878687e-02 -2.26252289962801e-01 1.69690874099461e-01 -1.59988762785545e-01 -3.26546697293803e-02 2.80152287242392e-01 1.63283954816932e-01 3.73758177414652e-06 3.07044995724432e-01 -1.77272586531055e-01 9.04138336591563e-01 1.00000000000000e+00 0.00000000000000e+00 0.00000000000000e+00 0.00000000000000e+00 2.80152247150731e-01 1.63283919528655e-01 2.89486041795046e-01 1.02344717876015e-01 -1.77272549151376e-01 3.11844582428967e-03 6.21565679103411e-03 7.25400009215650e-02 1.69684568596869e-01 -4.67275998137092e-03 -6.60810523793738e-03 -6.35600569459336e-02 -2.35307706281023e-02 -3.32766506700379e-02 -3.20071461834830e-01 1.31305958086965e-03 1.78605657004831e-02 9.83799936803391e-02 1.26296623385322e-02 -4.64199467206922e-04 1.24152247653824e-01 4.81449237011417e-02 1.21432954283673e-02 -7.53454728126279e-02 -1.30382433630406e-01 6.28881126949987e-02 1.73887771215236e-02 4.53869870163499e-03 6.34226271924543e-03 -6.76462044114396e-02 1.23948058188246e-01 4.80264044197805e-02 -7.49030193787028e-02 -1.34246092127696e-02 -1.30186750562608e-01
 -3.42258502816549e-02 -6.21751134917884e-02 -1.99953611830095e-01 -1.67088264839645e-01 2.75161560822156e-01 -8.08761896408622e-02 1.40082982247511e-01 5.62430856427719e-01 -7.79039334647183e-02 1.34934836106119e-01 1.53667514027343e-01 8.67673747045240e-02 -1.42274184643038e-01 -2.66162439293287e-01 1.46233904981663e-01 -4.19243598210218e-06 -3.73758177414093e-06 2.68138563899686e-01 -5.42021926819001e-06 3.12931689723941e-06 0.00000000000000e+00 0.00000000000000e+00 1.00000000000000e+00 0.00000000000000e+00 0.00000000000000e+00 -3.24696187259578e-01 -2.89486041795045e-01 -1.27636438416670e-01 -1.39922036162162e-01 2.42360685121867e-01 1.22889606687647e-03 2.36963551210008e-03 1.64421402958216e-02 2.37900429025728e-02 5.00557942591404e-02 -1.60455377578467e-03 -1.54333994234464e-02 2.14704260229970e-01 -4.01123086140794e-03 -3.85820201001542e-02 -1.07013373390183e-02 3.56309558858376e-03 2.41021898856750e-02 -1.02930811626849e-01 -7.84502543480263e-03 -1.87038425709520e-02 -1.21432954283673e-02 9.64712808926936e-02 1.45382198971465e-02 2.51578285444511e-02 -9.10830085825219e-03 -4.53869870163499e-03 4.08245337781352e-02 -1.25829953918880e-03 1.34209533858293e-02 1.15443921847840e-01 7.49030193787028e-02 9.24356524923285e-03 -1.60170342875328e-02 -1.55327097978657e-01
 -4.84013805409611e-02 -8.79265615233679e-02 -2.82769625208492e-01 -2.36292233935523e-01 -8.08761896428367e-02 2.17977999704371e-01 1.98102010449450e-01 -7.79039334581578e-02 5.07348831782529e-01 1.90821621552334e-01 8.36161938380014e-02 -2.04813510750007e-01 -2.01200755345833e-01 8.67673748348563e-02 -1.71381008456987e-01 -3.44390814410865e-01 -3.07044995724432e-01 -5.42021926815631e-06 -1.77104339770215e-01 2.57061220272341e-01 0.00000000000000e+00 0.00000000000000e+00 0.00000000000000e+00 1.00000000000000e+00 0.00000000000000e+00 -1.14792890733829e-01 -1.02344717876015e-01 -1.39922036162162e-01 2.18670566716152e-01 8.56840480725233e-02 1.73787529497237e-03 3.35108161629041e-03 2.32520800963727e-02 3.36433075655912e-02 -1.60455373903726e-03 4.89212933606458e-02 -2.18255430868506e-02 -4.01123098704421e-03 2.11868116750426e-01 -5.45617663466611e-02 -7.38197823025112e-03 -1.00411522555533e-01 3.40847381954937e-02 3.56309562036382e-03 1.08323259869771e-02 1.16051685820772e-01 7.53454728126279e-02 1.45382198971465e-02 8.60912280623422e-03 -1.56096718342521e-01 -1.27277083815333e-02 -6.34226271924543e-03 -1.25829953918880e-03 3.99666919674417e-02 1.87540996910392e-02 2.06906147717744e-02 1.34246092127696e-02 -1.60170342875328e-02 9.57404196074266e-02 -2.78387384195419e-02
 8.38344373728032e-02 1.52294701648334e-01 4.89775958181237e-01 4.09273999239314e-01 1.40082983231974e-01 1.98102011402420e-01 -1.07747931727969e-02 1.34934836287237e-01 1.90821622484112e-01 2.87002869328566e-01 8.67673720388756e-02 -2.34414110657454e-02 -2.18784373643972e-01 -1.65760202209735e-02 -3.06744632154405e-02 1.98834213904239e-01 1.77272586531055e-01 3.12931689724615e-06 2.57061220272341e-01 1.19724136658825e-01 0.00000000000000e+00 0.00000000000000e+00 0.00000000000000e+00 0.00000000000000e+00 1.00000000000000e+00 1.98834183235322e-01 1.77272549151376e-01 2.42360685121867e-01 8.56840480725233e-02 1.19724119654102e-01 1.67157535249264e-02 3.22323784988835e-02 2.23650128974140e-01 3.23598151151246e-01 -1.54333995735426e-02 -2.18255439651961e-02 -1.58738568013963e-01 -3.85820205594182e-02 -5.45617655275479e-02 -3.07261641539363e-01 3.56309548121511e-03 3.75028362384104e-02 1.45198655135075e-01 2.65192141615677e-02 -1.25964289058828e-03 2.00822965155828e-01 1.30382433630406e-01 2.51578285444511e-02 -1.56096718342521e-01 -1.71304968457969e-01 1.35752999336505e-01 6.76462044114396e-02 1.34209533858293e-02 1.87540996910392e-02 -1.58305129673895e-01 2.00649709502653e-01 1.30186750562608e-01 -1.55327097978657e-01 -2.78387384195419e-02 -1.71358395318354e-01
 5.32229348108238e-02 1.00274904043178e-01 5.33686952263875e-01 7.20096635304911e-01 -2.76128726936493e-01 3.40191103551464e-06 0.00000000000000e+00 -5.46024532056963e-01 6.72495739203145e-06 0.00000000000000e+00 -4.12362416659347e-06 0.00000000000000e+00 -9.66244775113178e-02 0.00000000000000e+00 1.67358503059596e-01 4.56046010134739e-01 2.80152214010925e-01 -3.24691952202655e-01 2.29597840014015e-01 0.00000000000000e+00 4.56046048047965e-01 2.80152247150731e-01 -3.24696187259578e-01 -1.14792890733829e-01 1.98834183235322e-01 1.00000000000000e+00 9.04138336591563e-01 0.00000000000000e+00 0.00000000000000e+00 0.00000000000000e+00 1.14623965559466e-02 2.20139286784101e-02 1.65452920545208e-01 3.13405483835657e-01 -7.36312981357998e-02 -3.37590513224435e-02 -5.84740079750467e-02 -3.13148954216463e-01 -1.43574973514902e-01 -2.48686019422474e-01 4.41835775052675e-02 3.50882150079566e-02 1.42224906446734e-03 7.65303157826437e-02 3.80552127838215e-02 2.51870640876762e-01 1.23948173931063e-01 -1.15596330950077e-01 -1.63313926216731e-01 -1.18244793272641e-01 2.52178768886796e-01 1.24152298885672e-01 -1.15499447368392e-01 -2.09936853196203e-02 -2.00915072753947e-01 1.51071051834822e-01 6.28881059761751e-02 -1.19878232693898e-01 -3.27210866220336e-02 -5.68539281114779e-02
 4.13705341669265e-02 7.95369172060479e-02 4.46105500067544e-01 5.55223266426363e-01 -3.64137190410515e-01 4.48689340237586e-06 0.00000000000000e+00 -5.79407980535715e-01 7.13805134309974e-06 0.00000000000000e+00 -7.24360384380633e-06 0.00000000000000e+00 -1.69690746559901e-01 0.00000000000000e+00 2.93912993165120e-01 2.80152214010925e-01 1.63283890490638e-01 -2.89482253183961e-01 2.04700177425419e-01 0.00000000000000e+00 2.80152247150731e-01 1.63283919528655e-01 -2.89486041795045e-01 -1.02344717876015e-01 1.77272549151376e-01 9.04138336591563e-01 1.00000000000000e+00 0.00000000000000e+00 0.00000000000000e+00 0.00000000000000e+00 3.11844858439534e-03 6.21566222473154e-03 7.25400515193994e-02 1.69684650293657e-01 -4.72241871772730e-02 -2.16517131003624e-02 -3.75029038925891e-02 -2.37808295978042e-01 -1.09032200565302e-01 -1.88854529620491e-01 4.34800862089004e-02 3.45295405632371e-02 1.39960399992162e-03 7.53117996525769e-02 3.74492975999131e-02 1.23948173931063e-01 4.80264715219425e-02 -7.50019332962116e-02 -1.05962361537496e-01 -7.67203254109926e-02 1.24152298885672e-01 4.81449535616296e-02 -7.49869491914031e-02 -1.36299564021773e-02 -1.30442254724930e-01 6.28881059761751e-02 1.73887743618971e-02 -5.97357490769478e-02 -1.63050335540869e-02 -2.83305142674437e-02
 1.02675778711189e-01 1.86522120781574e-01 5.99850478448531e-01 5.01256135006544e-01 -1.82337582085243e-01 6.34195026575423e-06 0.00000000000000e+00 1.21745130387506e-01 6.10780685140231e-06 0.00000000000000e+00 -3.39140843375828e-06 0.00000000000000e+00 3.63650800707957e-02 0.00000000000000e+00 -6.29861684011962e-02 3.24691952202655e-01 2.89482253183961e-01 -1.27626183543294e-01 2.79855144316221e-01 0.00000000000000e+00 3.24696187259578e-01 2.89486041795046e-01 -1.27636438416670e-01 -1.39922036162162e-01 2.42360685121867e-01 0.00000000000000e+00 0.00000000000000e+00 1.00000000000000e+00 0.00000000000000e+00 0.00000000000000e+00 1.24195587933800e-02 2.39481823995582e-02 1.66168718393128e-01 2.40428566635019e-01 -6.46959371951833e-02 -5.31324941145225e-02 -9.20307226673084e-02 -7.21639830208306e-02 -1.32826104303391e-01 -2.30067916822845e-01 5.17407525587312e-02 6.96167384482606e-02 4.80560869549932e-02 8.96200886226675e-02 -2.84465565225680e-03 1.15596330950077e-01 7.50019332962116e-02 9.00761876240362e-03 -1.26591515537918e-01 -9.16565290314176e-02 1.15499447368392e-01 7.49869491914031e-02 9.46565074503382e-03 -1.62404254590746e-02 -1.55425131055243e-01 1.19878232693898e-01 5.97357490769478e-02 -1.14257995685987e-01 -4.25759797811501e-02 -7.39771176579170e-02
 -1.26515144349683e-06 -2.29828719190573e-06 -7.39037241312048e-06 -6.17539097082566e-06 6.34162543000985e-06 3.32351181076990e-01 0.00000000000000e+00 6.10828867995862e-06 6.17518721669340e-01 0.00000000000000e+00 -4.01125752216805e-01 0.00000000000000e+00 -4.46993253765365e-07 0.00000000000000e+00 -9.10760134734958e-06 -2.29597840014015e-01 -2.04700177425419e-01 2.79855144316221e-01 7.02458740380168e-02 0.00000000000000e+00 1.14792890733829e-01 1.02344717876015e-01 -1.39922036162162e-01 2.18670566716152e-01 8.56840480725233e-02 0.00000000000000e+00 0.00000000000000e+00 0.00000000000000e+00 1.00000000000000e+00 0.00000000000000e+00 5.69421609424138e-03 1.09799492911339e-02 7.61863290054424e-02 1.10233563550963e-01 -5.31324945639827e-02 2.68298512841553e-02 -4.21949631390118e-02 -1.32826104261455e-01 1.56641646409474e-01 -1.05483331966098e-01 -3.81559304527892e-02 -3.03013833039883e-02 2.20331294778392e-02 6.96167394352473e-02 7.05390213134194e-02 1.63313926216731e-01 1.05962361537496e-01 -1.26591515537918e-01 -8.02366564263362e-02 -1.29491892706008e-01 2.09936853196203e-02 1.36299564021773e-02 -1.62404254590746e-02 9.58625001679297e-02 -2.82507522152472e-02 3.27210866220336e-02 1.63050335540869e-02 -4.25759797811501e-02 3.01037742690005e-02 -2.01922533694801e-02
 0.00000000000000e+00 0.00000000000000e+00 0.00000000000000e+00 0.00000000000000e+00 0.00000000000000e+00 0.00000000000000e+00 3.32351180485435e-01 0.00000000000000e+00 0.00000000000000e+00 6.17518722260928e-01 0.00000000000000e+00 4.94315204035785e-06 0.00000000000000e+00 -4.01125751785561e-01 0.00000000000000e+00 0.00000000000000e+00 0.00000000000000e+00 0.00000000000000e+00 0.00000000000000e+00 2.68138479848077e-01 -1.98834183235322e-01 -1.77272549151376e-01 2.42360685121867e-01 8.56840480725233e-02 1.19724119654102e-01 0.00000000000000e+00 0.00000000000000e+00 0.00000000000000e+00 0.00000000000000e+00 1.00000000000000e+00 9.86294409799301e-03 1.90183555130943e-02 1.31962238991793e-01 1.90935408298740e-01 -9.20307230748948e-02 -4.21949630202251e-02 -2.18953877529216e-02 -2.30067917065101e-01 -1.05483332054767e-01 3.48332561757733e-02 6.96167399203979e-02 1.93642309171655e-02 -6.96043160244807e-02 4.22349985703385e-02 5.99607364102776e-02 1.18244793272641e-01 7.67203254109926e-02 -9.16565290314176e-02 -1.29491892706008e-01 4.85471302908372e-03 2.00915072753947e-01 1.30442254724930e-01 -1.55425131055243e-01 -2.82507522152472e-02 -1.71552676558889e-01 5.68539281114779e-02 2.83305142674437e-02 -7.39771176579170e-02 -2.01922533694801e-02 6.64032037817206e-03
 0.00000000000000e+00 4.84321056157151e-06 1.14814293543640e-02 2.93438272645295e-02 4.60206582237562e-03 6.50813156790990e-03 1.12725203084768e-02 1.98685973616799e-02 2.80976958161686e-02 4.86670933205045e-02 1.07590402469786e-02 2.63537081615288e-02 1.97654738889879e-02 1.86353791993747e-02 -3.80359298935684e-03 1.14623998218801e-02 3.11845006326610e-03 1.22904218420774e-03 1.36073183900615e-02 9.86294868184269e-03 1.14623905514350e-02 3.11844582428967e-03 1.22889606687647e-03 1.73787529497237e-03 1.67157535249264e-02 1.14623965559466e-02 3.11844858439534e-03 1.24195587933800e-02 5.69421609424138e-03 9.86294409799301e-03 1.00000000000000e+00 9.33746665827803e-01 1.86830126295597e-01 7.97603841182616e-02 0.00000000000000e+00 0.00000000000000e+00 0.00000000000000e+00 0.00000000000000e+00 0.00000000000000e+00 0.00000000000000e+00 0.00000000000000e+00 0.00000000000000e+00 0.00000000000000e+00 0.00000000000000e+00 0.00000000000000e+00 5.32229343377734e-02 4.13705336839959e-02 3.40707334448330e-02 -9.68581011998956e-02 9.38026382251424e-05 5.32229364716562e-02 4.13705364101501e-02 3.43790294638595e-02 4.82929714063725e-02 -8.38342856089059e-02 5.32229316527539e-02 4.13705301357571e-02 -1.02675599525267e-01 1.63770209527971e-04 -9.39176292324755e-05
