S:
 1.00000000000000e+00 9.33746665827803e-01 1.86830126295597e-01 7.97603841182616e-02 0.00000000000000e+00 0.00000000000000e+00 0.00000000000000e+00 0.00000000000000e+00 0.00000000000000e+00 0.00000000000000e+00 0.00000000000000e+00 0.00000000000000e+00 0.00000000000000e+00 0.00000000000000e+00 0.00000000000000e+00 5.32229432062902e-02 4.13705449041045e-02 -3.42240917830964e-02 9.68040821684601e-02 0.00000000000000e+00 5.32229349133646e-02 4.13705340672386e-02 -3.42258507431031e-02 -4.84013811929341e-02 8.38344385027305e-02 5.32229355119540e-02 4.13705347033982e-02 1.02675780099529e-01 -1.26515114492214e-06 0.00000000000000e+00 0.00000000000000e+00 4.84321058725632e-06 1.14814294974981e-02 2.93438276469375e-02 -4.60206587908978e-03 -6.50813164794791e-03 -1.12725204472665e-02 -1.98685976246302e-02 -2.80976961878403e-02 -4.86670939646224e-02 1.07590403865596e-02 2.63537085030643e-02 1.97654741457016e-02 1.86353794412239e-02 -3.80359303849929e-03 1.14623985271976e-02 3.11844946699997e-03 -1.24157696892534e-03 -1.36117335400626e-02 -9.85527917675990e-03 1.14623990189332e-02 3.11844968413802e-03 -1.21637650326036e-03 -1.74673915258217e-03 -1.67157617915186e-02 1.14623928683065e-02 3.11844687052398e-03 -1.24195382907910e-02 -5.68092975445627e-03 -9.87061637409997e-03
 9.33746665827803e-01 1.00000000000000e+00 3.60036793224751e-01 1.74953027506644e-01 0.00000000000000e+00 0.00000000000000e+00 0.00000000000000e+00 0.00000000000000e+00 0.00000000000000e+00 0.00000000000000e+00 0.00000000000000e+00 0.00000000000000e+00 0.00000000000000e+00 0.00000000000000e+00 0.00000000000000e+00 1.00274918848343e-01 7.95369365615171e-02 -6.21719176892427e-02 1.75855519220391e-01 0.00000000000000e+00 1.00274903513949e-01 7.95369163540521e-02 -6.21751137356573e-02 -8.79265618683791e-02 1.52294702246633e-01 1.00274904430395e-01 7.95369175093688e-02 1.86522121543426e-01 -2.29828303689143e-06 0.00000000000000e+00 4.84321058725632e-06 4.12826555324528e-05 2.31479573027271e-02 5.58883276872882e-02 -9.38633374157914e-03 -1.32739290060562e-02 -2.29913351445706e-02 -3.70665393057879e-02 -5.24186145544376e-02 -9.07925554680238e-02 2.03928802236600e-02 4.99512969010453e-02 3.74638380001892e-02 3.53218360396678e-02 -7.20939924653044e-03 2.20139322514119e-02 6.21566392358202e-03 -2.39408758302193e-03 -2.62470091772123e-02 -1.90035752830038e-02 2.20139332109420e-02 6.21566436828139e-03 -2.34549443386697e-03 -3.36817338517282e-03 -3.22323936571599e-02 2.20139214513366e-02 6.21565878685112e-03 -2.39481428341667e-02 -1.09543297076944e-02 -1.90331496346221e-02
 1.86830126295597e-01 3.60036793224751e-01 1.00000000000000e+00 8.73147870969765e-01 0.00000000000000e+00 0.00000000000000e+00 0.00000000000000e+00 0.00000000000000e+00 0.00000000000000e+00 0.00000000000000e+00 0.00000000000000e+00 0.00000000000000e+00 0.00000000000000e+00 0.00000000000000e+00 0.00000000000000e+00 5.33687003533660e-01 4.46105563148557e-01 -1.99943312452141e-01 5.65546898337365e-01 0.00000000000000e+00 5.33686950032390e-01 4.46105496863817e-01 -1.99953611806368e-01 -2.82769625335746e-01 4.89775958194763e-01 5.33686952259608e-01 4.46105500086176e-01 5.99850478503142e-01 -7.39037323849388e-06 0.00000000000000e+00 1.14814294974981e-02 2.31479573027271e-02 2.11532065242091e-01 3.45179672221885e-01 -6.87525016860430e-02 -9.72281459503000e-02 -1.68405668727988e-01 -1.71999687813004e-01 -2.43237851004091e-01 -4.21304268102477e-01 7.16621807598199e-02 1.75532776992794e-01 1.31650866256343e-01 1.24123703307854e-01 -2.53343944776610e-02 1.65452943342461e-01 7.25400672061804e-02 -1.66118017356855e-02 -1.82119525609959e-01 -1.31859675835946e-01 1.65452949604552e-01 7.25400717292778e-02 -1.62746289656446e-02 -2.33706677824441e-02 -2.23650173785668e-01 1.65452872791764e-01 7.25400187521580e-02 -1.66168463317069e-01 -7.60085722829829e-02 -1.32064905892850e-01
 7.97603841182616e-02 1.74953027506644e-01 8.73147870969765e-01 1.00000000000000e+00 0.00000000000000e+00 0.00000000000000e+00 0.00000000000000e+00 0.00000000000000e+00 0.00000000000000e+00 0.00000000000000e+00 0.00000000000000e+00 0.00000000000000e+00 0.00000000000000e+00 0.00000000000000e+00 0.00000000000000e+00 7.20096680277814e-01 5.55223313776457e-01 -1.67079648841331e-01 4.72590835045889e-01 0.00000000000000e+00 7.20096632302639e-01 5.55223263569936e-01 -1.67088264779823e-01 -2.36292234148642e-01 4.09273999176318e-01 7.20096635160705e-01 5.55223266295373e-01 5.01256135000110e-01 -6.17545522384489e-06 0.00000000000000e+00 2.93438276469375e-02 5.58883276872882e-02 3.45179672221885e-01 5.25149010448191e-01 -7.24071363281232e-02 -1.02396442486399e-01 -1.77357504842781e-01 -1.91357331209621e-01 -2.70612967890738e-01 -4.68719807116638e-01 4.64869161551784e-02 1.13867278943247e-01 8.54012918978003e-02 8.05184569861550e-02 -1.64343010620860e-02 3.13405517502356e-01 1.69684675814538e-01 -2.40355201149742e-02 -2.63507683978900e-01 -1.90786999201675e-01 3.13405525453566e-01 1.69684682592659e-01 -2.35476661559242e-02 -3.38148827627401e-02 -3.23598131777699e-01 3.13405415478906e-01 1.69684597751793e-01 -2.40428226952776e-01 -1.09976381252890e-01 -1.91083979270390e-01
 0.00000000000000e+00 0.00000000000000e+00 0.00000000000000e+00 0.00000000000000e+00 1.00000000000000e+00 0.00000000000000e+00 0.00000000000000e+00 6.58338631143568e-01 0.00000000000000e+00 0.00000000000000e+00 0.00000000000000e+00 0.00000000000000e+00 0.00000000000000e+00 0.00000000000000e+00 0.00000000000000e+00 9.20397602294366e-02 1.21374917729647e-01 2.75167509877006e-01 1.61746224508885e-01 0.00000000000000e+00 9.20444976065318e-02 1.21381158287181e-01 2.75161560838906e-01 -8.08761897188520e-02 1.40082983260764e-01 -2.76128726978563e-01 -3.64137190491967e-01 -1.82337582209956e-01 6.34161264554609e-06 0.00000000000000e+00 4.60206587908978e-03 9.38633374157914e-03 6.87525016860430e-02 7.24071363281232e-02 3.66406772968878e-02 -4.49829144194478e-02 -7.79134241719972e-02 1.38333198352569e-01 -5.91319761231800e-02 -1.02420547672980e-01 -4.51460644529817e-02 9.59994393730103e-02 1.06432177035712e-01 -7.81960111341594e-02 -7.34932542017940e-02 7.36088321012859e-03 4.72097818790689e-03 5.00323056479697e-02 -1.26971739106542e-02 -9.19311230406828e-03 7.21147858873050e-03 4.62515590776837e-03 5.00788463511378e-02 -1.59630571452806e-03 -1.52761590350115e-02 7.36311877385882e-02 4.72241080186200e-02 -6.46956412170943e-02 -5.30084619382716e-02 -9.21022110268488e-02
 0.00000000000000e+00 0.00000000000000e+00 0.00000000000000e+00 0.00000000000000e+00 0.00000000000000e+00 1.00000000000000e+00 0.00000000000000e+00 0.00000000000000e+00 6.58338631143568e-01 0.00000000000000e+00 0.00000000000000e+00 0.00000000000000e+00 0.00000000000000e+00 0.00000000000000e+00 0.00000000000000e+00 -2.60337791259815e-01 -3.43313345212821e-01 1.61746221628663e-01 -1.25153813466964e-01 0.00000000000000e+00 1.30167131918680e-01 1.71654337358515e-01 -8.08761896563424e-02 2.17977999672744e-01 1.98102011371679e-01 3.40197150093003e-06 4.48694804826529e-06 6.34202535161705e-06 3.32351181010461e-01 0.00000000000000e+00 6.50813164794791e-03 1.32739290060562e-02 9.72281459503000e-02 1.02396442486399e-01 -4.49829144194478e-02 4.83548041294511e-03 -1.10183303431266e-01 -5.91319758007957e-02 9.65238987541845e-02 -1.44840691399610e-01 -4.21301057639306e-03 -1.03195493682395e-02 1.50513842482365e-01 9.59994391890777e-02 6.47442787727916e-02 8.06992859444901e-02 5.17573178807852e-02 -1.26971738697873e-02 -8.80119768155131e-02 -1.00786494441424e-01 1.03558153651371e-02 6.64180903947715e-03 -1.59630566793476e-03 4.88981413049190e-02 -2.19368450788181e-02 3.36802860711153e-02 2.16011926338972e-02 -5.30084610382024e-02 2.69433638280242e-02 -4.21292781670684e-02
 0.00000000000000e+00 0.00000000000000e+00 0.00000000000000e+00 0.00000000000000e+00 0.00000000000000e+00 0.00000000000000e+00 1.00000000000000e+00 0.00000000000000e+00 0.00000000000000e+00 6.58338631143568e-01 0.00000000000000e+00 0.00000000000000e+00 0.00000000000000e+00 0.00000000000000e+00 0.00000000000000e+00 0.00000000000000e+00 0.00000000000000e+00 0.00000000000000e+00 0.00000000000000e+00 3.32351231620077e-01 -2.25458202394169e-01 -2.97316824208666e-01 1.40082982220431e-01 1.98102010519154e-01 -1.07747931867709e-02 0.00000000000000e+00 0.00000000000000e+00 0.00000000000000e+00 0.00000000000000e+00 3.32351180470276e-01 1.12725204472665e-02 2.29913351445706e-02 1.68405668727988e-01 1.77357504842781e-01 -7.79134241719972e-02 -1.10183303431266e-01 -1.22395627383282e-01 -1.02420547586769e-01 -1.44840691858369e-01 -7.07268649518539e-02 9.59994389004299e-02 1.50807279859060e-01 7.68267080983466e-03 1.06639674227501e-01 -3.39382311196287e-02 5.84285598806137e-02 3.74737585001974e-02 -9.19311216079380e-03 -1.00786493595963e-01 -2.17818025079462e-02 9.91019997215826e-02 6.35600895033549e-02 -1.52761579387483e-02 -2.19368449241104e-02 -1.58738460884149e-01 5.85195028120383e-02 3.75320758478576e-02 -9.21022104762793e-02 -4.21292786055711e-02 -2.20091999928676e-02
 0.00000000000000e+00 0.00000000000000e+00 0.00000000000000e+00 0.00000000000000e+00 6.58338631143568e-01 0.00000000000000e+00 0.00000000000000e+00 1.00000000000000e+00 0.00000000000000e+00 0.00000000000000e+00 0.00000000000000e+00 0.00000000000000e+00 0.00000000000000e+00 0.00000000000000e+00 0.00000000000000e+00 1.82001937399376e-01 1.93129376027615e-01 5.62436594002895e-01 1.55801923450535e-01 0.00000000000000e+00 1.82011326261898e-01 1.93139329036103e-01 5.62430856470488e-01 -7.79039335955629e-02 1.34934836348894e-01 -5.46024531870394e-01 -5.79407980387081e-01 1.21745130429462e-01 6.10837459094285e-06 0.00000000000000e+00 1.98685976246302e-02 3.70665393057879e-02 1.71999687813004e-01 1.91357331209621e-01 1.38333198352569e-01 -5.91319758007957e-02 -1.02420547586769e-01 4.44253881002616e-01 -9.59935766531658e-02 -1.66267312260930e-01 -8.09245904673361e-02 7.14922721337127e-02 9.85738250465765e-02 -1.40166818596055e-01 -8.81811598511665e-02 3.13053358000248e-02 2.37735712716790e-02 2.14645540497518e-01 -3.17417025680359e-02 -2.29818886218796e-02 3.06699286408039e-02 2.32910358941486e-02 2.14761888389024e-01 -3.99060941890767e-03 -3.81889166995723e-02 3.13148530921948e-01 2.37807955993904e-01 -7.21633010226060e-02 -1.32516061086780e-01 -2.30246676059077e-01
 0.00000000000000e+00 0.00000000000000e+00 0.00000000000000e+00 0.00000000000000e+00 0.00000000000000e+00 6.58338631143568e-01 0.00000000000000e+00 0.00000000000000e+00 1.00000000000000e+00 0.00000000000000e+00 0.00000000000000e+00 0.00000000000000e+00 0.00000000000000e+00 0.00000000000000e+00 0.00000000000000e+00 -5.14799061593345e-01 -5.46273427019137e-01 1.55801921849992e-01 1.76827398936373e-01 0.00000000000000e+00 2.57396062174585e-01 2.73133029233794e-01 -7.79039334529830e-02 5.07348831695801e-01 1.90821622327440e-01 6.72492875815676e-06 7.13803263041196e-06 6.10783312321908e-06 6.17518721332912e-01 0.00000000000000e+00 2.80976961878403e-02 5.24186145544376e-02 2.43237851004091e-01 2.70612967890738e-01 -5.91319761231800e-02 9.65238987541845e-02 -1.44840691858369e-01 -9.59935766531658e-02 3.76381559066578e-01 -2.35131260735200e-01 -3.65870876051055e-02 -8.96181638526399e-02 1.39400748188279e-01 7.14922716937891e-02 9.55196846858444e-02 3.43208603278290e-01 2.60635888869101e-01 -3.17417049672005e-02 -1.30451792733587e-01 -2.51956472524252e-01 4.40425818010412e-02 3.34463572514372e-02 -3.99060943975257e-03 2.11810240517279e-01 -5.48399867768223e-02 1.43240010388852e-01 1.08777818954397e-01 -1.32516059260674e-01 1.56925405395474e-01 -1.05319147056486e-01
 0.00000000000000e+00 0.00000000000000e+00 0.00000000000000e+00 0.00000000000000e+00 0.00000000000000e+00 0.00000000000000e+00 6.58338631143568e-01 0.00000000000000e+00 0.00000000000000e+00 1.00000000000000e+00 0.00000000000000e+00 0.00000000000000e+00 0.00000000000000e+00 0.00000000000000e+00 0.00000000000000e+00 0.00000000000000e+00 0.00000000000000e+00 0.00000000000000e+00 0.00000000000000e+00 6.17518774283135e-01 -4.45827249580746e-01 -4.73084725077302e-01 1.34934836136711e-01 1.90821621747474e-01 2.87002869352093e-01 0.00000000000000e+00 0.00000000000000e+00 0.00000000000000e+00 0.00000000000000e+00 6.17518722156179e-01 4.86670939646224e-02 9.07925554680238e-02 4.21304268102477e-01 4.68719807116638e-01 -1.02420547672980e-01 -1.44840691399610e-01 -7.07268649518539e-02 -1.66267312260930e-01 -2.35131260735200e-01 1.04870268387051e-01 7.14922709521328e-02 6.50049041343753e-02 -8.88867160325743e-02 4.59666254396536e-02 -2.52743261850621e-02 2.48492713191869e-01 1.88707738010788e-01 -2.29818902961900e-02 -2.51956471338621e-01 3.51172268913883e-02 4.21474092351164e-01 3.20071451692581e-01 -3.81889164380669e-02 -5.48399859827824e-02 -3.07261138044421e-01 2.48879543823306e-01 1.89001479088261e-01 -2.30246675970884e-01 -1.05319148350245e-01 3.45486994445823e-02
 0.00000000000000e+00 0.00000000000000e+00 0.00000000000000e+00 0.00000000000000e+00 0.00000000000000e+00 0.00000000000000e+00 0.00000000000000e+00 0.00000000000000e+00 0.00000000000000e+00 0.00000000000000e+00 1.00000000000000e+00 0.00000000000000e+00 0.00000000000000e+00 0.00000000000000e+00 0.00000000000000e+00 -1.05188252132910e-01 -1.84730352085484e-01 -3.07346508638439e-01 -6.66698369002703e-02 0.00000000000000e+00 5.25961274055616e-02 9.23686871366709e-02 1.53667513995769e-01 8.36161937621705e-02 8.67673720271294e-02 -4.12370809975967e-06 -7.24368038089126e-06 -3.39158041931554e-06 -4.01125752022166e-01 0.00000000000000e+00 1.07590403865596e-02 2.03928802236600e-02 7.16621807598199e-02 4.64869161551784e-02 4.51460644529817e-02 4.21301057639306e-03 -9.59994389004299e-02 8.09245904673361e-02 3.65870876051055e-02 -7.14922709521328e-02 1.71276018123567e-02 -7.70667077575997e-03 1.48768114485470e-01 -8.25836764802998e-02 -1.46329077169881e-02 1.05586336200921e-02 1.03905200616898e-02 8.37745792058238e-02 -1.51273413446917e-02 -1.66235124464559e-02 1.32744534691400e-03 1.30630987065890e-03 1.07612543861092e-02 7.30302352888594e-03 -3.54477714343589e-03 4.40804381206082e-02 4.33785825995157e-02 -5.16198263579302e-02 3.83431718912874e-02 -6.95082873895829e-02
 0.00000000000000e+00 0.00000000000000e+00 0.00000000000000e+00 0.00000000000000e+00 0.00000000000000e+00 0.00000000000000e+00 0.00000000000000e+00 0.00000000000000e+00 0.00000000000000e+00 0.00000000000000e+00 0.00000000000000e+00 1.00000000000000e+00 0.00000000000000e+00 0.00000000000000e+00 0.00000000000000e+00 0.00000000000000e+00 0.00000000000000e+00 0.00000000000000e+00 0.00000000000000e+00 -3.78186631235888e-01 -1.28831477344231e-01 -2.26252289997035e-01 8.67673746073813e-02 -2.04813510786086e-01 -2.34414110547382e-02 0.00000000000000e+00 0.00000000000000e+00 0.00000000000000e+00 0.00000000000000e+00 4.94297547612880e-06 2.63537085030643e-02 4.99512969010453e-02 1.75532776992794e-01 1.13867278943247e-01 -9.59994393730103e-02 1.03195493682395e-02 -1.50807279859060e-01 -7.14922721337127e-02 8.96181638526399e-02 -6.50049041343753e-02 -7.70667077575997e-03 1.39680227676374e-03 9.71852514743455e-02 1.12623347021270e-01 1.18433814471256e-01 8.38113800268917e-02 8.24769405903879e-02 -1.66235122876962e-02 -1.20076461664264e-01 -4.60838065502417e-02 1.82420994095964e-02 1.79516504176582e-02 -3.54477764235290e-03 1.00360039192988e-01 -3.76940476604423e-02 3.50335963567776e-02 3.44757864443135e-02 -6.95082872822871e-02 3.04738169910842e-02 -1.94049492041650e-02
 0.00000000000000e+00 0.00000000000000e+00 0.00000000000000e+00 0.00000000000000e+00 0.00000000000000e+00 0.00000000000000e+00 0.00000000000000e+00 0.00000000000000e+00 0.00000000000000e+00 0.00000000000000e+00 0.00000000000000e+00 0.00000000000000e+00 1.00000000000000e+00 0.00000000000000e+00 0.00000000000000e+00 -9.66244745115925e-02 -1.69690751984900e-01 -1.21212903605605e-02 3.42855032622473e-02 0.00000000000000e+00 9.66245517083969e-02 1.69690874153015e-01 -1.42274184677089e-01 -2.01200755379897e-01 -2.18784373707642e-01 -9.66244774323181e-02 -1.69690746511265e-01 3.63650801418361e-02 -4.47074237173428e-07 0.00000000000000e+00 1.97654741457016e-02 3.74638380001892e-02 1.31650866256343e-01 8.54012918978003e-02 -1.06432177035712e-01 -1.50513842482365e-01 -7.68267080983466e-03 -9.85738250465765e-02 -1.39400748188279e-01 8.88867160325743e-02 1.48768114485470e-01 9.71852514743455e-02 -1.51786969372321e-01 6.87221706999217e-02 -5.25932935934033e-02 1.34045001666283e-03 1.31910698923132e-03 -4.78791794724231e-03 -5.24911982210141e-02 6.96790064197872e-02 9.99716758731224e-02 9.83799352944547e-02 -2.38566091284848e-02 -3.42585297929649e-02 -1.45198243176428e-01 1.50421169959997e-03 1.48026146734404e-03 -4.82186294033078e-02 -2.20561049677471e-02 6.95292197537525e-02
 0.00000000000000e+00 0.00000000000000e+00 0.00000000000000e+00 0.00000000000000e+00 0.00000000000000e+00 0.00000000000000e+00 0.00000000000000e+00 0.00000000000000e+00 0.00000000000000e+00 0.00000000000000e+00 0.00000000000000e+00 0.00000000000000e+00 0.00000000000000e+00 1.00000000000000e+00 0.00000000000000e+00 0.00000000000000e+00 0.00000000000000e+00 0.00000000000000e+00 0.00000000000000e+00 1.33704011424497e-01 -9.11000214180919e-02 -1.59988762892835e-01 -2.66162439327608e-01 8.67673748995289e-02 -1.65760202676023e-02 0.00000000000000e+00 0.00000000000000e+00 0.00000000000000e+00 0.00000000000000e+00 -4.01125751583123e-01 1.86353794412239e-02 3.53218360396678e-02 1.24123703307854e-01 8.05184569861550e-02 7.81960111341594e-02 -9.59994391890777e-02 -1.06639674227501e-01 1.40166818596055e-01 -7.14922716937891e-02 -4.59666254396536e-02 -8.25836764802998e-02 1.12623347021270e-01 6.87221706999217e-02 -7.82336039516958e-02 -1.34437924328342e-01 7.64474861868847e-03 7.52302940445489e-03 6.06551589998676e-02 -1.66235119415732e-02 -4.20347584505030e-03 1.27032490578560e-02 1.25009886064783e-02 1.02981928249698e-01 -3.54477761001704e-03 -2.62490003442193e-02 7.65897681834121e-02 7.53702946486542e-02 -8.96894574275885e-02 -6.95082878173855e-02 -4.24227234714414e-02
 0.00000000000000e+00 0.00000000000000e+00 0.00000000000000e+00 0.00000000000000e+00 0.00000000000000e+00 0.00000000000000e+00 0.00000000000000e+00 0.00000000000000e+00 0.00000000000000e+00 0.00000000000000e+00 0.00000000000000e+00 0.00000000000000e+00 0.00000000000000e+00 0.00000000000000e+00 1.00000000000000e+00 -1.30170273746819e-01 -2.28603479096682e-01 2.21368534573428e-01 1.30224354719194e-01 0.00000000000000e+00 -1.85940623194592e-02 -3.26546696343961e-02 1.46233905135519e-01 -1.71381008468463e-01 -3.06744630857233e-02 1.67358503093221e-01 2.93912993123325e-01 -6.29861683724359e-02 -9.10761373408695e-06 0.00000000000000e+00 -3.80359303849929e-03 -7.20939924653044e-03 -2.53343944776610e-02 -1.64343010620860e-02 7.34932542017940e-02 -6.47442787727916e-02 3.39382311196287e-02 8.81811598511665e-02 -9.55196846858444e-02 2.52743261850621e-02 -1.46329077169881e-02 1.18433814471256e-01 -5.25932935934033e-02 -1.34437924328342e-01 -1.90906951838598e-02 -5.73969856161420e-02 -5.64831144236757e-02 1.92167822372653e-02 3.89409663581935e-02 9.03658113241210e-02 -4.90922075500742e-04 -4.83105262945740e-04 7.76883614047359e-03 -1.08822128033361e-02 1.31094479567636e-03 3.81022895843374e-02 3.74956190943242e-02 2.75122040017494e-03 -7.04171726426622e-02 -6.00816377366677e-02
 5.32229432062902e-02 1.00274918848343e-01 5.33687003533660e-01 7.20096680277814e-01 9.20397602294366e-02 -2.60337791259815e-01 0.00000000000000e+00 1.82001937399376e-01 -5.14799061593345e-01 0.00000000000000e+00 -1.05188252132910e-01 0.00000000000000e+00 -9.66244745115925e-02 0.00000000000000e+00 -1.30170273746819e-01 1.00000000000000e+00 9.04138336591563e-01 0.00000000000000e+00 0.00000000000000e+00 0.00000000000000e+00 4.56046094854219e-01 2.80152287241596e-01 -4.19243773150552e-06 -3.44390814369153e-01 1.98834213880320e-01 4.56046010210463e-01 2.80152214135837e-01 3.24691952310268e-01 -2.29597840173295e-01 0.00000000000000e+00 1.14623999703412e-02 2.20139349954640e-02 1.65452960394286e-01 3.13405541898560e-01 -7.28656772253857e-03 -8.06731057876744e-02 -5.84740268776694e-02 -3.09892784531779e-02 -3.43097244436046e-01 -2.48686069069805e-01 1.04486422326574e-02 8.38493782263089e-02 1.42225920933895e-03 7.57345542690803e-03 -5.73691065273113e-02 1.51071118012724e-01 6.28881421384595e-02 8.96231979212318e-03 -1.23980615241098e-01 -5.67655762081928e-02 2.51870713853593e-01 1.23948222235384e-01 1.89712117665260e-02 -1.15898660502866e-01 -2.00557738922966e-01 2.52178732775799e-01 1.24152274914599e-01 -1.15651486819700e-01 -1.63392186929308e-01 -1.18639937189594e-01
 4.13705449041045e-02 7.95369365615171e-02 4.46105563148557e-01 5.55223313776457e-01 1.21374917729647e-01 -3.43313345212821e-01 0.00000000000000e+00 1.93129376027615e-01 -5.46273427019137e-01 0.00000000000000e+00 -1.84730352085484e-01 0.00000000000000e+00 -1.69690751984900e-01 0.00000000000000e+00 -2.28603479096682e-01 9.04138336591563e-01 1.00000000000000e+00 0.00000000000000e+00 0.00000000000000e+00 0.00000000000000e+00 2.80152287241596e-01 1.63283954821133e-01 -3.73760786573710e-06 -3.07044995701066e-01 1.77272586519662e-01 2.80152214135837e-01 1.63283890607731e-01 2.89482253357571e-01 -2.04700177547593e-01 0.00000000000000e+00 3.11845010256592e-03 6.21566518205244e-03 7.25400789041019e-02 1.69684695006290e-01 -4.67331558698110e-03 -5.17405303096382e-02 -3.75029215595867e-02 -2.35335546915058e-02 -2.60551329380838e-01 -1.88854579596008e-01 1.02822802679700e-02 8.25143385087040e-02 1.39961402740820e-03 7.45287186967767e-03 -5.64556820935148e-02 6.28881421384595e-02 1.73887892734233e-02 4.46595705266556e-03 -6.17799947019876e-02 -2.82864945291054e-02 1.23948222235384e-01 4.80264995239168e-02 1.23090215778277e-02 -7.51981039963086e-02 -1.30127144293805e-01 1.24152274914599e-01 4.81449394685579e-02 -7.50856536900429e-02 -1.06080859753565e-01 -7.70258774581198e-02
 -3.42240917830964e-02 -6.21719176892427e-02 -1.99943312452141e-01 -1.67079648841331e-01 2.75167509877006e-01 1.61746221628663e-01 0.00000000000000e+00 5.62436594002895e-01 1.55801921849992e-01 0.00000000000000e+00 -3.07346508638439e-01 0.00000000000000e+00 -1.21212903605605e-02 0.00000000000000e+00 2.21368534573428e-01 0.00000000000000e+00 0.00000000000000e+00 1.00000000000000e+00 0.00000000000000e+00 0.00000000000000e+00 4.19243773151575e-06 3.73760786574548e-06 2.68138563905018e-01 -5.42015021648907e-06 3.12943000618171e-06 -3.24691952310268e-01 -2.89482253357571e-01 -1.27626183788042e-01 2.79855144501868e-01 0.00000000000000e+00 1.22904220006179e-03 2.36991723048655e-03 1.64440901571747e-02 2.37928578554050e-02 5.00555815876296e-02 -1.25649054447821e-02 -9.10737982713489e-03 2.14703729893377e-01 -3.14110436400524e-02 -2.27675656696145e-02 -8.37894645518384e-02 1.64631412123067e-02 4.75564185548906e-03 -6.07328473787213e-02 -1.90172962160754e-02 -8.96231979212318e-03 -4.46595705266556e-03 4.08531924566684e-02 1.20606481621964e-02 5.52207005377925e-03 -1.89712117665260e-02 -1.23090215778277e-02 9.61978717109421e-02 1.47438429817543e-02 2.55135975029036e-02 1.15651486819700e-01 7.50856536900429e-02 9.23022766981106e-03 -1.26564347143857e-01 -9.18990467500597e-02
 9.68040821684601e-02 1.75855519220391e-01 5.65546898337365e-01 4.72590835045889e-01 1.61746224508885e-01 -1.25153813466964e-01 0.00000000000000e+00 1.55801923450535e-01 1.76827398936373e-01 0.00000000000000e+00 -6.66698369002703e-02 0.00000000000000e+00 3.42855032622473e-02 0.00000000000000e+00 1.30224354719194e-01 0.00000000000000e+00 0.00000000000000e+00 0.00000000000000e+00 1.00000000000000e+00 0.00000000000000e+00 3.44390814369153e-01 3.07044995701066e-01 -5.42015021647559e-06 -1.77104339702983e-01 2.57061220169877e-01 2.29597840173295e-01 2.04700177547593e-01 2.79855144501868e-01 7.02458738728143e-02 0.00000000000000e+00 1.36073185656172e-02 2.62384959154725e-02 1.82060445736091e-01 2.63422190511613e-01 -1.25649049479374e-02 -8.79216517742458e-02 -1.00832191362471e-01 -3.14110429902308e-02 -1.30225965299000e-01 -2.52070694030910e-01 1.49598669384965e-02 1.20051538400026e-01 5.26520084443147e-02 1.64631410999531e-02 -3.88677133283494e-02 1.23980615241098e-01 6.17799947019876e-02 1.20606481621964e-02 -1.25116432449077e-01 -7.63897800809726e-02 1.15898660502866e-01 7.51981039963086e-02 1.47438429817543e-02 8.53838294765919e-03 -1.55867313814080e-01 1.63392186929308e-01 1.06080859753565e-01 -1.26564347143857e-01 -7.99954460742823e-02 -1.29834787219052e-01
 0.00000000000000e+00 0.00000000000000e+00 0.00000000000000e+00 0.00000000000000e+00 0.00000000000000e+00 0.00000000000000e+00 3.32351231620077e-01 0.00000000000000e+00 0.00000000000000e+00 6.17518774283135e-01 0.00000000000000e+00 -3.78186631235888e-01 0.00000000000000e+00 1.33704011424497e-01 0.00000000000000e+00 0.00000000000000e+00 0.00000000000000e+00 0.00000000000000e+00 0.00000000000000e+00 1.00000000000000e+00 -1.98834213880320e-01 -1.77272586519662e-01 3.12943000618339e-06 2.57061220169877e-01 1.19724136619476e-01 0.00000000000000e+00 0.00000000000000e+00 0.00000000000000e+00 0.00000000000000e+00 2.68138479724519e-01 9.86294880909180e-03 1.90183643390333e-02 1.31962285565227e-01 1.90935456295830e-01 -9.10737949146206e-03 -1.00832191557915e-01 -2.18954006448980e-02 -2.27675649698144e-02 -2.52070693710580e-01 3.48332557105111e-02 1.64631408173221e-02 4.62741993431369e-02 -6.96043295959591e-02 4.17958474189897e-03 -9.03921943007205e-02 5.67655762081928e-02 2.82864945291054e-02 5.52207005377925e-03 -7.63897800809726e-02 6.74932480021440e-03 2.00557738922966e-01 1.30127144293805e-01 2.55135975029036e-02 -1.55867313814080e-01 -1.71110544923948e-01 1.18639937189594e-01 7.70258774581198e-02 -9.18990467500597e-02 -1.29834787219052e-01 4.54067624583641e-03
 5.32229349133646e-02 1.00274903513949e-01 5.33686950032390e-01 7.20096632302639e-01 9.20444976065318e-02 1.30167131918680e-01 -2.25458202394169e-01 1.82011326261898e-01 2.57396062174585e-01 -4.45827249580746e-01 5.25961274055616e-02 -1.28831477344231e-01 9.66245517083969e-02 -9.11000214180919e-02 -1.85940623194592e-02 4.56046094854219e-01 2.80152287241596e-01 4.19243773151575e-06 3.44390814369153e-01 -1.98834213880320e-01 1.00000000000000e+00 9.04138336591563e-01 0.00000000000000e+00 0.00000000000000e+00 0.00000000000000e+00 4.56046048051445e-01 2.80152247190327e-01 3.24696187294785e-01 1.14792890743743e-01 -1.98834183221370e-01 1.14623906999541e-02 2.20139173183840e-02 1.65452846794399e-01 3.13405378095604e-01 -7.28570454610142e-03 -1.03032689324391e-02 -9.91019867979121e-02 -3.09856185209946e-02 -4.38191172482209e-02 -4.21474176640100e-01 1.33430472909299e-03 1.81495470621415e-02 9.99717670307764e-02 1.28340084796779e-02 -4.71709865326252e-04 2.52178691898311e-01 1.24152247704383e-01 1.87038425866789e-02 -1.16051685887176e-01 -2.00822965264739e-01 1.51071063926532e-01 6.28881126925829e-02 9.10830085847839e-03 1.27277083832098e-02 -1.35752999324870e-01 2.51870465677022e-01 1.23948058132771e-01 -1.15443921772433e-01 -2.06906147652160e-02 -2.00649709391573e-01
 4.13705340672386e-02 7.95369163540521e-02 4.46105496863817e-01 5.55223263569936e-01 1.21381158287181e-01 1.71654337358515e-01 -2.97316824208666e-01 1.93139329036103e-01 2.73133029233794e-01 -4.73084725077302e-01 9.23686871366709e-02 -2.26252289997035e-01 1.69690874153015e-01 -1.59988762892835e-01 -3.26546696343961e-02 2.80152287241596e-01 1.63283954821133e-01 3.73760786574548e-06 3.07044995701066e-01 -1.77272586519662e-01 9.04138336591563e-01 1.00000000000000e+00 0.00000000000000e+00 0.00000000000000e+00 0.00000000000000e+00 2.80152247190327e-01 1.63283919555073e-01 2.89486041847894e-01 1.02344717909945e-01 -1.77272549177228e-01 3.11844586361702e-03 6.21565681191164e-03 7.25400009153714e-02 1.69684568544454e-01 -4.67275998768470e-03 -6.60810522475612e-03 -6.35600569422733e-02 -2.35307706478560e-02 -3.32766506230942e-02 -3.20071461749577e-01 1.31305958677637e-03 1.78605656275935e-02 9.83799936340204e-02 1.26296623458342e-02 -4.64199456762120e-04 1.24152247704383e-01 4.81449237288725e-02 1.21432954361754e-02 -7.53454728587959e-02 -1.30382433722304e-01 6.28881126925829e-02 1.73887771200912e-02 4.53869870091932e-03 6.34226271632385e-03 -6.76462044109054e-02 1.23948058132771e-01 4.80264043968050e-02 -7.49030193461328e-02 -1.34246092063434e-02 -1.30186750496758e-01
 -3.42258507431031e-02 -6.21751137356573e-02 -1.99953611806368e-01 -1.67088264779823e-01 2.75161560838906e-01 -8.08761896563424e-02 1.40082982220431e-01 5.62430856470488e-01 -7.79039334529830e-02 1.34934836136711e-01 1.53667513995769e-01 8.67673746073813e-02 -1.42274184677089e-01 -2.66162439327608e-01 1.46233905135519e-01 -4.19243773150552e-06 -3.73760786573710e-06 2.68138563905018e-01 -5.42015021647559e-06 3.12943000618339e-06 0.00000000000000e+00 0.00000000000000e+00 1.00000000000000e+00 0.00000000000000e+00 0.00000000000000e+00 -3.24696187294785e-01 -2.89486041847894e-01 -1.27636438465742e-01 -1.39922036133423e-01 2.42360685160476e-01 1.22889608275080e-03 2.36963552052240e-03 1.64421402882438e-02 2.37900428707612e-02 5.00557942549781e-02 -1.60455376633741e-03 -1.54333994270394e-02 2.14704260207322e-01 -4.01123079936527e-03 -3.85820200110503e-02 -1.07013373541851e-02 3.56309554623629e-03 2.41021898917010e-02 -1.02930811623633e-01 -7.84502542983504e-03 -1.87038425866789e-02 -1.21432954361754e-02 9.64712808833758e-02 1.45382198899864e-02 2.51578285530391e-02 -9.10830085847840e-03 -4.53869870091932e-03 4.08245337766261e-02 -1.25829955771160e-03 1.34209533953528e-02 1.15443921772433e-01 7.49030193461328e-02 9.24356526543246e-03 -1.60170343162167e-02 -1.55327097854972e-01
 -4.84013811929341e-02 -8.79265618683791e-02 -2.82769625335746e-01 -2.36292234148642e-01 -8.08761897188520e-02 2.17977999672744e-01 1.98102010519154e-01 -7.79039335955629e-02 5.07348831695801e-01 1.90821621747474e-01 8.36161937621705e-02 -2.04813510786086e-01 -2.01200755379897e-01 8.67673748995289e-02 -1.71381008468463e-01 -3.44390814369153e-01 -3.07044995701066e-01 -5.42015021648907e-06 -1.77104339702983e-01 2.57061220169877e-01 0.00000000000000e+00 0.00000000000000e+00 0.00000000000000e+00 1.00000000000000e+00 0.00000000000000e+00 -1.14792890743743e-01 -1.02344717909945e-01 -1.39922036133423e-01 2.18670566549187e-01 8.56840479960344e-02 1.73787531739705e-03 3.35108162823376e-03 2.32520801178690e-02 3.36433076259932e-02 -1.60455373481562e-03 4.89212933490281e-02 -2.18255431093307e-02 -4.01123094307245e-03 2.11868116698293e-01 -5.45617664007057e-02 -7.38197823109992e-03 -1.00411522536161e-01 3.40847382293803e-02 3.56309561091531e-03 1.08323259579449e-02 1.16051685887176e-01 7.53454728587959e-02 1.45382198899864e-02 8.60912277567737e-03 -1.56096718459100e-01 -1.27277083832098e-02 -6.34226271632385e-03 -1.25829955771160e-03 3.99666919591000e-02 1.87540996841995e-02 2.06906147652160e-02 1.34246092063434e-02 -1.60170343162167e-02 9.57404195937584e-02 -2.78387383965273e-02
 8.38344385027305e-02 1.52294702246633e-01 4.89775958194763e-01 4.09273999176318e-01 1.40082983260764e-01 1.98102011371679e-01 -1.07747931867709e-02 1.34934836348894e-01 1.90821622327440e-01 2.87002869352093e-01 8.67673720271294e-02 -2.34414110547382e-02 -2.18784373707642e-01 -1.65760202676023e-02 -3.06744630857233e-02 1.98834213880320e-01 1.77272586519662e-01 3.12943000618171e-06 2.57061220169877e-01 1.19724136619476e-01 0.00000000000000e+00 0.00000000000000e+00 0.00000000000000e+00 0.00000000000000e+00 1.00000000000000e+00 1.98834183221370e-01 1.77272549177228e-01 2.42360685160476e-01 8.56840479960344e-02 1.19724119680562e-01 1.67157537406413e-02 3.22323786129876e-02 2.23650128999735e-01 3.23598151096696e-01 -1.54333995846901e-02 -2.18255439431538e-02 -1.58738568036086e-01 -3.85820205673547e-02 -5.45617654409157e-02 -3.07261641434156e-01 3.56309549491239e-03 3.75028360775368e-02 1.45198655105197e-01 2.65192141758707e-02 -1.25964286446663e-03 2.00822965264739e-01 1.30382433722304e-01 2.51578285530391e-02 -1.56096718459100e-01 -1.71304968672501e-01 1.35752999324870e-01 6.76462044109054e-02 1.34209533953528e-02 1.87540996841995e-02 -1.58305129657678e-01 2.00649709391573e-01 1.30186750496758e-01 -1.55327097854972e-01 -2.78387383965273e-02 -1.71358395200962e-01
 5.32229355119540e-02 1.00274904430395e-01 5.33686952259608e-01 7.20096635160705e-01 -2.76128726978563e-01 3.40197150093003e-06 0.00000000000000e+00 -5.46024531870394e-01 6.72492875815676e-06 0.00000000000000e+00 -4.12370809975967e-06 0.00000000000000e+00 -9.66244774323181e-02 0.00000000000000e+00 1.67358503093221e-01 4.56046010210463e-01 2.80152214135837e-01 -3.24691952310268e-01 2.29597840173295e-01 0.00000000000000e+00 4.56046048051445e-01 2.80152247190327e-01 -3.24696187294785e-01 -1.14792890743743e-01 1.98834183221370e-01 1.00000000000000e+00 9.04138336591563e-01 0.00000000000000e+00 0.00000000000000e+00 0.00000000000000e+00 1.14623967044362e-02 2.20139287563243e-02 1.65452920480784e-01 3.13405483729002e-01 -7.36312980871351e-02 -3.37590513332106e-02 -5.84740079339269e-02 -3.13148954097315e-01 -1.43574973509792e-01 -2.48686019328400e-01 4.41835775224457e-02 3.50882150231644e-02 1.42224901975136e-03 7.65303157193119e-02 3.80552127068654e-02 2.51870640783708e-01 1.23948173893913e-01 -1.15596330888438e-01 -1.63313926131094e-01 -1.18244793204059e-01 2.52178768805971e-01 1.24152298855576e-01 -1.15499447341134e-01 -2.09936852838513e-02 -2.00915072694705e-01 1.51071051799410e-01 6.28881059595572e-02 -1.19878232632796e-01 -3.27210865870545e-02 -5.68539280807154e-02
 4.13705347033982e-02 7.95369175093688e-02 4.46105500086176e-01 5.55223266295373e-01 -3.64137190491967e-01 4.48694804826529e-06 0.00000000000000e+00 -5.79407980387081e-01 7.13803263041196e-06 0.00000000000000e+00 -7.24368038089126e-06 0.00000000000000e+00 -1.69690746511265e-01 0.00000000000000e+00 2.93912993123325e-01 2.80152214135837e-01 1.63283890607731e-01 -2.89482253357571e-01 2.04700177547593e-01 0.00000000000000e+00 2.80152247190327e-01 1.63283919555073e-01 -2.89486041847894e-01 -1.02344717909945e-01 1.77272549177228e-01 9.04138336591563e-01 1.00000000000000e+00 0.00000000000000e+00 0.00000000000000e+00 0.00000000000000e+00 3.11844862370409e-03 6.21566224533129e-03 7.25400514890505e-02 1.69684650220775e-01 -4.72241871493660e-02 -2.16517131027663e-02 -3.75029038686007e-02 -2.37808295937402e-01 -1.09032200566696e-01 -1.88854529554969e-01 4.34800862104048e-02 3.45295405709912e-02 1.39960397850404e-03 7.53117996162885e-02 3.74492975503029e-02 1.23948173893913e-01 4.80264714972127e-02 -7.50019332709244e-02 -1.05962361496467e-01 -7.67203253734252e-02 1.24152298855576e-01 4.81449535533184e-02 -7.49869491790224e-02 -1.36299563951173e-02 -1.30442254700155e-01 6.28881059595572e-02 1.73887743503460e-02 -5.97357490531487e-02 -1.63050335469200e-02 -2.83305142556652e-02
 1.02675780099529e-01 1.86522121543426e-01 5.99850478503142e-01 5.01256135000110e-01 -1.82337582209956e-01 6.34202535161705e-06 0.00000000000000e+00 1.21745130429462e-01 6.10783312321908e-06 0.00000000000000e+00 -3.39158041931554e-06 0.00000000000000e+00 3.63650801418361e-02 0.00000000000000e+00 -6.29861683724359e-02 3.24691952310268e-01 2.89482253357571e-01 -1.27626183788042e-01 2.79855144501868e-01 0.00000000000000e+00 3.24696187294785e-01 2.89486041847894e-01 -1.27636438465742e-01 -1.39922036133423e-01 2.42360685160476e-01 0.00000000000000e+00 0.00000000000000e+00 1.00000000000000e+00 0.00000000000000e+00 0.00000000000000e+00 1.24195589536391e-02 2.39481824837197e-02 1.66168718317673e-01 2.40428566503777e-01 -6.46959371607221e-02 -5.31324941219288e-02 -9.20307226229477e-02 -7.21639829397161e-02 -1.32826104255112e-01 -2.30067916674926e-01 5.17407525567641e-02 6.96167384433927e-02 4.80560868747418e-02 8.96200885234132e-02 -2.84465571622861e-03 1.15596330888438e-01 7.50019332709244e-02 9.00761879915816e-03 -1.26591515487327e-01 -9.16565289763129e-02 1.15499447341134e-01 7.49869491790224e-02 9.46565067765767e-03 -1.62404254253202e-02 -1.55425130995986e-01 1.19878232632796e-01 5.97357490531487e-02 -1.14257995604351e-01 -4.25759797431728e-02 -7.39771176065751e-02
 -1.26515114492214e-06 -2.29828303689143e-06 -7.39037323849388e-06 -6.17545522384489e-06 6.34161264554609e-06 3.32351181010461e-01 0.00000000000000e+00 6.10837459094285e-06 6.17518721332912e-01 0.00000000000000e+00 -4.01125752022166e-01 0.00000000000000e+00 -4.47074237173428e-07 0.00000000000000e+00 -9.10761373408695e-06 -2.29597840173295e-01 -2.04700177547593e-01 2.79855144501868e-01 7.02458738728143e-02 0.00000000000000e+00 1.14792890743743e-01 1.02344717909945e-01 -1.39922036133423e-01 2.18670566549187e-01 8.56840479960344e-02 0.00000000000000e+00 0.00000000000000e+00 0.00000000000000e+00 1.00000000000000e+00 0.00000000000000e+00 5.69421616771596e-03 1.09799493296322e-02 7.61863289479798e-02 1.10233563449831e-01 -5.31324944957745e-02 2.68298512826158e-02 -4.21949630925646e-02 -1.32826104142744e-01 1.56641646346542e-01 -1.05483331893270e-01 -3.81559304479297e-02 -3.03013832980295e-02 2.20331294555647e-02 6.96167393428552e-02 7.05390212350731e-02 1.63313926131094e-01 1.05962361496467e-01 -1.26591515487327e-01 -8.02366563489719e-02 -1.29491892586955e-01 2.09936852838513e-02 1.36299563951173e-02 -1.62404254253202e-02 9.58625001494560e-02 -2.82507521607631e-02 3.27210865870545e-02 1.63050335469200e-02 -4.25759797431728e-02 3.01037742717306e-02 -2.01922533527055e-02
 0.00000000000000e+00 0.00000000000000e+00 0.00000000000000e+00 0.00000000000000e+00 0.00000000000000e+00 0.00000000000000e+00 3.32351180470276e-01 0.00000000000000e+00 0.00000000000000e+00 6.17518722156179e-01 0.00000000000000e+00 4.94297547612880e-06 0.00000000000000e+00 -4.01125751583123e-01 0.00000000000000e+00 0.00000000000000e+00 0.00000000000000e+00 0.00000000000000e+00 0.00000000000000e+00 2.68138479724519e-01 -1.98834183221370e-01 -1.77272549177228e-01 2.42360685160476e-01 8.56840479960344e-02 1.19724119680562e-01 0.00000000000000e+00 0.00000000000000e+00 0.00000000000000e+00 0.00000000000000e+00 1.00000000000000e+00 9.86294422525969e-03 1.90183555798440e-02 1.31962238940945e-01 1.90935408227303e-01 -9.20307229996363e-02 -4.21949630199053e-02 -2.18953877315792e-02 -2.30067916990739e-01 -1.05483332043446e-01 3.48332561878075e-02 6.96167399090057e-02 1.93642309333250e-02 -6.96043159967913e-02 4.22349985053827e-02 5.99607363070442e-02 1.18244793204059e-01 7.67203253734252e-02 -9.16565289763129e-02 -1.29491892586955e-01 4.85471306498830e-03 2.00915072694705e-01 1.30442254700155e-01 -1.55425130995986e-01 -2.82507521607631e-02 -1.71552676528778e-01 5.68539280807154e-02 2.83305142556652e-02 -7.39771176065751e-02 -2.01922533527055e-02 6.64032038271662e-03
 0.00000000000000e+00 4.84321058725632e-06 1.14814294974981e-02 2.93438276469375e-02 4.60206587908978e-03 6.50813164794791e-03 1.12725204472665e-02 1.98685976246302e-02 2.80976961878403e-02 4.86670939646224e-02 1.07590403865596e-02 2.63537085030643e-02 1.97654741457016e-02 1.86353794412239e-02 -3.80359303849929e-03 1.14623999703412e-02 3.11845010256592e-03 1.22904220006179e-03 1.36073185656172e-02 9.86294880909180e-03 1.14623906999541e-02 3.11844586361702e-03 1.22889608275080e-03 1.73787531739705e-03 1.67157537406413e-02 1.14623967044362e-02 3.11844862370409e-03 1.24195589536391e-02 5.69421616771596e-03 9.86294422525969e-03 1.00000000000000e+00 9.33746665827803e-01 1.86830126295597e-01 7.97603841182616e-02 0.00000000000000e+00 0.00000000000000e+00 0.00000000000000e+00 0.00000000000000e+00 0.00000000000000e+00 0.00000000000000e+00 0.00000000000000e+00 0.00000000000000e+00 0.00000000000000e+00 0.00000000000000e+00 0.00000000000000e+00 5.32229350371964e-02 4.13705342179588e-02 3.40707339039135e-02 -9.68581025054293e-02 9.38026388993933e-05 5.32229371690024e-02 4.13705369424004e-02 3.43790299262187e-02 4.82929720553133e-02 -8.38342867356207e-02 5.32229323511647e-02 4.13705306696293e-02 -1.02675600909082e-01 1.63770211524508e-04 -9.39176304624198e-05
