pVp:
 -2.83255431269016e+03 -1.43365117176009e+03 3.95146512841157e+01 8.99087797013114e+01 1.66512133526753e+02 -2.62800730581196e-07 0.00000000000000e+00 -1.31038005122627e-07 -4.91186241595753e-07 0.00000000000000e+00 -2.44915851858632e-07 4.58814772767566e-07 0.00000000000000e+00 2.28774751408050e-07 0.00000000000000e+00 0.00000000000000e+00 -3.78119449355210e-08 1.09427244928654e-07 -1.54992077822967e-08 -1.83334500080358e-01 -5.65015061562508e-02 4.62437024174519e-01 -1.11897080251949e-07 0.00000000000000e+00 1.58460523478083e+00 -1.83333803173827e-01 -5.65007916213582e-02 4.62436450771629e-01 1.49397506623852e+00 0.00000000000000e+00 -5.28199553218813e-01 -1.83337348657130e-01 -5.65044267976037e-02 4.62439367903050e-01 -7.47004005043643e-01 -1.29384051694331e+00 -5.28211081932771e-01 -1.83337348657130e-01 -5.65044267976036e-02 4.62439367903050e-01 -7.47004005043643e-01 1.29384051694331e+00 -5.28211081932771e-01
 -1.43365117176009e+03 -7.98593020627830e+02 2.30252577830179e+01 4.11192942271308e+01 4.63057386842522e+00 -2.91931888511026e-07 0.00000000000000e+00 -1.45563419414020e-07 -1.67424115602249e-07 0.00000000000000e+00 -8.34812169183974e-08 2.24907077926696e-06 0.00000000000000e+00 1.12143426782827e-06 0.00000000000000e+00 0.00000000000000e+00 -2.40863377320413e-08 6.62288236972563e-08 -1.23314176513310e-08 -2.55815776461258e-01 -1.03669782052519e-01 5.61755665683327e-01 -1.58158059738330e-07 0.00000000000000e+00 2.12747702361961e+00 -2.55814837823897e-01 -1.03668770934812e-01 5.61755161538980e-01 2.00579804952592e+00 0.00000000000000e+00 -7.09156172805301e-01 -2.55819613102641e-01 -1.03673914966574e-01 5.61757726305996e-01 -1.00292041617995e+00 -1.73709782274749e+00 -7.09171131055502e-01 -2.55819613102641e-01 -1.03673914966574e-01 5.61757726305997e-01 -1.00292041617995e+00 1.73709782274749e+00 -7.09171131055502e-01
 3.95146512841157e+01 2.30252577830179e+01 -2.99367915358788e+00 -4.64176544837424e+00 -5.15945351855005e-01 1.22136812027138e-07 0.00000000000000e+00 6.08997692455602e-08 6.98859139334177e-07 0.00000000000000e+00 3.48465184408798e-07 9.99444921667477e-07 0.00000000000000e+00 4.98343859555064e-07 0.00000000000000e+00 0.00000000000000e+00 -6.17877500992762e-08 -4.97990585648404e-07 -5.03898579643112e-07 -8.24671170227218e-01 -9.01818095607313e-01 -7.52232376362016e-01 3.36589167890112e-08 0.00000000000000e+00 2.06244541188625e+00 -8.24669941379714e-01 -9.01816416241748e-01 -7.52230172261838e-01 1.94449105470925e+00 0.00000000000000e+00 -6.87480743819761e-01 -8.24676193061364e-01 -9.01824959908887e-01 -7.52241385498984e-01 -9.72252943298058e-01 -1.68398103841420e+00 -6.87486023379570e-01 -8.24676193061364e-01 -9.01824959908887e-01 -7.52241385498984e-01 -9.72252943298058e-01 1.68398103841420e+00 -6.87486023379570e-01
 8.99087797013114e+01 4.11192942271308e+01 -4.64176544837424e+00 -1.20644293762986e+01 -1.79579911900771e+01 1.59442389088490e-07 0.00000000000000e+00 7.95010510421465e-08 1.49220328013526e-06 0.00000000000000e+00 7.44043128342918e-07 3.19797283592007e-06 0.00000000000000e+00 1.59457624037085e-06 0.00000000000000e+00 0.00000000000000e+00 1.03429536520054e-07 -9.29536714889388e-07 -4.03230147551275e-07 -8.27070268825474e-01 -8.39783754900142e-01 -3.55483070514566e-01 -7.87263328179867e-09 0.00000000000000e+00 3.56729648843147e+00 -8.27068304055140e-01 -8.39781042061403e-01 -3.55479866144121e-01 3.36327405411479e+00 0.00000000000000e+00 -1.18909584422717e+00 -8.27078299717451e-01 -8.39794843493310e-01 -3.55496168267544e-01 -1.68165855463246e+00 -2.91269963696334e+00 -1.18911105815736e+00 -8.27078299717451e-01 -8.39794843493310e-01 -3.55496168267544e-01 -1.68165855463246e+00 2.91269963696334e+00 -1.18911105815736e+00
 1.66512133526753e+02 4.63057386842522e+00 -5.15945351855005e-01 -1.79579911900771e+01 -1.11045632761750e+02 -1.94907364284947e-07 0.00000000000000e+00 -9.71849671840276e-08 7.44047463466700e-07 0.00000000000000e+00 3.70997701961541e-07 4.72055256718862e-06 0.00000000000000e+00 2.35376731204391e-06 0.00000000000000e+00 0.00000000000000e+00 7.09540543040298e-08 -2.42052282824167e-07 3.12506277954650e-09 -3.82390406752793e-01 -2.25583622769159e-01 5.79948298378186e-01 -1.77162285970110e-07 0.00000000000000e+00 2.89172148523880e+00 -3.82389086291545e-01 -2.25582058058373e-01 5.79948458196741e-01 2.72633316070877e+00 0.00000000000000e+00 -9.63903578648779e-01 -3.82395804082405e-01 -2.25590018474465e-01 5.79947645054248e-01 -1.36319347306338e+00 -2.36110500874814e+00 -9.63922406739301e-01 -3.82395804082405e-01 -2.25590018474465e-01 5.79947645054248e-01 -1.36319347306338e+00 2.36110500874814e+00 -9.63922406739301e-01
 -2.62800730581196e-07 -2.91931888511026e-07 1.22136812027138e-07 1.59442389088490e-07 -1.94907364284947e-07 -3.81694058393661e+00 0.00000000000000e+00 9.58751625744128e-08 -7.57267240547434e+00 0.00000000000000e+00 1.13875297529447e-07 -1.21123259627721e+01 0.00000000000000e+00 1.00279390733519e-07 0.00000000000000e+00 0.00000000000000e+00 -7.62135260267939e-07 -1.55570798105045e-02 2.20036728094393e-02 2.59050233807463e-08 1.65374464149049e-08 -2.13356479426363e-08 -2.09218992044126e+00 0.00000000000000e+00 -8.26603479109734e-08 -1.43979596241922e+00 -1.85531126534988e+00 -2.12403984171462e+00 1.20328091972115e+00 0.00000000000000e+00 -1.16512257328842e+00 7.19903203571274e-01 9.27663545076514e-01 1.06203241355171e+00 -1.26832743504477e+00 1.42698468350115e+00 5.82567137683614e-01 7.19903203571274e-01 9.27663545076514e-01 1.06203241355171e+00 -1.26832743504477e+00 -1.42698468350115e+00 5.82567137683614e-01
 0.00000000000000e+00 0.00000000000000e+00 0.00000000000000e+00 0.00000000000000e+00 0.00000000000000e+00 0.00000000000000e+00 -3.81694048911993e+00 0.00000000000000e+00 0.00000000000000e+00 -7.57267211705780e+00 0.00000000000000e+00 0.00000000000000e+00 -1.21123258246481e+01 0.00000000000000e+00 -2.20008807451635e-02 -1.55572946997021e-02 0.00000000000000e+00 0.00000000000000e+00 0.00000000000000e+00 0.00000000000000e+00 0.00000000000000e+00 0.00000000000000e+00 0.00000000000000e+00 -2.09218990292121e+00 0.00000000000000e+00 0.00000000000000e+00 0.00000000000000e+00 0.00000000000000e+00 0.00000000000000e+00 -2.09218685165476e+00 0.00000000000000e+00 1.24690108347693e+00 1.60675030366054e+00 1.83948263369019e+00 1.42698421927198e+00 3.79391896353372e-01 1.00902933297328e+00 -1.24690108347693e+00 -1.60675030366054e+00 -1.83948263369019e+00 -1.42698421927198e+00 3.79391896353372e-01 -1.00902933297328e+00
 -1.31038005122627e-07 -1.45563419414020e-07 6.08997692455602e-08 7.95010510421465e-08 -9.71849671840276e-08 9.58751625744128e-08 0.00000000000000e+00 -3.81694061776383e+00 1.13875297529223e-07 0.00000000000000e+00 -7.57267241973615e+00 1.00279390733986e-07 0.00000000000000e+00 -1.21123259924113e+01 0.00000000000000e+00 0.00000000000000e+00 2.69478700603619e-02 1.47200728246487e-06 1.07444598658016e-07 -1.52713500102946e+00 -1.96785624722739e+00 -2.25288759696165e+00 2.15022002977465e-07 0.00000000000000e+00 1.61521162998850e+00 5.09044297107422e-01 6.55950997103003e-01 7.50960777324630e-01 -1.16512278583482e+00 0.00000000000000e+00 -1.68025417597958e+00 5.09047962394865e-01 6.55956574469940e-01 7.50969633615145e-01 5.82567095115547e-01 1.00902958750298e+00 -1.68026570357582e+00 5.09047962394865e-01 6.55956574469940e-01 7.50969633615145e-01 5.82567095115547e-01 -1.00902958750298e+00 -1.68026570357582e+00
 -4.91186241595753e-07 -1.67424115602249e-07 6.98859139334177e-07 1.49220328013526e-06 7.44047463466700e-07 -7.57267240547434e+00 0.00000000000000e+00 1.13875297529223e-07 -2.03021443018160e+01 0.00000000000000e+00 -9.92366145529836e-08 -4.40891263180142e+01 0.00000000000000e+00 -3.08916551540841e-07 0.00000000000000e+00 0.00000000000000e+00 -1.78823684764376e-06 2.25583159977330e-02 -3.18963669922732e-02 1.81146893294633e-07 1.74439752479720e-07 5.57416923340814e-08 -3.18975713054317e+00 0.00000000000000e+00 -4.93154005747839e-07 -2.10783145640757e+00 -2.80847734678602e+00 -3.24188715346783e+00 3.75224348515891e+00 0.00000000000000e+00 -2.45436307219515e+00 1.05392671215591e+00 1.40425573519920e+00 1.62097128584715e+00 -1.45426259684043e+00 3.00599191007435e+00 1.22719759850718e+00 1.05392671215591e+00 1.40425573519920e+00 1.62097128584715e+00 -1.45426259684043e+00 -3.00599191007435e+00 1.22719759850718e+00
 0.00000000000000e+00 0.00000000000000e+00 0.00000000000000e+00 0.00000000000000e+00 0.00000000000000e+00 0.00000000000000e+00 -7.57267211705780e+00 0.00000000000000e+00 0.00000000000000e+00 -2.03021436231492e+01 0.00000000000000e+00 0.00000000000000e+00 -4.40891260906545e+01 0.00000000000000e+00 3.19028071665328e-02 2.25579687520277e-02 0.00000000000000e+00 0.00000000000000e+00 0.00000000000000e+00 0.00000000000000e+00 0.00000000000000e+00 0.00000000000000e+00 0.00000000000000e+00 -3.18975705280789e+00 0.00000000000000e+00 0.00000000000000e+00 0.00000000000000e+00 0.00000000000000e+00 0.00000000000000e+00 -3.18975060075427e+00 0.00000000000000e+00 1.82544286008621e+00 2.43222669385135e+00 2.80758688601472e+00 3.00599094122230e+00 2.01671360932513e+00 2.12555466950339e+00 -1.82544286008621e+00 -2.43222669385135e+00 -2.80758688601472e+00 -3.00599094122230e+00 2.01671360932513e+00 -2.12555466950339e+00
 -2.44915851858632e-07 -8.34812169183974e-08 3.48465184408798e-07 7.44043128342918e-07 3.70997701961541e-07 1.13875297529447e-07 0.00000000000000e+00 -7.57267241973615e+00 -9.92366145529836e-08 0.00000000000000e+00 -2.03021441522848e+01 -3.08916551542204e-07 0.00000000000000e+00 -4.40891261304645e+01 0.00000000000000e+00 0.00000000000000e+00 -3.90671784005163e-02 3.34285718174841e-06 1.73622853518345e-07 -2.23569537778476e+00 -2.97884440869769e+00 -3.43854895011323e+00 2.97278849794439e-07 0.00000000000000e+00 4.61999162177267e+00 7.45230424129364e-01 9.92945917147815e-01 1.14617918076011e+00 -2.45436366832229e+00 0.00000000000000e+00 -2.32200293419768e+00 7.45237998813931e-01 9.92957796634187e-01 1.14619871492073e+00 1.22719750135416e+00 2.12555518631168e+00 -2.32202471547916e+00 7.45237998813931e-01 9.92957796634187e-01 1.14619871492073e+00 1.22719750135416e+00 -2.12555518631168e+00 -2.32202471547916e+00
 4.58814772767566e-07 2.24907077926696e-06 9.99444921667477e-07 3.19797283592007e-06 4.72055256718862e-06 -1.21123259627721e+01 0.00000000000000e+00 1.00279390733986e-07 -4.40891263180142e+01 0.00000000000000e+00 -3.08916551542204e-07 -1.43852882196329e+02 0.00000000000000e+00 -1.03179215807886e-06 0.00000000000000e+00 0.00000000000000e+00 -2.22291871099885e-06 3.17222050519917e-02 -4.48553266361476e-02 3.08407633480672e-07 3.16936399666185e-07 1.52175423865138e-07 -3.05176945892515e+00 0.00000000000000e+00 -8.81617404446248e-07 -1.94455058642875e+00 -2.50933957174936e+00 -2.33054438100358e+00 5.32022507155458e+00 0.00000000000000e+00 -2.95994143195884e+00 9.72287831911519e-01 1.25468904303980e+00 1.16530036050294e+00 -9.58769055787499e-01 3.62521533310312e+00 1.47999596903055e+00 9.72287831911519e-01 1.25468904303980e+00 1.16530036050294e+00 -9.58769055787499e-01 -3.62521533310312e+00 1.47999596903055e+00
 0.00000000000000e+00 0.00000000000000e+00 0.00000000000000e+00 0.00000000000000e+00 0.00000000000000e+00 0.00000000000000e+00 -1.21123258246481e+01 0.00000000000000e+00 0.00000000000000e+00 -4.40891260906545e+01 0.00000000000000e+00 0.00000000000000e+00 -1.43852882330068e+02 0.00000000000000e+00 4.48630586302970e-02 3.17221603935543e-02 0.00000000000000e+00 0.00000000000000e+00 0.00000000000000e+00 0.00000000000000e+00 0.00000000000000e+00 0.00000000000000e+00 0.00000000000000e+00 -3.05176944903311e+00 0.00000000000000e+00 0.00000000000000e+00 0.00000000000000e+00 0.00000000000000e+00 0.00000000000000e+00 -3.05176168362259e+00 0.00000000000000e+00 1.68404089404028e+00 2.17317103489914e+00 2.01834653077242e+00 3.62521442944103e+00 3.22721510426468e+00 2.56341134515144e+00 -1.68404089404028e+00 -2.17317103489914e+00 -2.01834653077242e+00 -3.62521442944103e+00 3.22721510426468e+00 -2.56341134515144e+00
 2.28774751408050e-07 1.12143426782827e-06 4.98343859555064e-07 1.59457624037085e-06 2.35376731204391e-06 1.00279390733519e-07 0.00000000000000e+00 -1.21123259924113e+01 -3.08916551540841e-07 0.00000000000000e+00 -4.40891261304645e+01 -1.03179215807886e-06 0.00000000000000e+00 -1.43852881701571e+02 0.00000000000000e+00 0.00000000000000e+00 -5.49388629616638e-02 3.88178599819591e-06 2.23292191099583e-08 -2.06251067262420e+00 -2.66156209773902e+00 -2.47192505840609e+00 1.48427612623751e-07 0.00000000000000e+00 6.36672947394750e+00 6.87502084122792e-01 8.87184966144106e-01 8.23971237027258e-01 -2.95994225199560e+00 0.00000000000000e+00 -2.00526506636042e+00 6.87510623196813e-01 8.87198246841858e-01 8.23990994801242e-01 1.47999586402630e+00 2.56341180226487e+00 -2.00528718329830e+00 6.87510623196813e-01 8.87198246841858e-01 8.23990994801242e-01 1.47999586402630e+00 -2.56341180226487e+00 -2.00528718329830e+00
 0.00000000000000e+00 0.00000000000000e+00 0.00000000000000e+00 0.00000000000000e+00 0.00000000000000e+00 0.00000000000000e+00 -2.20008807451635e-02 0.00000000000000e+00 0.00000000000000e+00 3.19028071665328e-02 0.00000000000000e+00 0.00000000000000e+00 4.48630586302970e-02 0.00000000000000e+00 -3.90342940413629e+01 5.07962675269373e-03 0.00000000000000e+00 0.00000000000000e+00 0.00000000000000e+00 0.00000000000000e+00 0.00000000000000e+00 0.00000000000000e+00 0.00000000000000e+00 -4.02678339198277e-03 0.00000000000000e+00 0.00000000000000e+00 0.00000000000000e+00 0.00000000000000e+00 0.00000000000000e+00 -4.36447424990535e+00 0.00000000000000e+00 -1.22674830701704e+00 -1.94595127444534e+00 -3.30059697444077e+00 1.17667841481482e+00 -2.32639516532192e+00 -1.83819677812902e+00 1.22674830701704e+00 1.94595127444534e+00 3.30059697444077e+00 -1.17667841481482e+00 -2.32639516532192e+00 1.83819677812902e+00
 0.00000000000000e+00 0.00000000000000e+00 0.00000000000000e+00 0.00000000000000e+00 0.00000000000000e+00 0.00000000000000e+00 -1.55572946997021e-02 0.00000000000000e+00 0.00000000000000e+00 2.25579687520277e-02 0.00000000000000e+00 0.00000000000000e+00 3.17221603935543e-02 0.00000000000000e+00 5.07962675269373e-03 -3.90378861362149e+01 0.00000000000000e+00 0.00000000000000e+00 0.00000000000000e+00 0.00000000000000e+00 0.00000000000000e+00 0.00000000000000e+00 0.00000000000000e+00 -4.62780801396379e+00 0.00000000000000e+00 0.00000000000000e+00 0.00000000000000e+00 0.00000000000000e+00 0.00000000000000e+00 1.53880207488360e+00 0.00000000000000e+00 -8.67441165321889e-01 -1.37599397352951e+00 -2.33387226413068e+00 -1.83819662394639e+00 -1.64500820123061e+00 2.47648348401159e+00 8.67441165321889e-01 1.37599397352951e+00 2.33387226413068e+00 1.83819662394639e+00 -1.64500820123061e+00 -2.47648348401159e+00
 -3.78119449355210e-08 -2.40863377320413e-08 -6.17877500992762e-08 1.03429536520054e-07 7.09540543040298e-08 -7.62135260267939e-07 0.00000000000000e+00 2.69478700603619e-02 -1.78823684764376e-06 0.00000000000000e+00 -3.90671784005163e-02 -2.22291871099885e-06 0.00000000000000e+00 -5.49388629616638e-02 0.00000000000000e+00 0.00000000000000e+00 -3.90307015667714e+01 -1.01881483727484e-06 4.36954713186554e-07 -1.84010824058028e+00 -2.91890137258944e+00 -4.95083617823025e+00 -1.73860949075189e-07 0.00000000000000e+00 2.93630203214672e+00 6.13368958247769e-01 9.72966231678078e-01 1.65027607966092e+00 -8.20750354827649e-02 0.00000000000000e+00 2.70416578713929e+00 6.13370451873013e-01 9.72969870773385e-01 1.65028893431722e+00 4.10256173980233e-02 7.10586343165865e-02 2.70419249718794e+00 6.13370451873013e-01 9.72969870773385e-01 1.65028893431722e+00 4.10256173980232e-02 -7.10586343165864e-02 2.70419249718794e+00
 1.09427244928654e-07 6.62288236972563e-08 -4.97990585648404e-07 -9.29536714889388e-07 -2.42052282824167e-07 -1.55570798105045e-02 0.00000000000000e+00 1.47200728246487e-06 2.25583159977330e-02 0.00000000000000e+00 3.34285718174841e-06 3.17222050519917e-02 0.00000000000000e+00 3.88178599819591e-06 0.00000000000000e+00 0.00000000000000e+00 -1.01881483727484e-06 -3.90378867671626e+01 -5.08188175235146e-03 2.25031581400252e-07 2.88811132454033e-07 2.57570202137490e-07 -4.62780809188779e+00 0.00000000000000e+00 -3.66981285874696e-07 1.00162610677450e+00 1.58884515579637e+00 2.69488571117148e+00 -2.70628937384929e+00 0.00000000000000e+00 -2.85958204447567e+00 -5.00820838892589e-01 -7.94435834854773e-01 -1.34747049802120e+00 4.77531912907280e-01 -1.83819776660780e+00 1.42980778831733e+00 -5.00820838892589e-01 -7.94435834854773e-01 -1.34747049802120e+00 4.77531912907280e-01 1.83819776660780e+00 1.42980778831733e+00
 -1.54992077822967e-08 -1.23314176513310e-08 -5.03898579643112e-07 -4.03230147551275e-07 3.12506277954650e-09 2.20036728094393e-02 0.00000000000000e+00 1.07444598658016e-07 -3.18963669922732e-02 0.00000000000000e+00 1.73622853518345e-07 -4.48553266361476e-02 0.00000000000000e+00 2.23292191099583e-08 0.00000000000000e+00 0.00000000000000e+00 4.36954713186554e-07 -5.08188175235146e-03 -3.90342948165352e+01 -1.38730971506190e-07 -1.22217247500201e-07 -3.83036622375176e-08 4.02769446371156e-03 0.00000000000000e+00 2.83023838070393e-07 -1.41651448439029e+00 -2.24696831632772e+00 -3.81114725116890e+00 1.64705118527026e+00 0.00000000000000e+00 -2.12254554920650e+00 7.08253877253030e-01 1.12348059749598e+00 1.90557601364444e+00 3.68514321638022e+00 -1.17672878534572e+00 1.06126967737019e+00 7.08253877253030e-01 1.12348059749598e+00 1.90557601364444e+00 3.68514321638022e+00 1.17672878534572e+00 1.06126967737019e+00
 -1.83334500080358e-01 -2.55815776461258e-01 -8.24671170227218e-01 -8.27070268825474e-01 -3.82390406752793e-01 2.59050233807463e-08 0.00000000000000e+00 -1.52713500102946e+00 1.81146893294633e-07 0.00000000000000e+00 -2.23569537778476e+00 3.08407633480672e-07 0.00000000000000e+00 -2.06251067262420e+00 0.00000000000000e+00 0.00000000000000e+00 -1.84010824058028e+00 2.25031581400252e-07 -1.38730971506190e-07 -1.93170139675986e+00 -2.65671117515193e+00 -4.11657103930653e+00 1.05293205669583e-07 0.00000000000000e+00 5.70891589958952e-01 -1.28293564867465e-01 -6.04834529858452e-02 7.83235047411231e-02 2.97699269078846e-01 0.00000000000000e+00 -5.76748493068440e-01 -1.28294591297233e-01 -6.04844254035572e-02 7.83233208701416e-02 -1.48850810057464e-01 -2.57815520616718e-01 -5.76752721875266e-01 -1.28294591297233e-01 -6.04844254035572e-02 7.83233208701417e-02 -1.48850810057464e-01 2.57815520616718e-01 -5.76752721875266e-01
 -5.65015061562508e-02 -1.03669782052519e-01 -9.01818095607313e-01 -8.39783754900142e-01 -2.25583622769159e-01 1.65374464149049e-08 0.00000000000000e+00 -1.96785624722739e+00 1.74439752479720e-07 0.00000000000000e+00 -2.97884440869769e+00 3.16936399666185e-07 0.00000000000000e+00 -2.66156209773902e+00 0.00000000000000e+00 0.00000000000000e+00 -2.91890137258944e+00 2.88811132454033e-07 -1.22217247500201e-07 -2.65671117515193e+00 -3.83375696113521e+00 -6.51703786431381e+00 1.27448699033426e-07 0.00000000000000e+00 6.96707781521824e-01 -6.04834637809052e-02 2.93481915465413e-02 1.85948956100182e-01 2.62407636806247e-01 0.00000000000000e+00 -5.98866669432314e-01 -6.04843812793074e-02 2.93474570802559e-02 1.85949346803354e-01 -1.31205123176512e-01 -2.27252458626396e-01 -5.98871756738592e-01 -6.04843812793074e-02 2.93474570802559e-02 1.85949346803354e-01 -1.31205123176512e-01 2.27252458626396e-01 -5.98871756738592e-01
 4.62437024174519e-01 5.61755665683327e-01 -7.52232376362016e-01 -3.55483070514566e-01 5.79948298378186e-01 -2.13356479426363e-08 0.00000000000000e+00 -2.25288759696165e+00 5.57416923340814e-08 0.00000000000000e+00 -3.43854895011323e+00 1.52175423865138e-07 0.00000000000000e+00 -2.47192505840609e+00 0.00000000000000e+00 0.00000000000000e+00 -4.95083617823025e+00 2.57570202137490e-07 -3.83036622375176e-08 -4.11657103930653e+00 -6.51703786431381e+00 -1.34045927810506e+01 1.17417153670632e-07 0.00000000000000e+00 6.76754359912015e-01 7.83235129939544e-02 1.85948981526651e-01 3.14612424795455e-01 3.74456693702955e-02 0.00000000000000e+00 -3.34207146180297e-01 7.83232871372865e-02 1.85949242874057e-01 3.14614197186692e-01 -1.87236639661754e-02 -3.24300557026481e-02 -3.34211406623211e-01 7.83232871372865e-02 1.85949242874057e-01 3.14614197186692e-01 -1.87236639661754e-02 3.24300557026481e-02 -3.34211406623211e-01
 -1.11897080251949e-07 -1.58158059738330e-07 3.36589167890112e-08 -7.87263328179867e-09 -1.77162285970110e-07 -2.09218992044126e+00 0.00000000000000e+00 2.15022002977465e-07 -3.18975713054317e+00 0.00000000000000e+00 2.97278849794439e-07 -3.05176945892515e+00 0.00000000000000e+00 1.48427612623751e-07 0.00000000000000e+00 0.00000000000000e+00 -1.73860949075189e-07 -4.62780809188779e+00 4.02769446371156e-03 1.05293205669583e-07 1.27448699033426e-07 1.17417153670632e-07 -7.18623704801582e+00 0.00000000000000e+00 -7.54004830802189e-08 -4.44531133840745e-01 -4.77148189279369e-01 -3.02611736788206e-01 4.14794557940424e-01 0.00000000000000e+00 -1.20319132911039e+00 2.22267081280423e-01 2.38576114409060e-01 1.51308039839729e-01 -3.49207340892661e-01 4.41096400113822e-01 6.01600802907573e-01 2.22267081280423e-01 2.38576114409060e-01 1.51308039839729e-01 -3.49207340892661e-01 -4.41096400113822e-01 6.01600802907573e-01
 0.00000000000000e+00 0.00000000000000e+00 0.00000000000000e+00 0.00000000000000e+00 0.00000000000000e+00 0.00000000000000e+00 -2.09218990292121e+00 0.00000000000000e+00 0.00000000000000e+00 -3.18975705280789e+00 0.00000000000000e+00 0.00000000000000e+00 -3.05176944903311e+00 0.00000000000000e+00 -4.02678339198277e-03 -4.62780801396379e+00 0.00000000000000e+00 0.00000000000000e+00 0.00000000000000e+00 0.00000000000000e+00 0.00000000000000e+00 0.00000000000000e+00 0.00000000000000e+00 -7.18623692069407e+00 0.00000000000000e+00 0.00000000000000e+00 0.00000000000000e+00 0.00000000000000e+00 0.00000000000000e+00 -6.03871266262632e-01 0.00000000000000e+00 3.84975516737153e-01 4.13223430933764e-01 2.62071660603237e-01 4.41096345298446e-01 1.60120592470092e-01 1.04199643827954e+00 -3.84975516737153e-01 -4.13223430933764e-01 -2.62071660603237e-01 -4.41096345298446e-01 1.60120592470092e-01 -1.04199643827954e+00
 1.58460523478083e+00 2.12747702361961e+00 2.06244541188625e+00 3.56729648843147e+00 2.89172148523880e+00 -8.26603479109734e-08 0.00000000000000e+00 1.61521162998850e+00 -4.93154005747839e-07 0.00000000000000e+00 4.61999162177267e+00 -8.81617404446248e-07 0.00000000000000e+00 6.36672947394750e+00 0.00000000000000e+00 0.00000000000000e+00 2.93630203214672e+00 -3.66981285874696e-07 2.83023838070393e-07 5.70891589958952e-01 6.96707781521824e-01 6.76754359912015e-01 -7.54004830802189e-08 0.00000000000000e+00 -7.38080034659656e+00 4.72922843769947e-01 4.47022280945209e-01 1.46706400231345e-01 -1.12004029002434e+00 0.00000000000000e+00 1.23617849080783e+00 4.72926228022848e-01 4.47026422180483e-01 1.46709650095812e-01 5.60025035760092e-01 9.69985705996292e-01 1.23618900350244e+00 4.72926228022848e-01 4.47026422180483e-01 1.46709650095812e-01 5.60025035760092e-01 -9.69985705996292e-01 1.23618900350244e+00
 -1.83333803173827e-01 -2.55814837823897e-01 -8.24669941379714e-01 -8.27068304055140e-01 -3.82389086291545e-01 -1.43979596241922e+00 0.00000000000000e+00 5.09044297107422e-01 -2.10783145640757e+00 0.00000000000000e+00 7.45230424129364e-01 -1.94455058642875e+00 0.00000000000000e+00 6.87502084122792e-01 0.00000000000000e+00 0.00000000000000e+00 6.13368958247769e-01 1.00162610677450e+00 -1.41651448439029e+00 -1.28293564867465e-01 -6.04834637809052e-02 7.83235129939544e-02 -4.44531133840745e-01 0.00000000000000e+00 4.72922843769947e-01 -1.93170063021285e+00 -2.65671001662716e+00 -4.11656900610049e+00 5.38241663103795e-01 0.00000000000000e+00 -1.90296920406787e-01 -1.28294086275863e-01 -6.04839181167836e-02 7.83235876214269e-02 -5.93383515455322e-01 -2.57814604036844e-01 5.19131462612724e-02 -1.28294086275863e-01 -6.04839181167836e-02 7.83235876214269e-02 -5.93383515455322e-01 2.57814604036844e-01 5.19131462612724e-02
 -5.65007916213582e-02 -1.03668770934812e-01 -9.01816416241748e-01 -8.39781042061403e-01 -2.25582058058373e-01 -1.85531126534988e+00 0.00000000000000e+00 6.55950997103003e-01 -2.80847734678602e+00 0.00000000000000e+00 9.92945917147815e-01 -2.50933957174936e+00 0.00000000000000e+00 8.87184966144106e-01 0.00000000000000e+00 0.00000000000000e+00 9.72966231678078e-01 1.58884515579637e+00 -2.24696831632772e+00 -6.04834529858452e-02 2.93481915465413e-02 1.85948981526651e-01 -4.77148189279369e-01 0.00000000000000e+00 4.47022280945209e-01 -2.65671001662716e+00 -3.83375518087639e+00 -6.51703460322608e+00 6.56862201964846e-01 0.00000000000000e+00 -2.32235560897233e-01 -6.04838631977067e-02 2.93479406670374e-02 1.85949476082094e-01 -6.08355210722773e-01 -2.27251354797359e-01 7.59226123299476e-02 -6.04838631977067e-02 2.93479406670374e-02 1.85949476082094e-01 -6.08355210722773e-01 2.27251354797359e-01 7.59226123299476e-02
 4.62436450771629e-01 5.61755161538980e-01 -7.52230172261838e-01 -3.55479866144121e-01 5.79948458196741e-01 -2.12403984171462e+00 0.00000000000000e+00 7.50960777324630e-01 -3.24188715346783e+00 0.00000000000000e+00 1.14617918076011e+00 -2.33054438100358e+00 0.00000000000000e+00 8.23971237027258e-01 0.00000000000000e+00 0.00000000000000e+00 1.65027607966092e+00 2.69488571117148e+00 -3.81114725116890e+00 7.83235047411231e-02 1.85948956100182e-01 3.14612424795455e-01 -3.02611736788206e-01 0.00000000000000e+00 1.46706400231345e-01 -4.11656900610049e+00 -6.51703460322608e+00 -1.34045861108772e+01 6.38049745298222e-01 0.00000000000000e+00 -2.25584365692814e-01 7.83235456349572e-02 1.85949346725675e-01 3.14613782959439e-01 -3.21337049096803e-01 -3.24291908876146e-02 9.37508117264357e-02 7.83235456349572e-02 1.85949346725675e-01 3.14613782959439e-01 -3.21337049096803e-01 3.24291908876146e-02 9.37508117264357e-02
 1.49397506623852e+00 2.00579804952592e+00 1.94449105470925e+00 3.36327405411479e+00 2.72633316070877e+00 1.20328091972115e+00 0.00000000000000e+00 -1.16512278583482e+00 3.75224348515891e+00 0.00000000000000e+00 -2.45436366832229e+00 5.32022507155458e+00 0.00000000000000e+00 -2.95994225199560e+00 0.00000000000000e+00 0.00000000000000e+00 -8.20750354827649e-02 -2.70628937384929e+00 1.64705118527026e+00 2.97699269078846e-01 2.62407636806247e-01 3.74456693702955e-02 4.14794557940424e-01 0.00000000000000e+00 -1.12004029002434e+00 5.38241663103795e-01 6.56862201964846e-01 6.38049745298222e-01 -7.35917929267808e+00 0.00000000000000e+00 6.11454071651357e-02 5.19966921844730e-01 5.00984339026765e-01 1.88753668830144e-01 1.42509628222820e+00 1.06154053324838e+00 -6.72871365625425e-02 5.19966921844730e-01 5.00984339026765e-01 1.88753668830144e-01 1.42509628222820e+00 -1.06154053324838e+00 -6.72871365625425e-02
 0.00000000000000e+00 0.00000000000000e+00 0.00000000000000e+00 0.00000000000000e+00 0.00000000000000e+00 0.00000000000000e+00 -2.09218685165476e+00 0.00000000000000e+00 0.00000000000000e+00 -3.18975060075427e+00 0.00000000000000e+00 0.00000000000000e+00 -3.05176168362259e+00 0.00000000000000e+00 -4.36447424990535e+00 1.53880207488360e+00 0.00000000000000e+00 0.00000000000000e+00 0.00000000000000e+00 0.00000000000000e+00 0.00000000000000e+00 0.00000000000000e+00 0.00000000000000e+00 -6.03871266262632e-01 0.00000000000000e+00 0.00000000000000e+00 0.00000000000000e+00 0.00000000000000e+00 0.00000000000000e+00 -7.18623352614392e+00 0.00000000000000e+00 3.84974561920452e-01 4.13222226345668e-01 2.62070520671359e-01 1.12943339394088e+00 1.60120079579896e-01 6.85369266687467e-02 -3.84974561920452e-01 -4.13222226345668e-01 -2.62070520671359e-01 -1.12943339394088e+00 1.60120079579896e-01 -6.85369266687467e-02
 -5.28199553218813e-01 -7.09156172805301e-01 -6.87480743819761e-01 -1.18909584422717e+00 -9.63903578648779e-01 -1.16512257328842e+00 0.00000000000000e+00 -1.68025417597958e+00 -2.45436307219515e+00 0.00000000000000e+00 -2.32200293419768e+00 -2.95994143195884e+00 0.00000000000000e+00 -2.00526506636042e+00 0.00000000000000e+00 0.00000000000000e+00 2.70416578713929e+00 -2.85958204447567e+00 -2.12254554920650e+00 -5.76748493068440e-01 -5.98866669432314e-01 -3.34207146180297e-01 -1.20319132911039e+00 0.00000000000000e+00 1.23617849080783e+00 -1.90296920406787e-01 -2.32235560897233e-01 -2.25584365692814e-01 6.11454071651357e-02 0.00000000000000e+00 -7.20785177755870e+00 5.19131446134990e-02 7.59226705553069e-02 9.37511374002132e-02 -2.57111158382860e-02 9.25407021785773e-02 -5.38114451454462e-01 5.19131446134990e-02 7.59226705553069e-02 9.37511374002132e-02 -2.57111158382860e-02 -9.25407021785773e-02 -5.38114451454462e-01
 -1.83337348657130e-01 -2.55819613102641e-01 -8.24676193061364e-01 -8.27078299717451e-01 -3.82395804082405e-01 7.19903203571274e-01 1.24690108347693e+00 5.09047962394865e-01 1.05392671215591e+00 1.82544286008621e+00 7.45237998813931e-01 9.72287831911519e-01 1.68404089404028e+00 6.87510623196813e-01 -1.22674830701704e+00 -8.67441165321889e-01 6.13370451873013e-01 -5.00820838892589e-01 7.08253877253030e-01 -1.28294591297233e-01 -6.04843812793074e-02 7.83232871372865e-02 2.22267081280423e-01 3.84975516737153e-01 4.72926228022848e-01 -1.28294086275863e-01 -6.04838631977067e-02 7.83235456349572e-02 5.19966921844730e-01 3.84974561920452e-01 5.19131446134990e-02 -1.93170452997010e+00 -2.65671591054731e+00 -4.11657934991266e+00 -2.69122157484240e-01 -4.66130860251785e-01 -1.90297969661872e-01 -1.28298198386958e-01 -6.04881622162811e-02 7.83210992931683e-02 7.34159626881524e-02 6.42803544223968e-01 5.19128819874951e-02
 -5.65044267976037e-02 -1.03673914966574e-01 -9.01824959908887e-01 -8.39794843493310e-01 -2.25590018474465e-01 9.27663545076514e-01 1.60675030366054e+00 6.55956574469940e-01 1.40425573519920e+00 2.43222669385135e+00 9.92957796634187e-01 1.25468904303980e+00 2.17317103489914e+00 8.87198246841858e-01 -1.94595127444534e+00 -1.37599397352951e+00 9.72969870773385e-01 -7.94435834854773e-01 1.12348059749598e+00 -6.04844254035572e-02 2.93474570802559e-02 1.85949242874057e-01 2.38576114409060e-01 4.13223430933764e-01 4.47026422180483e-01 -6.04839181167836e-02 2.93479406670374e-02 1.85949346725675e-01 5.00984339026765e-01 4.13222226345668e-01 7.59226705553069e-02 -2.65671591054731e+00 -3.83376423783082e+00 -6.51705119381462e+00 -3.28432935451885e-01 -5.68859608961935e-01 -2.32236993241459e-01 -6.04881622162811e-02 2.93437546679594e-02 1.85947899304791e-01 1.07370840641538e-01 6.40491453469461e-01 7.59225869411294e-02
 4.62439367903050e-01 5.61757726305996e-01 -7.52241385498984e-01 -3.55496168267544e-01 5.79947645054248e-01 1.06203241355171e+00 1.83948263369019e+00 7.50969633615145e-01 1.62097128584715e+00 2.80758688601472e+00 1.14619871492073e+00 1.16530036050294e+00 2.01834653077242e+00 8.23990994801242e-01 -3.30059697444077e+00 -2.33387226413068e+00 1.65028893431722e+00 -1.34747049802120e+00 1.90557601364444e+00 7.83233208701416e-02 1.85949346803354e-01 3.14614197186692e-01 1.51308039839729e-01 2.62071660603237e-01 1.46709650095812e-01 7.83235876214269e-02 1.85949476082094e-01 3.14613782959439e-01 1.88753668830144e-01 2.62070520671359e-01 9.37511374002132e-02 -4.11657934991266e+00 -6.51705119381462e+00 -1.34046200449961e+01 -3.19027163471646e-01 -5.52568384533194e-01 -2.25586110087041e-01 7.83210992931683e-02 1.85947899304791e-01 3.14616225247004e-01 1.32584909407937e-01 2.94515710107119e-01 9.37516120660523e-02
 -7.47004005043643e-01 -1.00292041617995e+00 -9.72252943298058e-01 -1.68165855463246e+00 -1.36319347306338e+00 -1.26832743504477e+00 1.42698421927198e+00 5.82567095115547e-01 -1.45426259684043e+00 3.00599094122230e+00 1.22719750135416e+00 -9.58769055787499e-01 3.62521442944103e+00 1.47999586402630e+00 1.17667841481482e+00 -1.83819662394639e+00 4.10256173980233e-02 4.77531912907280e-01 3.68514321638022e+00 -1.48850810057464e-01 -1.31205123176512e-01 -1.87236639661754e-02 -3.49207340892661e-01 4.41096345298446e-01 5.60025035760092e-01 -5.93383515455322e-01 -6.08355210722773e-01 -3.21337049096803e-01 1.42509628222820e+00 1.12943339394088e+00 -2.57111158382860e-02 -2.69122157484240e-01 -3.28432935451885e-01 -3.19027163471646e-01 -7.22948702850090e+00 -7.48868442260605e-02 -3.05726014865055e-02 7.34159626881524e-02 1.07370840641538e-01 1.32584909407938e-01 -4.72365850779571e-01 -3.39440941012095e-02 9.29992365420973e-02
 -1.29384051694331e+00 -1.73709782274749e+00 -1.68398103841420e+00 -2.91269963696334e+00 -2.36110500874814e+00 1.42698468350115e+00 3.79391896353372e-01 1.00902958750298e+00 3.00599191007435e+00 2.01671360932513e+00 2.12555518631168e+00 3.62521533310312e+00 3.22721510426468e+00 2.56341180226487e+00 -2.32639516532192e+00 -1.64500820123061e+00 7.10586343165865e-02 -1.83819776660780e+00 -1.17672878534572e+00 -2.57815520616718e-01 -2.27252458626396e-01 -3.24300557026481e-02 4.41096400113822e-01 1.60120592470092e-01 9.69985705996292e-01 -2.57814604036844e-01 -2.27251354797359e-01 -3.24291908876146e-02 1.06154053324838e+00 1.60120079579896e-01 9.25407021785773e-02 -4.66130860251785e-01 -5.68859608961935e-01 -5.52568384533194e-01 -7.48868442260605e-02 -7.31595811734499e+00 -5.29529654389535e-02 -6.42803544223968e-01 -6.40491453469461e-01 -2.94515710107119e-01 3.39440941012095e-02 2.05759719212356e+00 2.40020653960188e-02
 -5.28211081932771e-01 -7.09171131055502e-01 -6.87486023379570e-01 -1.18911105815736e+00 -9.63922406739301e-01 5.82567137683614e-01 1.00902933297328e+00 -1.68026570357582e+00 1.22719759850718e+00 2.12555466950339e+00 -2.32202471547916e+00 1.47999596903055e+00 2.56341134515144e+00 -2.00528718329830e+00 -1.83819677812902e+00 2.47648348401159e+00 2.70419249718794e+00 1.42980778831733e+00 1.06126967737019e+00 -5.76752721875266e-01 -5.98871756738592e-01 -3.34211406623211e-01 6.01600802907573e-01 1.04199643827954e+00 1.23618900350244e+00 5.19131462612724e-02 7.59226123299476e-02 9.37508117264357e-02 -6.72871365625425e-02 6.85369266687467e-02 -5.38114451454462e-01 -1.90297969661872e-01 -2.32236993241459e-01 -2.25586110087041e-01 -3.05726014865055e-02 -5.29529654389535e-02 -7.20786889495837e+00 5.19128819874951e-02 7.59225869411294e-02 9.37516120660523e-02 9.29992365420973e-02 -2.40020653960188e-02 -5.38126396204265e-01
 -1.83337348657130e-01 -2.55819613102641e-01 -8.24676193061364e-01 -8.27078299717451e-01 -3.82395804082405e-01 7.19903203571274e-01 -1.24690108347693e+00 5.09047962394865e-01 1.05392671215591e+00 -1.82544286008621e+00 7.45237998813931e-01 9.72287831911519e-01 -1.68404089404028e+00 6.87510623196813e-01 1.22674830701704e+00 8.67441165321889e-01 6.13370451873013e-01 -5.00820838892589e-01 7.08253877253030e-01 -1.28294591297233e-01 -6.04843812793074e-02 7.83232871372865e-02 2.22267081280423e-01 -3.84975516737153e-01 4.72926228022848e-01 -1.28294086275863e-01 -6.04838631977067e-02 7.83235456349572e-02 5.19966921844730e-01 -3.84974561920452e-01 5.19131446134990e-02 -1.28298198386958e-01 -6.04881622162811e-02 7.83210992931683e-02 7.34159626881524e-02 -6.42803544223968e-01 5.19128819874951e-02 -1.93170452997010e+00 -2.65671591054731e+00 -4.11657934991266e+00 -2.69122157484240e-01 4.66130860251785e-01 -1.90297969661872e-01
 -5.65044267976036e-02 -1.03673914966574e-01 -9.01824959908887e-01 -8.39794843493310e-01 -2.25590018474465e-01 9.27663545076514e-01 -1.60675030366054e+00 6.55956574469940e-01 1.40425573519920e+00 -2.43222669385135e+00 9.92957796634187e-01 1.25468904303980e+00 -2.17317103489914e+00 8.87198246841858e-01 1.94595127444534e+00 1.37599397352951e+00 9.72969870773385e-01 -7.94435834854773e-01 1.12348059749598e+00 -6.04844254035572e-02 2.93474570802559e-02 1.85949242874057e-01 2.38576114409060e-01 -4.13223430933764e-01 4.47026422180483e-01 -6.04839181167836e-02 2.93479406670374e-02 1.85949346725675e-01 5.00984339026765e-01 -4.13222226345668e-01 7.59226705553069e-02 -6.04881622162811e-02 2.93437546679594e-02 1.85947899304791e-01 1.07370840641538e-01 -6.40491453469461e-01 7.59225869411294e-02 -2.65671591054731e+00 -3.83376423783082e+00 -6.51705119381462e+00 -3.28432935451885e-01 5.68859608961935e-01 -2.32236993241459e-01
 4.62439367903050e-01 5.61757726305997e-01 -7.52241385498984e-01 -3.55496168267544e-01 5.79947645054248e-01 1.06203241355171e+00 -1.83948263369019e+00 7.50969633615145e-01 1.62097128584715e+00 -2.80758688601472e+00 1.14619871492073e+00 1.16530036050294e+00 -2.01834653077242e+00 8.23990994801242e-01 3.30059697444077e+00 2.33387226413068e+00 1.65028893431722e+00 -1.34747049802120e+00 1.90557601364444e+00 7.83233208701417e-02 1.85949346803354e-01 3.14614197186692e-01 1.51308039839729e-01 -2.62071660603237e-01 1.46709650095812e-01 7.83235876214269e-02 1.85949476082094e-01 3.14613782959439e-01 1.88753668830144e-01 -2.62070520671359e-01 9.37511374002132e-02 7.83210992931683e-02 1.85947899304791e-01 3.14616225247004e-01 1.32584909407938e-01 -2.94515710107119e-01 9.37516120660523e-02 -4.11657934991266e+00 -6.51705119381462e+00 -1.34046200449961e+01 -3.19027163471646e-01 5.52568384533194e-01 -2.25586110087041e-01
 -7.47004005043643e-01 -1.00292041617995e+00 -9.72252943298058e-01 -1.68165855463246e+00 -1.36319347306338e+00 -1.26832743504477e+00 -1.42698421927198e+00 5.82567095115547e-01 -1.45426259684043e+00 -3.00599094122230e+00 1.22719750135416e+00 -9.58769055787499e-01 -3.62521442944103e+00 1.47999586402630e+00 -1.17667841481482e+00 1.83819662394639e+00 4.10256173980232e-02 4.77531912907280e-01 3.68514321638022e+00 -1.48850810057464e-01 -1.31205123176512e-01 -1.87236639661754e-02 -3.49207340892661e-01 -4.41096345298446e-01 5.60025035760092e-01 -5.93383515455322e-01 -6.08355210722773e-01 -3.21337049096803e-01 1.42509628222820e+00 -1.12943339394088e+00 -2.57111158382860e-02 7.34159626881524e-02 1.07370840641538e-01 1.32584909407937e-01 -4.72365850779571e-01 3.39440941012095e-02 9.29992365420973e-02 -2.69122157484240e-01 -3.28432935451885e-01 -3.19027163471646e-01 -7.22948702850090e+00 7.48868442260605e-02 -3.05726014865055e-02
 1.29384051694331e+00 1.73709782274749e+00 1.68398103841420e+00 2.91269963696334e+00 2.36110500874814e+00 -1.42698468350115e+00 3.79391896353372e-01 -1.00902958750298e+00 -3.00599191007435e+00 2.01671360932513e+00 -2.12555518631168e+00 -3.62521533310312e+00 3.22721510426468e+00 -2.56341180226487e+00 -2.32639516532192e+00 -1.64500820123061e+00 -7.10586343165864e-02 1.83819776660780e+00 1.17672878534572e+00 2.57815520616718e-01 2.27252458626396e-01 3.24300557026481e-02 -4.41096400113822e-01 1.60120592470092e-01 -9.69985705996292e-01 2.57814604036844e-01 2.27251354797359e-01 3.24291908876146e-02 -1.06154053324838e+00 1.60120079579896e-01 -9.25407021785773e-02 6.42803544223968e-01 6.40491453469461e-01 2.94515710107119e-01 -3.39440941012095e-02 2.05759719212356e+00 -2.40020653960188e-02 4.66130860251785e-01 5.68859608961935e-01 5.52568384533194e-01 7.48868442260605e-02 -7.31595811734499e+00 5.29529654389535e-02
 -5.28211081932771e-01 -7.09171131055502e-01 -6.87486023379570e-01 -1.18911105815736e+00 -9.63922406739301e-01 5.82567137683614e-01 -1.00902933297328e+00 -1.68026570357582e+00 1.22719759850718e+00 -2.12555466950339e+00 -2.32202471547916e+00 1.47999596903055e+00 -2.56341134515144e+00 -2.00528718329830e+00 1.83819677812902e+00 -2.47648348401159e+00 2.70419249718794e+00 1.42980778831733e+00 1.06126967737019e+00 -5.76752721875266e-01 -5.98871756738592e-01 -3.34211406623211e-01 6.01600802907573e-01 -1.04199643827954e+00 1.23618900350244e+00 5.19131462612724e-02 7.59226123299476e-02 9.37508117264357e-02 -6.72871365625425e-02 -6.85369266687467e-02 -5.38114451454462e-01 5.19128819874951e-02 7.59225869411294e-02 9.37516120660523e-02 9.29992365420973e-02 2.40020653960188e-02 -5.38126396204265e-01 -1.90297969661872e-01 -2.32236993241459e-01 -2.25586110087041e-01 -3.05726014865055e-02 5.29529654389535e-02 -7.20786889495837e+00
