olintsd:
 1.30709578000439e-02 1.58281150607076e-02 1.95824965940099e-02 0.00000000000000e+00 0.00000000000000e+00 0.00000000000000e+00 9.03521469469618e-03 9.74407945120304e-03 8.85664230365358e-03 0.00000000000000e+00 0.00000000000000e+00 -1.09469160060661e-02 1.58281150607076e-02 1.95111673283454e-02 2.50991827760421e-02 0.00000000000000e+00 0.00000000000000e+00 0.00000000000000e+00 1.06226881364056e-02 1.15472230226967e-02 1.06088887919368e-02 0.00000000000000e+00 0.00000000000000e+00 -1.37014933902492e-02 1.95824965940099e-02 2.50991827760421e-02 3.52607129160024e-02 0.00000000000000e+00 0.00000000000000e+00 0.00000000000000e+00 1.22088137108793e-02 1.34571995120990e-02 1.25478482341159e-02 0.00000000000000e+00 0.00000000000000e+00 -1.78867949865737e-02 0.00000000000000e+00 0.00000000000000e+00 0.00000000000000e+00 1.16128499597491e-02 0.00000000000000e+00 0.00000000000000e+00 0.00000000000000e+00 0.00000000000000e+00 0.00000000000000e+00 6.69519033228449e-03 0.00000000000000e+00 0.00000000000000e+00 0.00000000000000e+00 0.00000000000000e+00 0.00000000000000e+00 0.00000000000000e+00 1.16128499597491e-02 0.00000000000000e+00 0.00000000000000e+00 0.00000000000000e+00 0.00000000000000e+00 0.00000000000000e+00 6.69519033228449e-03 0.00000000000000e+00 0.00000000000000e+00 0.00000000000000e+00 0.00000000000000e+00 0.00000000000000e+00 0.00000000000000e+00 1.16128499597491e-02 3.47920386610345e-03 4.89199530306007e-03 7.10569312159279e-03 0.00000000000000e+00 0.00000000000000e+00 1.62169233222707e-04 9.03521469469618e-03 1.06226881364056e-02 1.22088137108793e-02 0.00000000000000e+00 0.00000000000000e+00 3.47920386610345e-03 7.90244642488222e-03 8.91452063337763e-03 9.19799897159870e-03 0.00000000000000e+00 0.00000000000000e+00 -6.51697216724098e-03 9.74407945120304e-03 1.15472230226967e-02 1.34571995120990e-02 0.00000000000000e+00 0.00000000000000e+00 4.89199530306007e-03 8.91452063337763e-03 1.02776347168368e-02 1.11480436585586e-02 0.00000000000000e+00 0.00000000000000e+00 -7.04177164806256e-03 8.85664230365358e-03 1.06088887919368e-02 1.25478482341159e-02 0.00000000000000e+00 0.00000000000000e+00 7.10569312159279e-03 9.19799897159870e-03 1.11480436585586e-02 1.35986103486607e-02 0.00000000000000e+00 0.00000000000000e+00 -6.30017460658249e-03 0.00000000000000e+00 0.00000000000000e+00 0.00000000000000e+00 6.69519033228449e-03 0.00000000000000e+00 0.00000000000000e+00 0.00000000000000e+00 0.00000000000000e+00 0.00000000000000e+00 6.50215067984938e-03 0.00000000000000e+00 0.00000000000000e+00 0.00000000000000e+00 0.00000000000000e+00 0.00000000000000e+00 0.00000000000000e+00 6.69519033228449e-03 0.00000000000000e+00 0.00000000000000e+00 0.00000000000000e+00 0.00000000000000e+00 0.00000000000000e+00 6.50215067984938e-03 0.00000000000000e+00 -1.09469160060661e-02 -1.37014933902492e-02 -1.78867949865737e-02 0.00000000000000e+00 0.00000000000000e+00 1.62169233222707e-04 -6.51697216724098e-03 -7.04177164806256e-03 -6.30017460658249e-03 0.00000000000000e+00 0.00000000000000e+00 1.19176748367244e-02
 1.58281150607076e-02 1.95111673283454e-02 2.50991827760421e-02 0.00000000000000e+00 0.00000000000000e+00 0.00000000000000e+00 1.06226881364056e-02 1.15472230226967e-02 1.06088887919368e-02 0.00000000000000e+00 0.00000000000000e+00 -1.37014933902492e-02 1.95111673283454e-02 2.44231506442356e-02 3.25115291967155e-02 0.00000000000000e+00 0.00000000000000e+00 0.00000000000000e+00 1.27398078323639e-02 1.39328355972318e-02 1.28951752229203e-02 0.00000000000000e+00 0.00000000000000e+00 -1.73068123749417e-02 2.50991827760420e-02 3.25115291967155e-02 4.68070871240717e-02 0.00000000000000e+00 0.00000000000000e+00 0.00000000000000e+00 1.53042166230026e-02 1.69176977330137e-02 1.58005428929539e-02 0.00000000000000e+00 0.00000000000000e+00 -2.31449357641293e-02 0.00000000000000e+00 0.00000000000000e+00 0.00000000000000e+00 1.34059142894447e-02 0.00000000000000e+00 0.00000000000000e+00 0.00000000000000e+00 0.00000000000000e+00 0.00000000000000e+00 7.43568914837194e-03 0.00000000000000e+00 0.00000000000000e+00 0.00000000000000e+00 0.00000000000000e+00 0.00000000000000e+00 0.00000000000000e+00 1.34059142894447e-02 0.00000000000000e+00 0.00000000000000e+00 0.00000000000000e+00 0.00000000000000e+00 0.00000000000000e+00 7.43568914837194e-03 0.00000000000000e+00 0.00000000000000e+00 0.00000000000000e+00 0.00000000000000e+00 0.00000000000000e+00 0.00000000000000e+00 1.34059142894447e-02 3.85661383510418e-03 5.47482545655495e-03 8.09492349398861e-03 0.00000000000000e+00 0.00000000000000e+00 -2.46585826300913e-04 1.06226881364056e-02 1.27398078323639e-02 1.53042166230026e-02 0.00000000000000e+00 0.00000000000000e+00 3.85661383510418e-03 8.91452063337763e-03 1.01256794182048e-02 1.05493363766282e-02 0.00000000000000e+00 0.00000000000000e+00 -8.29269465061106e-03 1.15472230226967e-02 1.39328355972318e-02 1.69176977330137e-02 0.00000000000000e+00 0.00000000000000e+00 5.47482545655495e-03 1.01256794182048e-02 1.17298118889400e-02 1.28003316309289e-02 0.00000000000000e+00 0.00000000000000e+00 -9.04217208953676e-03 1.06088887919368e-02 1.28951752229203e-02 1.58005428929539e-02 0.00000000000000e+00 0.00000000000000e+00 8.09492349398861e-03 1.05493363766282e-02 1.28003316309289e-02 1.56122137296599e-02 0.00000000000000e+00 0.00000000000000e+00 -8.23117261281842e-03 0.00000000000000e+00 0.00000000000000e+00 0.00000000000000e+00 7.43568914837194e-03 0.00000000000000e+00 0.00000000000000e+00 0.00000000000000e+00 0.00000000000000e+00 0.00000000000000e+00 6.86023971065668e-03 0.00000000000000e+00 0.00000000000000e+00 0.00000000000000e+00 0.00000000000000e+00 0.00000000000000e+00 0.00000000000000e+00 7.43568914837194e-03 0.00000000000000e+00 0.00000000000000e+00 0.00000000000000e+00 0.00000000000000e+00 0.00000000000000e+00 6.86023971065668e-03 0.00000000000000e+00 -1.37014933902492e-02 -1.73068123749417e-02 -2.31449357641293e-02 0.00000000000000e+00 0.00000000000000e+00 -2.46585826300913e-04 -8.29269465061106e-03 -9.04217208953676e-03 -8.23117261281842e-03 0.00000000000000e+00 0.00000000000000e+00 1.44514648657369e-02
 1.95824965940099e-02 2.50991827760421e-02 3.52607129160024e-02 0.00000000000000e+00 0.00000000000000e+00 0.00000000000000e+00 1.22088137108793e-02 1.34571995120990e-02 1.25478482341159e-02 0.00000000000000e+00 0.00000000000000e+00 -1.78867949865737e-02 2.50991827760421e-02 3.25115291967155e-02 4.68070871240717e-02 0.00000000000000e+00 0.00000000000000e+00 0.00000000000000e+00 1.53042166230026e-02 1.69176977330137e-02 1.58005428929539e-02 0.00000000000000e+00 0.00000000000000e+00 -2.31449357641293e-02 3.52607129160024e-02 4.68070871240717e-02 7.14119928668711e-02 0.00000000000000e+00 0.00000000000000e+00 0.00000000000000e+00 2.03402306718062e-02 2.26006334128224e-02 2.11010716871349e-02 0.00000000000000e+00 0.00000000000000e+00 -3.29286394748833e-02 0.00000000000000e+00 0.00000000000000e+00 0.00000000000000e+00 1.43290547474861e-02 0.00000000000000e+00 0.00000000000000e+00 0.00000000000000e+00 0.00000000000000e+00 0.00000000000000e+00 7.17631002702113e-03 0.00000000000000e+00 0.00000000000000e+00 0.00000000000000e+00 0.00000000000000e+00 0.00000000000000e+00 0.00000000000000e+00 1.43290547474861e-02 0.00000000000000e+00 0.00000000000000e+00 0.00000000000000e+00 0.00000000000000e+00 0.00000000000000e+00 7.17631002702113e-03 0.00000000000000e+00 0.00000000000000e+00 0.00000000000000e+00 0.00000000000000e+00 0.00000000000000e+00 0.00000000000000e+00 1.43290547474861e-02 3.70771845419891e-03 5.36522140856082e-03 8.20895355996291e-03 0.00000000000000e+00 0.00000000000000e+00 -1.25426401302498e-03 1.22088137108793e-02 1.53042166230026e-02 2.03402306718062e-02 0.00000000000000e+00 0.00000000000000e+00 3.70771845419891e-03 9.19799897159870e-03 1.05493363766282e-02 1.10702848139675e-02 0.00000000000000e+00 0.00000000000000e+00 -1.08746792650007e-02 1.34571995120990e-02 1.69176977330137e-02 2.26006334128224e-02 0.00000000000000e+00 0.00000000000000e+00 5.36522140856082e-03 1.05493363766282e-02 1.22869483703260e-02 1.34027670012766e-02 0.00000000000000e+00 0.00000000000000e+00 -1.20629345531668e-02 1.25478482341159e-02 1.58005428929539e-02 2.11010716871349e-02 0.00000000000000e+00 0.00000000000000e+00 8.20895355996291e-03 1.10702848139675e-02 1.34027670012766e-02 1.61291802510694e-02 0.00000000000000e+00 0.00000000000000e+00 -1.13274934249704e-02 0.00000000000000e+00 0.00000000000000e+00 0.00000000000000e+00 7.17631002702113e-03 0.00000000000000e+00 0.00000000000000e+00 0.00000000000000e+00 0.00000000000000e+00 0.00000000000000e+00 5.74077380646584e-03 0.00000000000000e+00 0.00000000000000e+00 0.00000000000000e+00 0.00000000000000e+00 0.00000000000000e+00 0.00000000000000e+00 7.17631002702113e-03 0.00000000000000e+00 0.00000000000000e+00 0.00000000000000e+00 0.00000000000000e+00 0.00000000000000e+00 5.74077380646584e-03 0.00000000000000e+00 -1.78867949865737e-02 -2.31449357641293e-02 -3.29286394748833e-02 0.00000000000000e+00 0.00000000000000e+00 -1.25426401302498e-03 -1.08746792650007e-02 -1.20629345531668e-02 -1.13274934249704e-02 0.00000000000000e+00 0.00000000000000e+00 1.79748607606553e-02
 0.00000000000000e+00 0.00000000000000e+00 0.00000000000000e+00 1.16128499597491e-02 0.00000000000000e+00 0.00000000000000e+00 0.00000000000000e+00 0.00000000000000e+00 0.00000000000000e+00 6.69519033228449e-03 0.00000000000000e+00 0.00000000000000e+00 0.00000000000000e+00 0.00000000000000e+00 0.00000000000000e+00 1.34059142894447e-02 0.00000000000000e+00 0.00000000000000e+00 0.00000000000000e+00 0.00000000000000e+00 0.00000000000000e+00 7.43568914837194e-03 0.00000000000000e+00 0.00000000000000e+00 0.00000000000000e+00 0.00000000000000e+00 0.00000000000000e+00 1.43290547474861e-02 0.00000000000000e+00 0.00000000000000e+00 0.00000000000000e+00 0.00000000000000e+00 0.00000000000000e+00 7.17631002702113e-03 0.00000000000000e+00 0.00000000000000e+00 1.16128499597491e-02 1.34059142894447e-02 1.43290547474861e-02 0.00000000000000e+00 0.00000000000000e+00 0.00000000000000e+00 8.09768730688010e-03 8.31544529444042e-03 6.42557029683570e-03 0.00000000000000e+00 0.00000000000000e+00 -1.00008791504758e-02 0.00000000000000e+00 0.00000000000000e+00 0.00000000000000e+00 0.00000000000000e+00 0.00000000000000e+00 0.00000000000000e+00 0.00000000000000e+00 0.00000000000000e+00 0.00000000000000e+00 0.00000000000000e+00 0.00000000000000e+00 0.00000000000000e+00 0.00000000000000e+00 0.00000000000000e+00 0.00000000000000e+00 0.00000000000000e+00 0.00000000000000e+00 0.00000000000000e+00 0.00000000000000e+00 0.00000000000000e+00 0.00000000000000e+00 3.29668973930727e-03 0.00000000000000e+00 0.00000000000000e+00 0.00000000000000e+00 0.00000000000000e+00 0.00000000000000e+00 8.09768730688010e-03 0.00000000000000e+00 0.00000000000000e+00 0.00000000000000e+00 0.00000000000000e+00 0.00000000000000e+00 6.14126966202118e-03 0.00000000000000e+00 0.00000000000000e+00 0.00000000000000e+00 0.00000000000000e+00 0.00000000000000e+00 8.31544529444042e-03 0.00000000000000e+00 0.00000000000000e+00 0.00000000000000e+00 0.00000000000000e+00 0.00000000000000e+00 6.63373894884778e-03 0.00000000000000e+00 0.00000000000000e+00 0.00000000000000e+00 0.00000000000000e+00 0.00000000000000e+00 6.42557029683570e-03 0.00000000000000e+00 0.00000000000000e+00 0.00000000000000e+00 0.00000000000000e+00 0.00000000000000e+00 5.93423338149674e-03 0.00000000000000e+00 0.00000000000000e+00 6.69519033228449e-03 7.43568914837194e-03 7.17631002702113e-03 0.00000000000000e+00 0.00000000000000e+00 3.29668973930727e-03 6.14126966202118e-03 6.63373894884778e-03 5.93423338149674e-03 0.00000000000000e+00 0.00000000000000e+00 -4.84378060012428e-03 0.00000000000000e+00 0.00000000000000e+00 0.00000000000000e+00 0.00000000000000e+00 0.00000000000000e+00 0.00000000000000e+00 0.00000000000000e+00 0.00000000000000e+00 0.00000000000000e+00 0.00000000000000e+00 0.00000000000000e+00 0.00000000000000e+00 0.00000000000000e+00 0.00000000000000e+00 0.00000000000000e+00 -1.00008791504758e-02 0.00000000000000e+00 0.00000000000000e+00 0.00000000000000e+00 0.00000000000000e+00 0.00000000000000e+00 -4.84378060012428e-03 0.00000000000000e+00 0.00000000000000e+00
 0.00000000000000e+00 0.00000000000000e+00 0.00000000000000e+00 0.00000000000000e+00 1.16128499597491e-02 0.00000000000000e+00 0.00000000000000e+00 0.00000000000000e+00 0.00000000000000e+00 0.00000000000000e+00 6.69519033228449e-03 0.00000000000000e+00 0.00000000000000e+00 0.00000000000000e+00 0.00000000000000e+00 0.00000000000000e+00 1.34059142894447e-02 0.00000000000000e+00 0.00000000000000e+00 0.00000000000000e+00 0.00000000000000e+00 0.00000000000000e+00 7.43568914837194e-03 0.00000000000000e+00 0.00000000000000e+00 0.00000000000000e+00 0.00000000000000e+00 0.00000000000000e+00 1.43290547474861e-02 0.00000000000000e+00 0.00000000000000e+00 0.00000000000000e+00 0.00000000000000e+00 0.00000000000000e+00 7.17631002702113e-03 0.00000000000000e+00 0.00000000000000e+00 0.00000000000000e+00 0.00000000000000e+00 0.00000000000000e+00 0.00000000000000e+00 0.00000000000000e+00 0.00000000000000e+00 0.00000000000000e+00 0.00000000000000e+00 0.00000000000000e+00 0.00000000000000e+00 0.00000000000000e+00 1.16128499597491e-02 1.34059142894447e-02 1.43290547474861e-02 0.00000000000000e+00 0.00000000000000e+00 0.00000000000000e+00 8.09768730688011e-03 8.31544529444042e-03 6.42557029683570e-03 0.00000000000000e+00 0.00000000000000e+00 -1.00008791504758e-02 0.00000000000000e+00 0.00000000000000e+00 0.00000000000000e+00 0.00000000000000e+00 0.00000000000000e+00 0.00000000000000e+00 0.00000000000000e+00 0.00000000000000e+00 0.00000000000000e+00 0.00000000000000e+00 3.29668973930727e-03 0.00000000000000e+00 0.00000000000000e+00 0.00000000000000e+00 0.00000000000000e+00 0.00000000000000e+00 8.09768730688010e-03 0.00000000000000e+00 0.00000000000000e+00 0.00000000000000e+00 0.00000000000000e+00 0.00000000000000e+00 6.14126966202118e-03 0.00000000000000e+00 0.00000000000000e+00 0.00000000000000e+00 0.00000000000000e+00 0.00000000000000e+00 8.31544529444042e-03 0.00000000000000e+00 0.00000000000000e+00 0.00000000000000e+00 0.00000000000000e+00 0.00000000000000e+00 6.63373894884778e-03 0.00000000000000e+00 0.00000000000000e+00 0.00000000000000e+00 0.00000000000000e+00 0.00000000000000e+00 6.42557029683570e-03 0.00000000000000e+00 0.00000000000000e+00 0.00000000000000e+00 0.00000000000000e+00 0.00000000000000e+00 5.93423338149674e-03 0.00000000000000e+00 0.00000000000000e+00 0.00000000000000e+00 0.00000000000000e+00 0.00000000000000e+00 0.00000000000000e+00 0.00000000000000e+00 0.00000000000000e+00 0.00000000000000e+00 0.00000000000000e+00 0.00000000000000e+00 0.00000000000000e+00 0.00000000000000e+00 6.69519033228449e-03 7.43568914837194e-03 7.17631002702113e-03 0.00000000000000e+00 0.00000000000000e+00 3.29668973930727e-03 6.14126966202118e-03 6.63373894884778e-03 5.93423338149674e-03 0.00000000000000e+00 0.00000000000000e+00 -4.84378060012428e-03 0.00000000000000e+00 0.00000000000000e+00 0.00000000000000e+00 0.00000000000000e+00 -1.00008791504758e-02 0.00000000000000e+00 0.00000000000000e+00 0.00000000000000e+00 0.00000000000000e+00 0.00000000000000e+00 -4.84378060012428e-03 0.00000000000000e+00
 0.00000000000000e+00 0.00000000000000e+00 0.00000000000000e+00 0.00000000000000e+00 0.00000000000000e+00 1.16128499597491e-02 3.47920386610345e-03 4.89199530306007e-03 7.10569312159279e-03 0.00000000000000e+00 0.00000000000000e+00 1.62169233222707e-04 0.00000000000000e+00 0.00000000000000e+00 0.00000000000000e+00 0.00000000000000e+00 0.00000000000000e+00 1.34059142894447e-02 3.85661383510418e-03 5.47482545655495e-03 8.09492349398861e-03 0.00000000000000e+00 0.00000000000000e+00 -2.46585826300914e-04 0.00000000000000e+00 0.00000000000000e+00 0.00000000000000e+00 0.00000000000000e+00 0.00000000000000e+00 1.43290547474861e-02 3.70771845419891e-03 5.36522140856082e-03 8.20895355996291e-03 0.00000000000000e+00 0.00000000000000e+00 -1.25426401302498e-03 0.00000000000000e+00 0.00000000000000e+00 0.00000000000000e+00 0.00000000000000e+00 0.00000000000000e+00 0.00000000000000e+00 0.00000000000000e+00 0.00000000000000e+00 0.00000000000000e+00 3.29668973930727e-03 0.00000000000000e+00 0.00000000000000e+00 0.00000000000000e+00 0.00000000000000e+00 0.00000000000000e+00 0.00000000000000e+00 0.00000000000000e+00 0.00000000000000e+00 0.00000000000000e+00 0.00000000000000e+00 0.00000000000000e+00 0.00000000000000e+00 3.29668973930727e-03 0.00000000000000e+00 1.16128499597491e-02 1.34059142894447e-02 1.43290547474861e-02 0.00000000000000e+00 0.00000000000000e+00 0.00000000000000e+00 9.90967932627475e-03 1.13114683747879e-02 1.24697616495645e-02 0.00000000000000e+00 0.00000000000000e+00 -7.73209786830897e-03 3.47920386610345e-03 3.85661383510418e-03 3.70771845419891e-03 0.00000000000000e+00 0.00000000000000e+00 9.90967932627475e-03 6.51697216724097e-03 8.29269465061106e-03 1.08746792650008e-02 0.00000000000000e+00 0.00000000000000e+00 -8.58351153762981e-04 4.89199530306007e-03 5.47482545655495e-03 5.36522140856082e-03 0.00000000000000e+00 0.00000000000000e+00 1.13114683747879e-02 8.29269465061106e-03 1.05479695275371e-02 1.39822530839503e-02 0.00000000000000e+00 0.00000000000000e+00 -1.64974611995995e-03 7.10569312159279e-03 8.09492349398861e-03 8.20895355996291e-03 0.00000000000000e+00 0.00000000000000e+00 1.24697616495645e-02 1.08746792650008e-02 1.39822530839503e-02 1.93493817846472e-02 0.00000000000000e+00 0.00000000000000e+00 -3.12484768135880e-03 0.00000000000000e+00 0.00000000000000e+00 0.00000000000000e+00 3.29668973930727e-03 0.00000000000000e+00 0.00000000000000e+00 0.00000000000000e+00 0.00000000000000e+00 0.00000000000000e+00 6.56922793242364e-03 0.00000000000000e+00 0.00000000000000e+00 0.00000000000000e+00 0.00000000000000e+00 0.00000000000000e+00 0.00000000000000e+00 3.29668973930727e-03 0.00000000000000e+00 0.00000000000000e+00 0.00000000000000e+00 0.00000000000000e+00 0.00000000000000e+00 6.56922793242364e-03 0.00000000000000e+00 1.62169233222707e-04 -2.46585826300914e-04 -1.25426401302498e-03 0.00000000000000e+00 0.00000000000000e+00 -7.73209786830897e-03 -8.58351153762981e-04 -1.64974611995995e-03 -3.12484768135880e-03 0.00000000000000e+00 0.00000000000000e+00 3.86336804969745e-03
 9.03521469469618e-03 1.06226881364056e-02 1.22088137108793e-02 0.00000000000000e+00 0.00000000000000e+00 3.47920386610345e-03 7.90244642488222e-03 8.91452063337763e-03 9.19799897159870e-03 0.00000000000000e+00 0.00000000000000e+00 -6.51697216724098e-03 1.06226881364056e-02 1.27398078323639e-02 1.53042166230026e-02 0.00000000000000e+00 0.00000000000000e+00 3.85661383510418e-03 8.91452063337763e-03 1.01256794182048e-02 1.05493363766282e-02 0.00000000000000e+00 0.00000000000000e+00 -8.29269465061106e-03 1.22088137108793e-02 1.53042166230026e-02 2.03402306718062e-02 0.00000000000000e+00 0.00000000000000e+00 3.70771845419891e-03 9.19799897159870e-03 1.05493363766282e-02 1.10702848139675e-02 0.00000000000000e+00 0.00000000000000e+00 -1.08746792650007e-02 0.00000000000000e+00 0.00000000000000e+00 0.00000000000000e+00 8.09768730688010e-03 0.00000000000000e+00 0.00000000000000e+00 0.00000000000000e+00 0.00000000000000e+00 0.00000000000000e+00 6.14126966202118e-03 0.00000000000000e+00 0.00000000000000e+00 0.00000000000000e+00 0.00000000000000e+00 0.00000000000000e+00 0.00000000000000e+00 8.09768730688010e-03 0.00000000000000e+00 0.00000000000000e+00 0.00000000000000e+00 0.00000000000000e+00 0.00000000000000e+00 6.14126966202118e-03 0.00000000000000e+00 3.47920386610345e-03 3.85661383510418e-03 3.70771845419891e-03 0.00000000000000e+00 0.00000000000000e+00 9.90967932627475e-03 6.51697216724097e-03 8.29269465061106e-03 1.08746792650008e-02 0.00000000000000e+00 0.00000000000000e+00 -8.58351153762981e-04 7.90244642488222e-03 8.91452063337763e-03 9.19799897159870e-03 0.00000000000000e+00 0.00000000000000e+00 6.51697216724097e-03 9.03521469469618e-03 1.06226881364056e-02 1.22088137108793e-02 0.00000000000000e+00 0.00000000000000e+00 -3.47920386610345e-03 8.91452063337763e-03 1.01256794182048e-02 1.05493363766282e-02 0.00000000000000e+00 0.00000000000000e+00 8.29269465061106e-03 1.06226881364056e-02 1.27398078323639e-02 1.53042166230026e-02 0.00000000000000e+00 0.00000000000000e+00 -3.85661383510418e-03 9.19799897159870e-03 1.05493363766282e-02 1.10702848139675e-02 0.00000000000000e+00 0.00000000000000e+00 1.08746792650008e-02 1.22088137108793e-02 1.53042166230026e-02 2.03402306718062e-02 0.00000000000000e+00 0.00000000000000e+00 -3.70771845419891e-03 0.00000000000000e+00 0.00000000000000e+00 0.00000000000000e+00 6.14126966202118e-03 0.00000000000000e+00 0.00000000000000e+00 0.00000000000000e+00 0.00000000000000e+00 0.00000000000000e+00 8.09768730688011e-03 0.00000000000000e+00 0.00000000000000e+00 0.00000000000000e+00 0.00000000000000e+00 0.00000000000000e+00 0.00000000000000e+00 6.14126966202118e-03 0.00000000000000e+00 0.00000000000000e+00 0.00000000000000e+00 0.00000000000000e+00 0.00000000000000e+00 8.09768730688011e-03 0.00000000000000e+00 -6.51697216724098e-03 -8.29269465061106e-03 -1.08746792650007e-02 0.00000000000000e+00 0.00000000000000e+00 -8.58351153762981e-04 -3.47920386610345e-03 -3.85661383510418e-03 -3.70771845419891e-03 0.00000000000000e+00 0.00000000000000e+00 9.90967932627475e-03
 9.74407945120304e-03 1.15472230226967e-02 1.34571995120990e-02 0.00000000000000e+00 0.00000000000000e+00 4.89199530306007e-03 8.91452063337763e-03 1.02776347168368e-02 1.11480436585586e-02 0.00000000000000e+00 0.00000000000000e+00 -7.04177164806256e-03 1.15472230226967e-02 1.39328355972318e-02 1.69176977330137e-02 0.00000000000000e+00 0.00000000000000e+00 5.47482545655495e-03 1.01256794182048e-02 1.17298118889400e-02 1.28003316309289e-02 0.00000000000000e+00 0.00000000000000e+00 -9.04217208953676e-03 1.34571995120990e-02 1.69176977330137e-02 2.26006334128224e-02 0.00000000000000e+00 0.00000000000000e+00 5.36522140856082e-03 1.05493363766282e-02 1.22869483703260e-02 1.34027670012766e-02 0.00000000000000e+00 0.00000000000000e+00 -1.20629345531668e-02 0.00000000000000e+00 0.00000000000000e+00 0.00000000000000e+00 8.31544529444042e-03 0.00000000000000e+00 0.00000000000000e+00 0.00000000000000e+00 0.00000000000000e+00 0.00000000000000e+00 6.63373894884778e-03 0.00000000000000e+00 0.00000000000000e+00 0.00000000000000e+00 0.00000000000000e+00 0.00000000000000e+00 0.00000000000000e+00 8.31544529444042e-03 0.00000000000000e+00 0.00000000000000e+00 0.00000000000000e+00 0.00000000000000e+00 0.00000000000000e+00 6.63373894884778e-03 0.00000000000000e+00 4.89199530306007e-03 5.47482545655495e-03 5.36522140856082e-03 0.00000000000000e+00 0.00000000000000e+00 1.13114683747879e-02 8.29269465061106e-03 1.05479695275371e-02 1.39822530839503e-02 0.00000000000000e+00 0.00000000000000e+00 -1.64974611995995e-03 8.91452063337763e-03 1.01256794182048e-02 1.05493363766282e-02 0.00000000000000e+00 0.00000000000000e+00 8.29269465061106e-03 1.06226881364056e-02 1.27398078323639e-02 1.53042166230026e-02 0.00000000000000e+00 0.00000000000000e+00 -3.85661383510418e-03 1.02776347168368e-02 1.17298118889400e-02 1.22869483703260e-02 0.00000000000000e+00 0.00000000000000e+00 1.05479695275371e-02 1.27398078323639e-02 1.55453435058845e-02 1.94186393416793e-02 0.00000000000000e+00 0.00000000000000e+00 -4.35132435996260e-03 1.11480436585586e-02 1.28003316309289e-02 1.34027670012766e-02 0.00000000000000e+00 0.00000000000000e+00 1.39822530839503e-02 1.53042166230026e-02 1.94186393416793e-02 2.65512672241483e-02 0.00000000000000e+00 0.00000000000000e+00 -4.36105985269068e-03 0.00000000000000e+00 0.00000000000000e+00 0.00000000000000e+00 6.63373894884778e-03 0.00000000000000e+00 0.00000000000000e+00 0.00000000000000e+00 0.00000000000000e+00 0.00000000000000e+00 9.17039945885745e-03 0.00000000000000e+00 0.00000000000000e+00 0.00000000000000e+00 0.00000000000000e+00 0.00000000000000e+00 0.00000000000000e+00 6.63373894884778e-03 0.00000000000000e+00 0.00000000000000e+00 0.00000000000000e+00 0.00000000000000e+00 0.00000000000000e+00 9.17039945885746e-03 0.00000000000000e+00 -7.04177164806256e-03 -9.04217208953676e-03 -1.20629345531668e-02 0.00000000000000e+00 0.00000000000000e+00 -1.64974611995995e-03 -3.85661383510418e-03 -4.35132435996260e-03 -4.36105985269068e-03 0.00000000000000e+00 0.00000000000000e+00 1.11351926832976e-02
 8.85664230365359e-03 1.06088887919368e-02 1.25478482341159e-02 0.00000000000000e+00 0.00000000000000e+00 7.10569312159279e-03 9.19799897159870e-03 1.11480436585586e-02 1.35986103486607e-02 0.00000000000000e+00 0.00000000000000e+00 -6.30017460658250e-03 1.06088887919368e-02 1.28951752229203e-02 1.58005428929539e-02 0.00000000000000e+00 0.00000000000000e+00 8.09492349398861e-03 1.05493363766282e-02 1.28003316309289e-02 1.56122137296599e-02 0.00000000000000e+00 0.00000000000000e+00 -8.23117261281842e-03 1.25478482341159e-02 1.58005428929539e-02 2.11010716871349e-02 0.00000000000000e+00 0.00000000000000e+00 8.20895355996291e-03 1.10702848139675e-02 1.34027670012766e-02 1.61291802510694e-02 0.00000000000000e+00 0.00000000000000e+00 -1.13274934249704e-02 0.00000000000000e+00 0.00000000000000e+00 0.00000000000000e+00 6.42557029683570e-03 0.00000000000000e+00 0.00000000000000e+00 0.00000000000000e+00 0.00000000000000e+00 0.00000000000000e+00 5.93423338149674e-03 0.00000000000000e+00 0.00000000000000e+00 0.00000000000000e+00 0.00000000000000e+00 0.00000000000000e+00 0.00000000000000e+00 6.42557029683570e-03 0.00000000000000e+00 0.00000000000000e+00 0.00000000000000e+00 0.00000000000000e+00 0.00000000000000e+00 5.93423338149674e-03 0.00000000000000e+00 7.10569312159279e-03 8.09492349398861e-03 8.20895355996291e-03 0.00000000000000e+00 0.00000000000000e+00 1.24697616495645e-02 1.08746792650008e-02 1.39822530839503e-02 1.93493817846472e-02 0.00000000000000e+00 0.00000000000000e+00 -3.12484768135880e-03 9.19799897159870e-03 1.05493363766282e-02 1.10702848139675e-02 0.00000000000000e+00 0.00000000000000e+00 1.08746792650008e-02 1.22088137108793e-02 1.53042166230026e-02 2.03402306718062e-02 0.00000000000000e+00 0.00000000000000e+00 -3.70771845419891e-03 1.11480436585586e-02 1.28003316309289e-02 1.34027670012766e-02 0.00000000000000e+00 0.00000000000000e+00 1.39822530839503e-02 1.53042166230026e-02 1.94186393416793e-02 2.65512672241483e-02 0.00000000000000e+00 0.00000000000000e+00 -4.36105985269068e-03 1.35986103486607e-02 1.56122137296599e-02 1.61291802510694e-02 0.00000000000000e+00 0.00000000000000e+00 1.93493817846472e-02 2.03402306718062e-02 2.65512672241483e-02 3.88362656838595e-02 0.00000000000000e+00 0.00000000000000e+00 -4.83066719223262e-03 0.00000000000000e+00 0.00000000000000e+00 0.00000000000000e+00 5.93423338149674e-03 0.00000000000000e+00 0.00000000000000e+00 0.00000000000000e+00 0.00000000000000e+00 0.00000000000000e+00 9.32152769748839e-03 0.00000000000000e+00 0.00000000000000e+00 0.00000000000000e+00 0.00000000000000e+00 0.00000000000000e+00 0.00000000000000e+00 5.93423338149674e-03 0.00000000000000e+00 0.00000000000000e+00 0.00000000000000e+00 0.00000000000000e+00 0.00000000000000e+00 9.32152769748839e-03 0.00000000000000e+00 -6.30017460658250e-03 -8.23117261281842e-03 -1.13274934249704e-02 0.00000000000000e+00 0.00000000000000e+00 -3.12484768135880e-03 -3.70771845419891e-03 -4.36105985269068e-03 -4.83066719223262e-03 0.00000000000000e+00 0.00000000000000e+00 1.10649559396806e-02
 0.00000000000000e+00 0.00000000000000e+00 0.00000000000000e+00 6.69519033228449e-03 0.00000000000000e+00 0.00000000000000e+00 0.00000000000000e+00 0.00000000000000e+00 0.00000000000000e+00 6.50215067984938e-03 0.00000000000000e+00 0.00000000000000e+00 0.00000000000000e+00 0.00000000000000e+00 0.00000000000000e+00 7.43568914837194e-03 0.00000000000000e+00 0.00000000000000e+00 0.00000000000000e+00 0.00000000000000e+00 0.00000000000000e+00 6.86023971065668e-03 0.00000000000000e+00 0.00000000000000e+00 0.00000000000000e+00 0.00000000000000e+00 0.00000000000000e+00 7.17631002702113e-03 0.00000000000000e+00 0.00000000000000e+00 0.00000000000000e+00 0.00000000000000e+00 0.00000000000000e+00 5.74077380646584e-03 0.00000000000000e+00 0.00000000000000e+00 6.69519033228449e-03 7.43568914837194e-03 7.17631002702113e-03 0.00000000000000e+00 0.00000000000000e+00 3.29668973930727e-03 6.14126966202118e-03 6.63373894884778e-03 5.93423338149674e-03 0.00000000000000e+00 0.00000000000000e+00 -4.84378060012428e-03 0.00000000000000e+00 0.00000000000000e+00 0.00000000000000e+00 0.00000000000000e+00 0.00000000000000e+00 0.00000000000000e+00 0.00000000000000e+00 0.00000000000000e+00 0.00000000000000e+00 0.00000000000000e+00 0.00000000000000e+00 0.00000000000000e+00 0.00000000000000e+00 0.00000000000000e+00 0.00000000000000e+00 3.29668973930727e-03 0.00000000000000e+00 0.00000000000000e+00 0.00000000000000e+00 0.00000000000000e+00 0.00000000000000e+00 6.56922793242364e-03 0.00000000000000e+00 0.00000000000000e+00 0.00000000000000e+00 0.00000000000000e+00 0.00000000000000e+00 6.14126966202118e-03 0.00000000000000e+00 0.00000000000000e+00 0.00000000000000e+00 0.00000000000000e+00 0.00000000000000e+00 8.09768730688011e-03 0.00000000000000e+00 0.00000000000000e+00 0.00000000000000e+00 0.00000000000000e+00 0.00000000000000e+00 6.63373894884778e-03 0.00000000000000e+00 0.00000000000000e+00 0.00000000000000e+00 0.00000000000000e+00 0.00000000000000e+00 9.17039945885746e-03 0.00000000000000e+00 0.00000000000000e+00 0.00000000000000e+00 0.00000000000000e+00 0.00000000000000e+00 5.93423338149674e-03 0.00000000000000e+00 0.00000000000000e+00 0.00000000000000e+00 0.00000000000000e+00 0.00000000000000e+00 9.32152769748839e-03 0.00000000000000e+00 0.00000000000000e+00 6.50215067984938e-03 6.86023971065668e-03 5.74077380646584e-03 0.00000000000000e+00 0.00000000000000e+00 6.56922793242364e-03 8.09768730688011e-03 9.17039945885746e-03 9.32152769748839e-03 0.00000000000000e+00 0.00000000000000e+00 -2.08707804459314e-03 0.00000000000000e+00 0.00000000000000e+00 0.00000000000000e+00 0.00000000000000e+00 0.00000000000000e+00 0.00000000000000e+00 0.00000000000000e+00 0.00000000000000e+00 0.00000000000000e+00 0.00000000000000e+00 0.00000000000000e+00 0.00000000000000e+00 0.00000000000000e+00 0.00000000000000e+00 0.00000000000000e+00 -4.84378060012428e-03 0.00000000000000e+00 0.00000000000000e+00 0.00000000000000e+00 0.00000000000000e+00 0.00000000000000e+00 -2.08707804459314e-03 0.00000000000000e+00 0.00000000000000e+00
 0.00000000000000e+00 0.00000000000000e+00 0.00000000000000e+00 0.00000000000000e+00 6.69519033228449e-03 0.00000000000000e+00 0.00000000000000e+00 0.00000000000000e+00 0.00000000000000e+00 0.00000000000000e+00 6.50215067984938e-03 0.00000000000000e+00 0.00000000000000e+00 0.00000000000000e+00 0.00000000000000e+00 0.00000000000000e+00 7.43568914837194e-03 0.00000000000000e+00 0.00000000000000e+00 0.00000000000000e+00 0.00000000000000e+00 0.00000000000000e+00 6.86023971065668e-03 0.00000000000000e+00 0.00000000000000e+00 0.00000000000000e+00 0.00000000000000e+00 0.00000000000000e+00 7.17631002702113e-03 0.00000000000000e+00 0.00000000000000e+00 0.00000000000000e+00 0.00000000000000e+00 0.00000000000000e+00 5.74077380646584e-03 0.00000000000000e+00 0.00000000000000e+00 0.00000000000000e+00 0.00000000000000e+00 0.00000000000000e+00 0.00000000000000e+00 0.00000000000000e+00 0.00000000000000e+00 0.00000000000000e+00 0.00000000000000e+00 0.00000000000000e+00 0.00000000000000e+00 0.00000000000000e+00 6.69519033228449e-03 7.43568914837194e-03 7.17631002702113e-03 0.00000000000000e+00 0.00000000000000e+00 3.29668973930727e-03 6.14126966202118e-03 6.63373894884778e-03 5.93423338149674e-03 0.00000000000000e+00 0.00000000000000e+00 -4.84378060012428e-03 0.00000000000000e+00 0.00000000000000e+00 0.00000000000000e+00 0.00000000000000e+00 3.29668973930727e-03 0.00000000000000e+00 0.00000000000000e+00 0.00000000000000e+00 0.00000000000000e+00 0.00000000000000e+00 6.56922793242364e-03 0.00000000000000e+00 0.00000000000000e+00 0.00000000000000e+00 0.00000000000000e+00 0.00000000000000e+00 6.14126966202118e-03 0.00000000000000e+00 0.00000000000000e+00 0.00000000000000e+00 0.00000000000000e+00 0.00000000000000e+00 8.09768730688011e-03 0.00000000000000e+00 0.00000000000000e+00 0.00000000000000e+00 0.00000000000000e+00 0.00000000000000e+00 6.63373894884778e-03 0.00000000000000e+00 0.00000000000000e+00 0.00000000000000e+00 0.00000000000000e+00 0.00000000000000e+00 9.17039945885746e-03 0.00000000000000e+00 0.00000000000000e+00 0.00000000000000e+00 0.00000000000000e+00 0.00000000000000e+00 5.93423338149674e-03 0.00000000000000e+00 0.00000000000000e+00 0.00000000000000e+00 0.00000000000000e+00 0.00000000000000e+00 9.32152769748839e-03 0.00000000000000e+00 0.00000000000000e+00 0.00000000000000e+00 0.00000000000000e+00 0.00000000000000e+00 0.00000000000000e+00 0.00000000000000e+00 0.00000000000000e+00 0.00000000000000e+00 0.00000000000000e+00 0.00000000000000e+00 0.00000000000000e+00 0.00000000000000e+00 6.50215067984938e-03 6.86023971065668e-03 5.74077380646584e-03 0.00000000000000e+00 0.00000000000000e+00 6.56922793242364e-03 8.09768730688011e-03 9.17039945885746e-03 9.32152769748839e-03 0.00000000000000e+00 0.00000000000000e+00 -2.08707804459314e-03 0.00000000000000e+00 0.00000000000000e+00 0.00000000000000e+00 0.00000000000000e+00 -4.84378060012428e-03 0.00000000000000e+00 0.00000000000000e+00 0.00000000000000e+00 0.00000000000000e+00 0.00000000000000e+00 -2.08707804459314e-03 0.00000000000000e+00
 -1.09469160060661e-02 -1.37014933902492e-02 -1.78867949865737e-02 0.00000000000000e+00 0.00000000000000e+00 1.62169233222707e-04 -6.51697216724098e-03 -7.04177164806256e-03 -6.30017460658249e-03 0.00000000000000e+00 0.00000000000000e+00 1.19176748367244e-02 -1.37014933902492e-02 -1.73068123749417e-02 -2.31449357641293e-02 0.00000000000000e+00 0.00000000000000e+00 -2.46585826300913e-04 -8.29269465061106e-03 -9.04217208953676e-03 -8.23117261281842e-03 0.00000000000000e+00 0.00000000000000e+00 1.44514648657369e-02 -1.78867949865737e-02 -2.31449357641293e-02 -3.29286394748833e-02 0.00000000000000e+00 0.00000000000000e+00 -1.25426401302498e-03 -1.08746792650007e-02 -1.20629345531668e-02 -1.13274934249704e-02 0.00000000000000e+00 0.00000000000000e+00 1.79748607606553e-02 0.00000000000000e+00 0.00000000000000e+00 0.00000000000000e+00 -1.00008791504758e-02 0.00000000000000e+00 0.00000000000000e+00 0.00000000000000e+00 0.00000000000000e+00 0.00000000000000e+00 -4.84378060012428e-03 0.00000000000000e+00 0.00000000000000e+00 0.00000000000000e+00 0.00000000000000e+00 0.00000000000000e+00 0.00000000000000e+00 -1.00008791504758e-02 0.00000000000000e+00 0.00000000000000e+00 0.00000000000000e+00 0.00000000000000e+00 0.00000000000000e+00 -4.84378060012428e-03 0.00000000000000e+00 1.62169233222707e-04 -2.46585826300914e-04 -1.25426401302498e-03 0.00000000000000e+00 0.00000000000000e+00 -7.73209786830897e-03 -8.58351153762981e-04 -1.64974611995995e-03 -3.12484768135880e-03 0.00000000000000e+00 0.00000000000000e+00 3.86336804969745e-03 -6.51697216724098e-03 -8.29269465061106e-03 -1.08746792650007e-02 0.00000000000000e+00 0.00000000000000e+00 -8.58351153762981e-04 -3.47920386610345e-03 -3.85661383510418e-03 -3.70771845419891e-03 0.00000000000000e+00 0.00000000000000e+00 9.90967932627475e-03 -7.04177164806256e-03 -9.04217208953676e-03 -1.20629345531668e-02 0.00000000000000e+00 0.00000000000000e+00 -1.64974611995995e-03 -3.85661383510418e-03 -4.35132435996260e-03 -4.36105985269068e-03 0.00000000000000e+00 0.00000000000000e+00 1.11351926832976e-02 -6.30017460658249e-03 -8.23117261281842e-03 -1.13274934249704e-02 0.00000000000000e+00 0.00000000000000e+00 -3.12484768135880e-03 -3.70771845419891e-03 -4.36105985269068e-03 -4.83066719223262e-03 0.00000000000000e+00 0.00000000000000e+00 1.10649559396806e-02 0.00000000000000e+00 0.00000000000000e+00 0.00000000000000e+00 -4.84378060012428e-03 0.00000000000000e+00 0.00000000000000e+00 0.00000000000000e+00 0.00000000000000e+00 0.00000000000000e+00 -2.08707804459314e-03 0.00000000000000e+00 0.00000000000000e+00 0.00000000000000e+00 0.00000000000000e+00 0.00000000000000e+00 0.00000000000000e+00 -4.84378060012428e-03 0.00000000000000e+00 0.00000000000000e+00 0.00000000000000e+00 0.00000000000000e+00 0.00000000000000e+00 -2.08707804459314e-03 0.00000000000000e+00 1.19176748367244e-02 1.44514648657369e-02 1.79748607606553e-02 0.00000000000000e+00 0.00000000000000e+00 3.86336804969745e-03 9.90967932627475e-03 1.11351926832976e-02 1.10649559396806e-02 0.00000000000000e+00 0.00000000000000e+00 -7.48585246413266e-03
 1.58281150607076e-02 1.95111673283454e-02 2.50991827760421e-02 0.00000000000000e+00 0.00000000000000e+00 0.00000000000000e+00 1.06226881364056e-02 1.15472230226967e-02 1.06088887919368e-02 0.00000000000000e+00 0.00000000000000e+00 -1.37014933902492e-02 1.95111673283454e-02 2.44231506442356e-02 3.25115291967155e-02 0.00000000000000e+00 0.00000000000000e+00 0.00000000000000e+00 1.27398078323639e-02 1.39328355972318e-02 1.28951752229203e-02 0.00000000000000e+00 0.00000000000000e+00 -1.73068123749417e-02 2.50991827760420e-02 3.25115291967155e-02 4.68070871240717e-02 0.00000000000000e+00 0.00000000000000e+00 0.00000000000000e+00 1.53042166230026e-02 1.69176977330137e-02 1.58005428929539e-02 0.00000000000000e+00 0.00000000000000e+00 -2.31449357641293e-02 0.00000000000000e+00 0.00000000000000e+00 0.00000000000000e+00 1.34059142894447e-02 0.00000000000000e+00 0.00000000000000e+00 0.00000000000000e+00 0.00000000000000e+00 0.00000000000000e+00 7.43568914837194e-03 0.00000000000000e+00 0.00000000000000e+00 0.00000000000000e+00 0.00000000000000e+00 0.00000000000000e+00 0.00000000000000e+00 1.34059142894447e-02 0.00000000000000e+00 0.00000000000000e+00 0.00000000000000e+00 0.00000000000000e+00 0.00000000000000e+00 7.43568914837194e-03 0.00000000000000e+00 0.00000000000000e+00 0.00000000000000e+00 0.00000000000000e+00 0.00000000000000e+00 0.00000000000000e+00 1.34059142894447e-02 3.85661383510418e-03 5.47482545655495e-03 8.09492349398861e-03 0.00000000000000e+00 0.00000000000000e+00 -2.46585826300913e-04 1.06226881364056e-02 1.27398078323639e-02 1.53042166230026e-02 0.00000000000000e+00 0.00000000000000e+00 3.85661383510418e-03 8.91452063337763e-03 1.01256794182048e-02 1.05493363766282e-02 0.00000000000000e+00 0.00000000000000e+00 -8.29269465061106e-03 1.15472230226967e-02 1.39328355972318e-02 1.69176977330137e-02 0.00000000000000e+00 0.00000000000000e+00 5.47482545655495e-03 1.01256794182048e-02 1.17298118889400e-02 1.28003316309289e-02 0.00000000000000e+00 0.00000000000000e+00 -9.04217208953676e-03 1.06088887919368e-02 1.28951752229203e-02 1.58005428929539e-02 0.00000000000000e+00 0.00000000000000e+00 8.09492349398861e-03 1.05493363766282e-02 1.28003316309289e-02 1.56122137296599e-02 0.00000000000000e+00 0.00000000000000e+00 -8.23117261281842e-03 0.00000000000000e+00 0.00000000000000e+00 0.00000000000000e+00 7.43568914837194e-03 0.00000000000000e+00 0.00000000000000e+00 0.00000000000000e+00 0.00000000000000e+00 0.00000000000000e+00 6.86023971065668e-03 0.00000000000000e+00 0.00000000000000e+00 0.00000000000000e+00 0.00000000000000e+00 0.00000000000000e+00 0.00000000000000e+00 7.43568914837194e-03 0.00000000000000e+00 0.00000000000000e+00 0.00000000000000e+00 0.00000000000000e+00 0.00000000000000e+00 6.86023971065668e-03 0.00000000000000e+00 -1.37014933902492e-02 -1.73068123749417e-02 -2.31449357641293e-02 0.00000000000000e+00 0.00000000000000e+00 -2.46585826300913e-04 -8.29269465061106e-03 -9.04217208953676e-03 -8.23117261281842e-03 0.00000000000000e+00 0.00000000000000e+00 1.44514648657369e-02
