Pao:
 2.06869167671879e-01 -5.52595203958516e-01 -5.64190372142279e-02 2.10850847542426e-03 5.52510091169778e-03 -5.68984295651630e-02 -7.23114185377998e-02 -2.09590206524234e-02 -1.93401045650644e-01 2.12460636544218e-03 -3.41659238655949e-03 -2.60524216472989e-04
 -5.52595203958516e-01 1.47610909288471e+00 1.50708245831925e-01 -5.63231188164978e-03 -1.47588173701829e-02 1.51988813240411e-01 1.93160457525526e-01 5.59863725587515e-02 5.16618747345766e-01 -5.67531305440967e-03 9.12650535573549e-03 6.95920199990215e-04
 -5.64190372142279e-02 1.50708245831925e-01 1.53870574141297e-02 -5.75049532418296e-04 -1.50685033181876e-03 1.55178011841753e-02 1.97213565434203e-02 5.71611409989537e-03 5.27459017437594e-02 -5.79439879545481e-04 9.31800785842047e-04 7.10522772910791e-05
 2.10850847542426e-03 -5.63231188164978e-03 -5.75049532418296e-04 2.14909164133514e-05 5.63144437182007e-05 -5.79935726172424e-04 -7.37032205295751e-04 -2.13624259137164e-04 -1.97123500084410e-03 2.16549937281162e-05 -3.48235267981403e-05 -2.65538612964232e-06
 5.52510091169778e-03 -1.47588173701829e-02 -1.50685033181876e-03 5.63144437182007e-05 1.47565441617008e-04 -1.51965403352559e-03 -1.93130706226391e-03 -5.59777493273777e-04 -5.16539175785995e-03 5.67443892137783e-05 -9.12509965710349e-05 -6.95813011747292e-06
 -5.68984295651630e-02 1.51988813240411e-01 1.55178011841753e-02 -5.79935726172424e-04 -1.51965403352559e-03 1.56496558835524e-02 1.98889288371672e-02 5.76468390030081e-03 5.31940834761615e-02 -5.84363378062942e-04 9.39718293679549e-04 7.16560082289277e-05
 -7.23114185377998e-02 1.93160457525526e-01 1.97213565434203e-02 -7.37032205295751e-04 -1.93130706226391e-03 1.98889288371672e-02 2.52765615572187e-02 7.32625616275344e-03 6.76036168902363e-02 -7.42659246172656e-04 1.19427483959054e-03 9.10666189100324e-05
 -2.09590206524234e-02 5.59863725587515e-02 5.71611409989537e-03 -2.13624259137164e-04 -5.59777493273777e-04 5.76468390030081e-03 7.32625616275344e-03 2.12347036367192e-03 1.95944932519934e-02 -2.15255222383853e-04 3.46153229099819e-04 2.63951003185481e-05
 -1.93401045650644e-01 5.16618747345766e-01 5.27459017437594e-02 -1.97123500084410e-03 -5.16539175785995e-03 5.31940834761615e-02 6.76036168902363e-02 1.95944932519934e-02 1.80809759519551e-01 -1.98628484513589e-03 3.19415671053843e-03 2.43562907175750e-04
 2.12460636544218e-03 -5.67531305440967e-03 -5.79439879545481e-04 2.16549937281162e-05 5.67443892137783e-05 -5.84363378062942e-04 -7.42659246172656e-04 -2.15255222383853e-04 -1.98628484513589e-03 2.18203237286531e-05 -3.50893949750845e-05 -2.67565928214245e-06
 -3.41659238655949e-03 9.12650535573549e-03 9.31800785842047e-04 -3.48235267981403e-05 -9.12509965710349e-05 9.39718293679549e-04 1.19427483959054e-03 3.46153229099819e-04 3.19415671053843e-03 -3.50893949750845e-05 5.64274689518317e-05 4.30274392522238e-06
 -2.60524216472989e-04 6.95920199990215e-04 7.10522772910791e-05 -2.65538612964232e-06 -6.95813011747292e-06 7.16560082289277e-05 9.10666189100324e-05 2.63951003185481e-05 2.43562907175750e-04 -2.67565928214245e-06 4.30274392522238e-06 3.28095617789305e-07
