S:
 1.00000000000000e+00 9.69544475373831e-01 7.78523420263646e-01 0.00000000000000e+00 0.00000000000000e+00 0.00000000000000e+00 8.66485191442273e-01 8.04202209166433e-01 5.77379421950521e-01 0.00000000000000e+00 0.00000000000000e+00 -4.12341602099634e-01
 9.69544475373831e-01 1.00000000000000e+00 8.97299307181686e-01 0.00000000000000e+00 0.00000000000000e+00 0.00000000000000e+00 8.04202209166434e-01 7.83355506990665e-01 6.06519772113581e-01 0.00000000000000e+00 0.00000000000000e+00 -5.09299706416249e-01
 7.78523420263646e-01 8.97299307181686e-01 1.00000000000000e+00 0.00000000000000e+00 0.00000000000000e+00 0.00000000000000e+00 5.77379421950521e-01 6.06519772113581e-01 5.29807102319782e-01 0.00000000000000e+00 0.00000000000000e+00 -5.81401982087858e-01
 0.00000000000000e+00 0.00000000000000e+00 0.00000000000000e+00 1.00000000000000e+00 0.00000000000000e+00 0.00000000000000e+00 0.00000000000000e+00 0.00000000000000e+00 0.00000000000000e+00 7.52552699213076e-01 0.00000000000000e+00 0.00000000000000e+00
 0.00000000000000e+00 0.00000000000000e+00 0.00000000000000e+00 0.00000000000000e+00 1.00000000000000e+00 0.00000000000000e+00 0.00000000000000e+00 0.00000000000000e+00 0.00000000000000e+00 0.00000000000000e+00 7.52552699213076e-01 0.00000000000000e+00
 0.00000000000000e+00 0.00000000000000e+00 0.00000000000000e+00 0.00000000000000e+00 0.00000000000000e+00 1.00000000000000e+00 4.12341602099634e-01 5.09299706416249e-01 5.81401982087858e-01 0.00000000000000e+00 0.00000000000000e+00 3.50838400390733e-01
 8.66485191442273e-01 8.04202209166434e-01 5.77379421950521e-01 0.00000000000000e+00 0.00000000000000e+00 4.12341602099634e-01 1.00000000000000e+00 9.69544475373831e-01 7.78523420263646e-01 0.00000000000000e+00 0.00000000000000e+00 0.00000000000000e+00
 8.04202209166433e-01 7.83355506990665e-01 6.06519772113581e-01 0.00000000000000e+00 0.00000000000000e+00 5.09299706416249e-01 9.69544475373831e-01 1.00000000000000e+00 8.97299307181686e-01 0.00000000000000e+00 0.00000000000000e+00 0.00000000000000e+00
 5.77379421950521e-01 6.06519772113581e-01 5.29807102319782e-01 0.00000000000000e+00 0.00000000000000e+00 5.81401982087858e-01 7.78523420263646e-01 8.97299307181686e-01 1.00000000000000e+00 0.00000000000000e+00 0.00000000000000e+00 0.00000000000000e+00
 0.00000000000000e+00 0.00000000000000e+00 0.00000000000000e+00 7.52552699213076e-01 0.00000000000000e+00 0.00000000000000e+00 0.00000000000000e+00 0.00000000000000e+00 0.00000000000000e+00 1.00000000000000e+00 0.00000000000000e+00 0.00000000000000e+00
 0.00000000000000e+00 0.00000000000000e+00 0.00000000000000e+00 0.00000000000000e+00 7.52552699213076e-01 0.00000000000000e+00 0.00000000000000e+00 0.00000000000000e+00 0.00000000000000e+00 0.00000000000000e+00 1.00000000000000e+00 0.00000000000000e+00
 -4.12341602099634e-01 -5.09299706416249e-01 -5.81401982087858e-01 0.00000000000000e+00 0.00000000000000e+00 3.50838400390733e-01 0.00000000000000e+00 0.00000000000000e+00 0.00000000000000e+00 0.00000000000000e+00 0.00000000000000e+00 1.00000000000000e+00
En:
 -1.20070786627553e+00 -1.31818646082149e+00 -1.37947660526897e+00 0.00000000000000e+00 0.00000000000000e+00 -2.04996413308223e-01 -1.03225468638952e+00 -1.07994896283501e+00 -9.94972737303987e-01 0.00000000000000e+00 0.00000000000000e+00 6.81248328501199e-01
 -1.31818646082149e+00 -1.50971044257697e+00 -1.70901694178330e+00 0.00000000000000e+00 0.00000000000000e+00 -2.18203323980058e-01 -1.07994896283501e+00 -1.16058671056366e+00 -1.10971662700761e+00 0.00000000000000e+00 0.00000000000000e+00 8.69810281003679e-01
 -1.37947660526897e+00 -1.70901694178330e+00 -2.26636898025114e+00 0.00000000000000e+00 0.00000000000000e+00 -1.89734094958827e-01 -9.94972737303987e-01 -1.10971662700761e+00 -1.11001952814451e+00 0.00000000000000e+00 0.00000000000000e+00 1.13544135677299e+00
 0.00000000000000e+00 0.00000000000000e+00 0.00000000000000e+00 -1.09884437724829e+00 0.00000000000000e+00 0.00000000000000e+00 0.00000000000000e+00 0.00000000000000e+00 0.00000000000000e+00 -8.18655174563982e-01 0.00000000000000e+00 0.00000000000000e+00
 0.00000000000000e+00 0.00000000000000e+00 0.00000000000000e+00 0.00000000000000e+00 -1.09884437724829e+00 0.00000000000000e+00 0.00000000000000e+00 0.00000000000000e+00 0.00000000000000e+00 0.00000000000000e+00 -8.18655174563982e-01 0.00000000000000e+00
 -2.04996413308223e-01 -2.18203323980058e-01 -1.89734094958827e-01 0.00000000000000e+00 0.00000000000000e+00 -1.27140944241714e+00 -6.81248328501199e-01 -8.69810281003678e-01 -1.13544135677299e+00 0.00000000000000e+00 0.00000000000000e+00 -2.08476677302162e-01
 -1.03225468638952e+00 -1.07994896283501e+00 -9.94972737303987e-01 0.00000000000000e+00 0.00000000000000e+00 -6.81248328501199e-01 -1.20070786627553e+00 -1.31818646082149e+00 -1.37947660526897e+00 0.00000000000000e+00 0.00000000000000e+00 2.04996413308223e-01
 -1.07994896283501e+00 -1.16058671056366e+00 -1.10971662700761e+00 0.00000000000000e+00 0.00000000000000e+00 -8.69810281003678e-01 -1.31818646082149e+00 -1.50971044257697e+00 -1.70901694178330e+00 0.00000000000000e+00 0.00000000000000e+00 2.18203323980059e-01
 -9.94972737303987e-01 -1.10971662700761e+00 -1.11001952814451e+00 0.00000000000000e+00 0.00000000000000e+00 -1.13544135677299e+00 -1.37947660526897e+00 -1.70901694178330e+00 -2.26636898025115e+00 0.00000000000000e+00 0.00000000000000e+00 1.89734094958827e-01
 0.00000000000000e+00 0.00000000000000e+00 0.00000000000000e+00 -8.18655174563982e-01 0.00000000000000e+00 0.00000000000000e+00 0.00000000000000e+00 0.00000000000000e+00 0.00000000000000e+00 -1.09884437724829e+00 0.00000000000000e+00 0.00000000000000e+00
 0.00000000000000e+00 0.00000000000000e+00 0.00000000000000e+00 0.00000000000000e+00 -8.18655174563982e-01 0.00000000000000e+00 0.00000000000000e+00 0.00000000000000e+00 0.00000000000000e+00 0.00000000000000e+00 -1.09884437724829e+00 0.00000000000000e+00
 6.81248328501199e-01 8.69810281003679e-01 1.13544135677299e+00 0.00000000000000e+00 0.00000000000000e+00 -2.08476677302162e-01 2.04996413308223e-01 2.18203323980059e-01 1.89734094958827e-01 0.00000000000000e+00 0.00000000000000e+00 -1.27140944241714e+00
T:
 2.38050000000001e-01 3.07733416483654e-01 4.24373116385716e-01 0.00000000000000e+00 0.00000000000000e+00 0.00000000000000e+00 1.49861066981552e-01 1.70554667014094e-01 1.63120379389404e-01 0.00000000000000e+00 0.00000000000000e+00 -2.21780776123258e-01
 3.07733416483654e-01 4.23200000000001e-01 6.52157136459652e-01 0.00000000000000e+00 0.00000000000000e+00 0.00000000000000e+00 1.70554667014094e-01 2.02353836300836e-01 2.04415065235162e-01 0.00000000000000e+00 0.00000000000000e+00 -3.20369997933743e-01
 4.24373116385716e-01 6.52157136459652e-01 1.24820000000000e+00 0.00000000000000e+00 0.00000000000000e+00 0.00000000000000e+00 1.63120379389401e-01 2.04415065235164e-01 2.15610202118609e-01 0.00000000000000e+00 0.00000000000000e+00 -4.78691275124618e-01
 0.00000000000000e+00 0.00000000000000e+00 0.00000000000000e+00 7.81250000000001e-01 0.00000000000000e+00 0.00000000000000e+00 0.00000000000000e+00 0.00000000000000e+00 0.00000000000000e+00 4.35387171944766e-01 0.00000000000000e+00 0.00000000000000e+00
 0.00000000000000e+00 0.00000000000000e+00 0.00000000000000e+00 0.00000000000000e+00 7.81250000000001e-01 0.00000000000000e+00 0.00000000000000e+00 0.00000000000000e+00 0.00000000000000e+00 0.00000000000000e+00 4.35387171944766e-01 0.00000000000000e+00
 0.00000000000000e+00 0.00000000000000e+00 0.00000000000000e+00 0.00000000000000e+00 0.00000000000000e+00 7.81250000000001e-01 2.21780776123261e-01 3.20369997933741e-01 4.78691275124621e-01 0.00000000000000e+00 0.00000000000000e+00 -1.34966536775636e-02
 1.49861066981552e-01 1.70554667014094e-01 1.63120379389401e-01 0.00000000000000e+00 0.00000000000000e+00 2.21780776123261e-01 2.38050000000001e-01 3.07733416483654e-01 4.24373116385716e-01 0.00000000000000e+00 0.00000000000000e+00 0.00000000000000e+00
 1.70554667014094e-01 2.02353836300836e-01 2.04415065235164e-01 0.00000000000000e+00 0.00000000000000e+00 3.20369997933741e-01 3.07733416483654e-01 4.23200000000001e-01 6.52157136459652e-01 0.00000000000000e+00 0.00000000000000e+00 0.00000000000000e+00
 1.63120379389404e-01 2.04415065235162e-01 2.15610202118609e-01 0.00000000000000e+00 0.00000000000000e+00 4.78691275124621e-01 4.24373116385716e-01 6.52157136459652e-01 1.24820000000000e+00 0.00000000000000e+00 0.00000000000000e+00 0.00000000000000e+00
 0.00000000000000e+00 0.00000000000000e+00 0.00000000000000e+00 4.35387171944766e-01 0.00000000000000e+00 0.00000000000000e+00 0.00000000000000e+00 0.00000000000000e+00 0.00000000000000e+00 7.81250000000001e-01 0.00000000000000e+00 0.00000000000000e+00
 0.00000000000000e+00 0.00000000000000e+00 0.00000000000000e+00 0.00000000000000e+00 4.35387171944766e-01 0.00000000000000e+00 0.00000000000000e+00 0.00000000000000e+00 0.00000000000000e+00 0.00000000000000e+00 7.81250000000001e-01 0.00000000000000e+00
 -2.21780776123258e-01 -3.20369997933743e-01 -4.78691275124618e-01 0.00000000000000e+00 0.00000000000000e+00 -1.34966536775636e-02 0.00000000000000e+00 0.00000000000000e+00 0.00000000000000e+00 0.00000000000000e+00 0.00000000000000e+00 7.81250000000001e-01
