pVp:
 -4.95459390812057e+03 -2.67371827702617e+03 2.84676229616755e+02 1.67421217573830e+02 7.33571264004444e+01 0.00000000000000e+00 0.00000000000000e+00 -6.18734798916140e-01 0.00000000000000e+00 0.00000000000000e+00 3.40329054273128e-01 0.00000000000000e+00 0.00000000000000e+00 2.00392942214902e-01 0.00000000000000e+00 0.00000000000000e+00 5.82267587637718e-02 0.00000000000000e+00 0.00000000000000e+00 3.57435998575397e-04 5.51420991364009e-03 1.26793432847124e-02 9.20691215500202e-01 2.27005656786641e-01 0.00000000000000e+00 0.00000000000000e+00 -8.15243615202592e-01 0.00000000000000e+00 0.00000000000000e+00 -5.67663000287424e-01 0.00000000000000e+00 0.00000000000000e+00 1.46377810682557e+00 0.00000000000000e+00 0.00000000000000e+00 -3.67430577240684e+00 0.00000000000000e+00 0.00000000000000e+00
 -2.67371827702617e+03 -1.56579671443285e+03 2.01947122333232e+01 8.00533662132385e+01 4.47304141168030e+01 0.00000000000000e+00 0.00000000000000e+00 -1.89613978661560e+00 0.00000000000000e+00 0.00000000000000e+00 5.06906587860227e-02 0.00000000000000e+00 0.00000000000000e+00 2.12485652161554e-01 0.00000000000000e+00 0.00000000000000e+00 6.18384045254380e-02 0.00000000000000e+00 0.00000000000000e+00 1.40824445297707e-02 3.67596775719180e-02 6.67255035522987e-02 1.23820421466246e+00 2.71235914194624e-01 0.00000000000000e+00 0.00000000000000e+00 -1.20432824812295e+00 0.00000000000000e+00 0.00000000000000e+00 -5.98362558914791e-01 0.00000000000000e+00 0.00000000000000e+00 1.92598323947058e+00 0.00000000000000e+00 0.00000000000000e+00 -4.94216829049256e+00 0.00000000000000e+00 0.00000000000000e+00
 2.84676229616755e+02 2.01947122333232e+01 -1.91901177096443e+02 -3.87022140322974e+01 -2.21602273693248e+00 1.12655901149229e-15 0.00000000000000e+00 -3.74581581866412e+00 0.00000000000000e+00 0.00000000000000e+00 -8.56667311049519e-01 0.00000000000000e+00 0.00000000000000e+00 9.20980505344467e-02 0.00000000000000e+00 0.00000000000000e+00 -7.21486026889417e-02 0.00000000000000e+00 0.00000000000000e+00 1.77510727007614e-01 2.95328779408220e-01 4.31015564449448e-01 1.75687189631424e+00 2.21869856665890e-01 0.00000000000000e+00 0.00000000000000e+00 -1.86885417454592e+00 0.00000000000000e+00 0.00000000000000e+00 -7.40503103242200e-02 0.00000000000000e+00 0.00000000000000e+00 2.85612712982421e+00 0.00000000000000e+00 0.00000000000000e+00 -7.44806010092227e+00 0.00000000000000e+00 0.00000000000000e+00
 1.67421217573830e+02 8.00533662132385e+01 -3.87022140322974e+01 -2.58692500629112e+01 -9.77818402814586e+00 0.00000000000000e+00 0.00000000000000e+00 -2.49362583895334e+00 0.00000000000000e+00 0.00000000000000e+00 -1.83581933527701e+00 0.00000000000000e+00 0.00000000000000e+00 -4.46707205743234e-01 0.00000000000000e+00 0.00000000000000e+00 -7.88140350782831e-01 0.00000000000000e+00 0.00000000000000e+00 8.91595531336176e-01 1.12239308027596e+00 1.29014180866672e+00 8.83145774011385e-01 -7.57186225859549e-01 0.00000000000000e+00 0.00000000000000e+00 2.13743261350697e+00 0.00000000000000e+00 0.00000000000000e+00 4.48952672704076e+00 0.00000000000000e+00 0.00000000000000e+00 5.13417453040796e+00 0.00000000000000e+00 0.00000000000000e+00 -9.46779999513831e+00 0.00000000000000e+00 0.00000000000000e+00
 7.33571264004444e+01 4.47304141168030e+01 -2.21602273693248e+00 -9.77818402814586e+00 -6.49019940774056e+00 0.00000000000000e+00 0.00000000000000e+00 -8.47853267933375e-01 0.00000000000000e+00 0.00000000000000e+00 -1.28018197434910e+00 0.00000000000000e+00 0.00000000000000e+00 -5.64207855072900e-01 0.00000000000000e+00 0.00000000000000e+00 -7.67737018017625e-01 0.00000000000000e+00 0.00000000000000e+00 -5.84314810917848e-02 -8.18259500422303e-02 -1.06130606330839e-01 -8.86299313572381e-01 -1.43635796349268e+00 0.00000000000000e+00 0.00000000000000e+00 4.10562543468335e+00 0.00000000000000e+00 0.00000000000000e+00 4.88652387074429e+00 0.00000000000000e+00 0.00000000000000e+00 4.31407271063077e+00 0.00000000000000e+00 0.00000000000000e+00 -4.57093664711148e+00 0.00000000000000e+00 0.00000000000000e+00
 0.00000000000000e+00 0.00000000000000e+00 1.12655901149229e-15 0.00000000000000e+00 0.00000000000000e+00 -3.40173156768684e+02 0.00000000000000e+00 0.00000000000000e+00 -1.08157373608488e+02 0.00000000000000e+00 0.00000000000000e+00 -2.72434170170994e+01 0.00000000000000e+00 0.00000000000000e+00 0.00000000000000e+00 0.00000000000000e+00 0.00000000000000e+00 -1.94116304167628e+00 0.00000000000000e+00 0.00000000000000e+00 0.00000000000000e+00 0.00000000000000e+00 0.00000000000000e+00 0.00000000000000e+00 2.25642774621592e-01 0.00000000000000e+00 0.00000000000000e+00 -1.57000214099283e+00 0.00000000000000e+00 0.00000000000000e+00 -3.07255610762266e+00 0.00000000000000e+00 0.00000000000000e+00 0.00000000000000e+00 0.00000000000000e+00 0.00000000000000e+00 8.79485861614536e+00 0.00000000000000e+00
 0.00000000000000e+00 0.00000000000000e+00 0.00000000000000e+00 0.00000000000000e+00 0.00000000000000e+00 0.00000000000000e+00 -3.40173156768684e+02 0.00000000000000e+00 0.00000000000000e+00 -1.08157373608488e+02 0.00000000000000e+00 0.00000000000000e+00 -2.72434170170994e+01 0.00000000000000e+00 0.00000000000000e+00 -1.94116304167628e+00 0.00000000000000e+00 0.00000000000000e+00 0.00000000000000e+00 0.00000000000000e+00 0.00000000000000e+00 0.00000000000000e+00 0.00000000000000e+00 0.00000000000000e+00 0.00000000000000e+00 2.25642774621593e-01 0.00000000000000e+00 0.00000000000000e+00 -1.57000214099283e+00 0.00000000000000e+00 0.00000000000000e+00 -3.07255610762266e+00 0.00000000000000e+00 0.00000000000000e+00 8.79485861614536e+00 0.00000000000000e+00 0.00000000000000e+00 0.00000000000000e+00
 -6.18734798916140e-01 -1.89613978661560e+00 -3.74581581866412e+00 -2.49362583895334e+00 -8.47853267933375e-01 0.00000000000000e+00 0.00000000000000e+00 -3.41339007982322e+02 0.00000000000000e+00 0.00000000000000e+00 -1.08736699770553e+02 0.00000000000000e+00 0.00000000000000e+00 -2.72250007031501e+01 0.00000000000000e+00 0.00000000000000e+00 -2.39693832599378e+00 0.00000000000000e+00 0.00000000000000e+00 1.06521129280319e+00 1.41906076793020e+00 1.72909498368764e+00 -6.77997946679838e-01 -3.85796879162311e+00 0.00000000000000e+00 0.00000000000000e+00 7.55814757634016e-01 0.00000000000000e+00 0.00000000000000e+00 8.97308077149647e+00 0.00000000000000e+00 0.00000000000000e+00 6.78875453517116e+00 0.00000000000000e+00 0.00000000000000e+00 -1.66525599891625e+01 0.00000000000000e+00 0.00000000000000e+00
 0.00000000000000e+00 0.00000000000000e+00 0.00000000000000e+00 0.00000000000000e+00 0.00000000000000e+00 -1.08157373608488e+02 0.00000000000000e+00 0.00000000000000e+00 -5.13752975184041e+01 0.00000000000000e+00 0.00000000000000e+00 -1.80475912285818e+01 0.00000000000000e+00 0.00000000000000e+00 0.00000000000000e+00 0.00000000000000e+00 0.00000000000000e+00 -2.70623915789480e+00 0.00000000000000e+00 0.00000000000000e+00 0.00000000000000e+00 0.00000000000000e+00 0.00000000000000e+00 0.00000000000000e+00 -2.10824988193883e+00 0.00000000000000e+00 0.00000000000000e+00 -3.71684403213735e+00 0.00000000000000e+00 0.00000000000000e+00 -4.24210213833072e+00 0.00000000000000e+00 0.00000000000000e+00 0.00000000000000e+00 0.00000000000000e+00 0.00000000000000e+00 1.04443340599232e+01 0.00000000000000e+00
 0.00000000000000e+00 0.00000000000000e+00 0.00000000000000e+00 0.00000000000000e+00 0.00000000000000e+00 0.00000000000000e+00 -1.08157373608488e+02 0.00000000000000e+00 0.00000000000000e+00 -5.13752975184041e+01 0.00000000000000e+00 0.00000000000000e+00 -1.80475912285818e+01 0.00000000000000e+00 0.00000000000000e+00 -2.70623915789480e+00 0.00000000000000e+00 0.00000000000000e+00 0.00000000000000e+00 0.00000000000000e+00 0.00000000000000e+00 0.00000000000000e+00 0.00000000000000e+00 0.00000000000000e+00 0.00000000000000e+00 -2.10824988193883e+00 0.00000000000000e+00 0.00000000000000e+00 -3.71684403213735e+00 0.00000000000000e+00 0.00000000000000e+00 -4.24210213833072e+00 0.00000000000000e+00 0.00000000000000e+00 1.04443340599232e+01 0.00000000000000e+00 0.00000000000000e+00 0.00000000000000e+00
 3.40329054273128e-01 5.06906587860227e-02 -8.56667311049519e-01 -1.83581933527701e+00 -1.28018197434910e+00 0.00000000000000e+00 0.00000000000000e+00 -1.08736699770553e+02 0.00000000000000e+00 0.00000000000000e+00 -5.21881634537087e+01 0.00000000000000e+00 0.00000000000000e+00 -1.82227701758615e+01 0.00000000000000e+00 0.00000000000000e+00 -3.52443707786741e+00 0.00000000000000e+00 0.00000000000000e+00 1.13338417469473e-01 5.91210396475496e-02 -3.93557401107498e-02 -3.97722097965299e+00 -5.24076391649179e+00 0.00000000000000e+00 0.00000000000000e+00 9.40257037157704e+00 0.00000000000000e+00 0.00000000000000e+00 1.38135789043142e+01 0.00000000000000e+00 0.00000000000000e+00 8.19255205339314e+00 0.00000000000000e+00 0.00000000000000e+00 -1.30181546755259e+01 0.00000000000000e+00 0.00000000000000e+00
 0.00000000000000e+00 0.00000000000000e+00 0.00000000000000e+00 0.00000000000000e+00 0.00000000000000e+00 -2.72434170170994e+01 0.00000000000000e+00 0.00000000000000e+00 -1.80475912285818e+01 0.00000000000000e+00 0.00000000000000e+00 -9.10000706442925e+00 0.00000000000000e+00 0.00000000000000e+00 0.00000000000000e+00 0.00000000000000e+00 0.00000000000000e+00 -1.66511240242958e+00 0.00000000000000e+00 0.00000000000000e+00 0.00000000000000e+00 0.00000000000000e+00 0.00000000000000e+00 0.00000000000000e+00 -3.25121544507925e+00 0.00000000000000e+00 0.00000000000000e+00 -4.00201366500524e+00 0.00000000000000e+00 0.00000000000000e+00 -3.99073161659220e+00 0.00000000000000e+00 0.00000000000000e+00 0.00000000000000e+00 0.00000000000000e+00 0.00000000000000e+00 6.13731721524074e+00 0.00000000000000e+00
 0.00000000000000e+00 0.00000000000000e+00 0.00000000000000e+00 0.00000000000000e+00 0.00000000000000e+00 0.00000000000000e+00 -2.72434170170994e+01 0.00000000000000e+00 0.00000000000000e+00 -1.80475912285818e+01 0.00000000000000e+00 0.00000000000000e+00 -9.10000706442925e+00 0.00000000000000e+00 0.00000000000000e+00 -1.66511240242958e+00 0.00000000000000e+00 0.00000000000000e+00 0.00000000000000e+00 0.00000000000000e+00 0.00000000000000e+00 0.00000000000000e+00 0.00000000000000e+00 0.00000000000000e+00 0.00000000000000e+00 -3.25121544507925e+00 0.00000000000000e+00 0.00000000000000e+00 -4.00201366500524e+00 0.00000000000000e+00 0.00000000000000e+00 -3.99073161659220e+00 0.00000000000000e+00 0.00000000000000e+00 6.13731721524074e+00 0.00000000000000e+00 0.00000000000000e+00 0.00000000000000e+00
 2.00392942214902e-01 2.12485652161554e-01 9.20980505344467e-02 -4.46707205743234e-01 -5.64207855072900e-01 0.00000000000000e+00 0.00000000000000e+00 -2.72250007031501e+01 0.00000000000000e+00 0.00000000000000e+00 -1.82227701758615e+01 0.00000000000000e+00 0.00000000000000e+00 -9.12329811393392e+00 0.00000000000000e+00 0.00000000000000e+00 -1.91536581995909e+00 0.00000000000000e+00 0.00000000000000e+00 -1.55038315081827e+00 -1.94556916860698e+00 -2.23343546490191e+00 -4.55857097657910e+00 -4.39962498897587e+00 0.00000000000000e+00 0.00000000000000e+00 5.59207136076285e+00 0.00000000000000e+00 0.00000000000000e+00 6.93746966461380e+00 0.00000000000000e+00 0.00000000000000e+00 3.80778911082117e+00 0.00000000000000e+00 0.00000000000000e+00 -3.52965090765884e+00 0.00000000000000e+00 0.00000000000000e+00
 0.00000000000000e+00 0.00000000000000e+00 0.00000000000000e+00 0.00000000000000e+00 0.00000000000000e+00 0.00000000000000e+00 0.00000000000000e+00 0.00000000000000e+00 0.00000000000000e+00 0.00000000000000e+00 0.00000000000000e+00 0.00000000000000e+00 0.00000000000000e+00 0.00000000000000e+00 -5.11469490739757e+01 0.00000000000000e+00 0.00000000000000e+00 0.00000000000000e+00 0.00000000000000e+00 0.00000000000000e+00 0.00000000000000e+00 0.00000000000000e+00 0.00000000000000e+00 0.00000000000000e+00 0.00000000000000e+00 0.00000000000000e+00 0.00000000000000e+00 0.00000000000000e+00 0.00000000000000e+00 0.00000000000000e+00 0.00000000000000e+00 0.00000000000000e+00 0.00000000000000e+00 -5.60401829917994e+00 0.00000000000000e+00 0.00000000000000e+00 0.00000000000000e+00 0.00000000000000e+00
 0.00000000000000e+00 0.00000000000000e+00 0.00000000000000e+00 0.00000000000000e+00 0.00000000000000e+00 0.00000000000000e+00 -1.94116304167628e+00 0.00000000000000e+00 0.00000000000000e+00 -2.70623915789480e+00 0.00000000000000e+00 0.00000000000000e+00 -1.66511240242958e+00 0.00000000000000e+00 0.00000000000000e+00 -5.29196365973794e+01 0.00000000000000e+00 0.00000000000000e+00 0.00000000000000e+00 0.00000000000000e+00 0.00000000000000e+00 0.00000000000000e+00 0.00000000000000e+00 0.00000000000000e+00 0.00000000000000e+00 -8.24085169042218e+00 0.00000000000000e+00 0.00000000000000e+00 -1.03377524180968e+01 0.00000000000000e+00 0.00000000000000e+00 -6.87649709814051e+00 0.00000000000000e+00 0.00000000000000e+00 1.58159938913118e+01 0.00000000000000e+00 0.00000000000000e+00 0.00000000000000e+00
 5.82267587637718e-02 6.18384045254380e-02 -7.21486026889417e-02 -7.88140350782831e-01 -7.67737018017625e-01 0.00000000000000e+00 0.00000000000000e+00 -2.39693832599378e+00 0.00000000000000e+00 0.00000000000000e+00 -3.52443707786741e+00 0.00000000000000e+00 0.00000000000000e+00 -1.91536581995909e+00 0.00000000000000e+00 0.00000000000000e+00 -5.35496591773013e+01 0.00000000000000e+00 0.00000000000000e+00 -2.82183452339114e+00 -3.72927506627460e+00 -4.51566154908738e+00 -9.54003249493734e+00 -5.97618581823599e+00 0.00000000000000e+00 0.00000000000000e+00 1.80465041772405e+01 0.00000000000000e+00 0.00000000000000e+00 1.63392631226119e+01 0.00000000000000e+00 0.00000000000000e+00 5.69819256075025e+00 0.00000000000000e+00 0.00000000000000e+00 -8.06392838895134e+00 0.00000000000000e+00 0.00000000000000e+00
 0.00000000000000e+00 0.00000000000000e+00 0.00000000000000e+00 0.00000000000000e+00 0.00000000000000e+00 -1.94116304167628e+00 0.00000000000000e+00 0.00000000000000e+00 -2.70623915789480e+00 0.00000000000000e+00 0.00000000000000e+00 -1.66511240242958e+00 0.00000000000000e+00 0.00000000000000e+00 0.00000000000000e+00 0.00000000000000e+00 0.00000000000000e+00 -5.29196365973794e+01 0.00000000000000e+00 0.00000000000000e+00 0.00000000000000e+00 0.00000000000000e+00 0.00000000000000e+00 0.00000000000000e+00 -8.24085169042218e+00 0.00000000000000e+00 0.00000000000000e+00 -1.03377524180968e+01 0.00000000000000e+00 0.00000000000000e+00 -6.87649709814051e+00 0.00000000000000e+00 0.00000000000000e+00 0.00000000000000e+00 0.00000000000000e+00 0.00000000000000e+00 1.58159938913118e+01 0.00000000000000e+00
 0.00000000000000e+00 0.00000000000000e+00 0.00000000000000e+00 0.00000000000000e+00 0.00000000000000e+00 0.00000000000000e+00 0.00000000000000e+00 0.00000000000000e+00 0.00000000000000e+00 0.00000000000000e+00 0.00000000000000e+00 0.00000000000000e+00 0.00000000000000e+00 0.00000000000000e+00 0.00000000000000e+00 0.00000000000000e+00 0.00000000000000e+00 0.00000000000000e+00 -5.11469490739756e+01 0.00000000000000e+00 0.00000000000000e+00 0.00000000000000e+00 0.00000000000000e+00 0.00000000000000e+00 0.00000000000000e+00 0.00000000000000e+00 0.00000000000000e+00 0.00000000000000e+00 0.00000000000000e+00 0.00000000000000e+00 0.00000000000000e+00 0.00000000000000e+00 0.00000000000000e+00 0.00000000000000e+00 0.00000000000000e+00 0.00000000000000e+00 0.00000000000000e+00 -5.60401829917994e+00
 3.57435998575397e-04 1.40824445297707e-02 1.77510727007614e-01 8.91595531336176e-01 -5.84314810917848e-02 0.00000000000000e+00 0.00000000000000e+00 1.06521129280319e+00 0.00000000000000e+00 0.00000000000000e+00 1.13338417469473e-01 0.00000000000000e+00 0.00000000000000e+00 -1.55038315081827e+00 0.00000000000000e+00 0.00000000000000e+00 -2.82183452339114e+00 0.00000000000000e+00 0.00000000000000e+00 -7.83888839998419e+03 -4.41411803211898e+03 3.29996279485910e+02 2.75229409204771e+02 1.20168601138431e+02 0.00000000000000e+00 0.00000000000000e+00 5.67744212041982e-01 0.00000000000000e+00 0.00000000000000e+00 -3.34646245862881e-01 0.00000000000000e+00 0.00000000000000e+00 -1.96280684260882e-01 0.00000000000000e+00 0.00000000000000e+00 3.82320168061269e-02 0.00000000000000e+00 0.00000000000000e+00
 5.51420991364009e-03 3.67596775719180e-02 2.95328779408220e-01 1.12239308027596e+00 -8.18259500422303e-02 0.00000000000000e+00 0.00000000000000e+00 1.41906076793020e+00 0.00000000000000e+00 0.00000000000000e+00 5.91210396475496e-02 0.00000000000000e+00 0.00000000000000e+00 -1.94556916860698e+00 0.00000000000000e+00 0.00000000000000e+00 -3.72927506627460e+00 0.00000000000000e+00 0.00000000000000e+00 -4.41411803211898e+03 -2.66439867987543e+03 -1.47919749096368e+02 1.38510828980869e+02 7.54331701858101e+01 0.00000000000000e+00 0.00000000000000e+00 1.71542451718305e+00 0.00000000000000e+00 0.00000000000000e+00 -9.04840804064504e-02 0.00000000000000e+00 0.00000000000000e+00 -2.09533831024378e-01 0.00000000000000e+00 0.00000000000000e+00 5.77067202229905e-02 0.00000000000000e+00 0.00000000000000e+00
 1.26793432847124e-02 6.67255035522987e-02 4.31015564449448e-01 1.29014180866672e+00 -1.06130606330839e-01 0.00000000000000e+00 0.00000000000000e+00 1.72909498368764e+00 0.00000000000000e+00 0.00000000000000e+00 -3.93557401107498e-02 0.00000000000000e+00 0.00000000000000e+00 -2.23343546490191e+00 0.00000000000000e+00 0.00000000000000e+00 -4.51566154908738e+00 0.00000000000000e+00 0.00000000000000e+00 3.29996279485910e+02 -1.47919749096368e+02 -6.42383211731069e+02 -4.93875450466251e+01 8.48527647317041e+00 1.18314597603534e-15 0.00000000000000e+00 3.05246385090503e+00 0.00000000000000e+00 0.00000000000000e+00 2.94212188485469e-01 0.00000000000000e+00 0.00000000000000e+00 -1.89908874375843e-01 0.00000000000000e+00 0.00000000000000e+00 7.46785247882141e-02 0.00000000000000e+00 0.00000000000000e+00
 9.20691215500202e-01 1.23820421466246e+00 1.75687189631424e+00 8.83145774011385e-01 -8.86299313572381e-01 0.00000000000000e+00 0.00000000000000e+00 -6.77997946679838e-01 0.00000000000000e+00 0.00000000000000e+00 -3.97722097965299e+00 0.00000000000000e+00 0.00000000000000e+00 -4.55857097657910e+00 0.00000000000000e+00 0.00000000000000e+00 -9.54003249493734e+00 0.00000000000000e+00 0.00000000000000e+00 2.75229409204771e+02 1.38510828980869e+02 -4.93875450466251e+01 -4.07465229811303e+01 -1.50076298408957e+01 0.00000000000000e+00 0.00000000000000e+00 2.55360672119413e+00 0.00000000000000e+00 0.00000000000000e+00 1.81499005704622e+00 0.00000000000000e+00 0.00000000000000e+00 4.57561737082149e-01 0.00000000000000e+00 0.00000000000000e+00 -4.54482533723715e-01 0.00000000000000e+00 0.00000000000000e+00
 2.27005656786641e-01 2.71235914194624e-01 2.21869856665890e-01 -7.57186225859549e-01 -1.43635796349268e+00 0.00000000000000e+00 0.00000000000000e+00 -3.85796879162311e+00 0.00000000000000e+00 0.00000000000000e+00 -5.24076391649179e+00 0.00000000000000e+00 0.00000000000000e+00 -4.39962498897587e+00 0.00000000000000e+00 0.00000000000000e+00 -5.97618581823599e+00 0.00000000000000e+00 0.00000000000000e+00 1.20168601138431e+02 7.54331701858101e+01 8.48527647317041e+00 -1.50076298408957e+01 -9.82996930111960e+00 0.00000000000000e+00 0.00000000000000e+00 9.17163611306575e-01 0.00000000000000e+00 0.00000000000000e+00 1.38965696782322e+00 0.00000000000000e+00 0.00000000000000e+00 6.56750737178647e-01 0.00000000000000e+00 0.00000000000000e+00 -6.47405196397272e-01 0.00000000000000e+00 0.00000000000000e+00
 0.00000000000000e+00 0.00000000000000e+00 0.00000000000000e+00 0.00000000000000e+00 0.00000000000000e+00 2.25642774621592e-01 0.00000000000000e+00 0.00000000000000e+00 -2.10824988193883e+00 0.00000000000000e+00 0.00000000000000e+00 -3.25121544507925e+00 0.00000000000000e+00 0.00000000000000e+00 0.00000000000000e+00 0.00000000000000e+00 0.00000000000000e+00 -8.24085169042218e+00 0.00000000000000e+00 0.00000000000000e+00 0.00000000000000e+00 1.18314597603534e-15 0.00000000000000e+00 0.00000000000000e+00 -5.06060421655429e+02 0.00000000000000e+00 0.00000000000000e+00 -1.58629180693659e+02 0.00000000000000e+00 0.00000000000000e+00 -4.09882603721952e+01 0.00000000000000e+00 0.00000000000000e+00 0.00000000000000e+00 0.00000000000000e+00 0.00000000000000e+00 1.14054136630487e+00 0.00000000000000e+00
 0.00000000000000e+00 0.00000000000000e+00 0.00000000000000e+00 0.00000000000000e+00 0.00000000000000e+00 0.00000000000000e+00 2.25642774621593e-01 0.00000000000000e+00 0.00000000000000e+00 -2.10824988193883e+00 0.00000000000000e+00 0.00000000000000e+00 -3.25121544507925e+00 0.00000000000000e+00 0.00000000000000e+00 -8.24085169042218e+00 0.00000000000000e+00 0.00000000000000e+00 0.00000000000000e+00 0.00000000000000e+00 0.00000000000000e+00 0.00000000000000e+00 0.00000000000000e+00 0.00000000000000e+00 0.00000000000000e+00 -5.06060421655429e+02 0.00000000000000e+00 0.00000000000000e+00 -1.58629180693659e+02 0.00000000000000e+00 0.00000000000000e+00 -4.09882603721952e+01 0.00000000000000e+00 0.00000000000000e+00 1.14054136630487e+00 0.00000000000000e+00 0.00000000000000e+00 0.00000000000000e+00
 -8.15243615202592e-01 -1.20432824812295e+00 -1.86885417454592e+00 2.13743261350697e+00 4.10562543468335e+00 0.00000000000000e+00 0.00000000000000e+00 7.55814757634016e-01 0.00000000000000e+00 0.00000000000000e+00 9.40257037157704e+00 0.00000000000000e+00 0.00000000000000e+00 5.59207136076285e+00 0.00000000000000e+00 0.00000000000000e+00 1.80465041772405e+01 0.00000000000000e+00 0.00000000000000e+00 5.67744212041982e-01 1.71542451718305e+00 3.05246385090503e+00 2.55360672119413e+00 9.17163611306575e-01 0.00000000000000e+00 0.00000000000000e+00 -5.07082627529476e+02 0.00000000000000e+00 0.00000000000000e+00 -1.59147646245199e+02 0.00000000000000e+00 0.00000000000000e+00 -4.09865274593212e+01 0.00000000000000e+00 0.00000000000000e+00 1.34512978215958e+00 0.00000000000000e+00 0.00000000000000e+00
 0.00000000000000e+00 0.00000000000000e+00 0.00000000000000e+00 0.00000000000000e+00 0.00000000000000e+00 -1.57000214099283e+00 0.00000000000000e+00 0.00000000000000e+00 -3.71684403213735e+00 0.00000000000000e+00 0.00000000000000e+00 -4.00201366500524e+00 0.00000000000000e+00 0.00000000000000e+00 0.00000000000000e+00 0.00000000000000e+00 0.00000000000000e+00 -1.03377524180968e+01 0.00000000000000e+00 0.00000000000000e+00 0.00000000000000e+00 0.00000000000000e+00 0.00000000000000e+00 0.00000000000000e+00 -1.58629180693659e+02 0.00000000000000e+00 0.00000000000000e+00 -7.35840760791719e+01 0.00000000000000e+00 0.00000000000000e+00 -2.61258896315882e+01 0.00000000000000e+00 0.00000000000000e+00 0.00000000000000e+00 0.00000000000000e+00 0.00000000000000e+00 2.10671761985507e+00 0.00000000000000e+00
 0.00000000000000e+00 0.00000000000000e+00 0.00000000000000e+00 0.00000000000000e+00 0.00000000000000e+00 0.00000000000000e+00 -1.57000214099283e+00 0.00000000000000e+00 0.00000000000000e+00 -3.71684403213735e+00 0.00000000000000e+00 0.00000000000000e+00 -4.00201366500524e+00 0.00000000000000e+00 0.00000000000000e+00 -1.03377524180968e+01 0.00000000000000e+00 0.00000000000000e+00 0.00000000000000e+00 0.00000000000000e+00 0.00000000000000e+00 0.00000000000000e+00 0.00000000000000e+00 0.00000000000000e+00 0.00000000000000e+00 -1.58629180693659e+02 0.00000000000000e+00 0.00000000000000e+00 -7.35840760791719e+01 0.00000000000000e+00 0.00000000000000e+00 -2.61258896315882e+01 0.00000000000000e+00 0.00000000000000e+00 2.10671761985507e+00 0.00000000000000e+00 0.00000000000000e+00 0.00000000000000e+00
 -5.67663000287424e-01 -5.98362558914791e-01 -7.40503103242200e-02 4.48952672704076e+00 4.88652387074429e+00 0.00000000000000e+00 0.00000000000000e+00 8.97308077149647e+00 0.00000000000000e+00 0.00000000000000e+00 1.38135789043142e+01 0.00000000000000e+00 0.00000000000000e+00 6.93746966461380e+00 0.00000000000000e+00 0.00000000000000e+00 1.63392631226119e+01 0.00000000000000e+00 0.00000000000000e+00 -3.34646245862881e-01 -9.04840804064504e-02 2.94212188485469e-01 1.81499005704622e+00 1.38965696782322e+00 0.00000000000000e+00 0.00000000000000e+00 -1.59147646245199e+02 0.00000000000000e+00 0.00000000000000e+00 -7.43997388034612e+01 0.00000000000000e+00 0.00000000000000e+00 -2.63734190950133e+01 0.00000000000000e+00 0.00000000000000e+00 2.70635310904668e+00 0.00000000000000e+00 0.00000000000000e+00
 0.00000000000000e+00 0.00000000000000e+00 0.00000000000000e+00 0.00000000000000e+00 0.00000000000000e+00 -3.07255610762266e+00 0.00000000000000e+00 0.00000000000000e+00 -4.24210213833072e+00 0.00000000000000e+00 0.00000000000000e+00 -3.99073161659220e+00 0.00000000000000e+00 0.00000000000000e+00 0.00000000000000e+00 0.00000000000000e+00 0.00000000000000e+00 -6.87649709814051e+00 0.00000000000000e+00 0.00000000000000e+00 0.00000000000000e+00 0.00000000000000e+00 0.00000000000000e+00 0.00000000000000e+00 -4.09882603721952e+01 0.00000000000000e+00 0.00000000000000e+00 -2.61258896315882e+01 0.00000000000000e+00 0.00000000000000e+00 -1.30432661743001e+01 0.00000000000000e+00 0.00000000000000e+00 0.00000000000000e+00 0.00000000000000e+00 0.00000000000000e+00 1.59360067884820e+00 0.00000000000000e+00
 0.00000000000000e+00 0.00000000000000e+00 0.00000000000000e+00 0.00000000000000e+00 0.00000000000000e+00 0.00000000000000e+00 -3.07255610762266e+00 0.00000000000000e+00 0.00000000000000e+00 -4.24210213833072e+00 0.00000000000000e+00 0.00000000000000e+00 -3.99073161659220e+00 0.00000000000000e+00 0.00000000000000e+00 -6.87649709814051e+00 0.00000000000000e+00 0.00000000000000e+00 0.00000000000000e+00 0.00000000000000e+00 0.00000000000000e+00 0.00000000000000e+00 0.00000000000000e+00 0.00000000000000e+00 0.00000000000000e+00 -4.09882603721952e+01 0.00000000000000e+00 0.00000000000000e+00 -2.61258896315882e+01 0.00000000000000e+00 0.00000000000000e+00 -1.30432661743001e+01 0.00000000000000e+00 0.00000000000000e+00 1.59360067884820e+00 0.00000000000000e+00 0.00000000000000e+00 0.00000000000000e+00
 1.46377810682557e+00 1.92598323947058e+00 2.85612712982421e+00 5.13417453040796e+00 4.31407271063077e+00 0.00000000000000e+00 0.00000000000000e+00 6.78875453517116e+00 0.00000000000000e+00 0.00000000000000e+00 8.19255205339314e+00 0.00000000000000e+00 0.00000000000000e+00 3.80778911082117e+00 0.00000000000000e+00 0.00000000000000e+00 5.69819256075025e+00 0.00000000000000e+00 0.00000000000000e+00 -1.96280684260882e-01 -2.09533831024378e-01 -1.89908874375843e-01 4.57561737082149e-01 6.56750737178647e-01 0.00000000000000e+00 0.00000000000000e+00 -4.09865274593212e+01 0.00000000000000e+00 0.00000000000000e+00 -2.63734190950133e+01 0.00000000000000e+00 0.00000000000000e+00 -1.31436745991703e+01 0.00000000000000e+00 0.00000000000000e+00 1.86241284730989e+00 0.00000000000000e+00 0.00000000000000e+00
 0.00000000000000e+00 0.00000000000000e+00 0.00000000000000e+00 0.00000000000000e+00 0.00000000000000e+00 0.00000000000000e+00 0.00000000000000e+00 0.00000000000000e+00 0.00000000000000e+00 0.00000000000000e+00 0.00000000000000e+00 0.00000000000000e+00 0.00000000000000e+00 0.00000000000000e+00 -5.60401829917994e+00 0.00000000000000e+00 0.00000000000000e+00 0.00000000000000e+00 0.00000000000000e+00 0.00000000000000e+00 0.00000000000000e+00 0.00000000000000e+00 0.00000000000000e+00 0.00000000000000e+00 0.00000000000000e+00 0.00000000000000e+00 0.00000000000000e+00 0.00000000000000e+00 0.00000000000000e+00 0.00000000000000e+00 0.00000000000000e+00 0.00000000000000e+00 0.00000000000000e+00 -4.14998796400784e+01 0.00000000000000e+00 0.00000000000000e+00 0.00000000000000e+00 0.00000000000000e+00
 0.00000000000000e+00 0.00000000000000e+00 0.00000000000000e+00 0.00000000000000e+00 0.00000000000000e+00 0.00000000000000e+00 8.79485861614536e+00 0.00000000000000e+00 0.00000000000000e+00 1.04443340599232e+01 0.00000000000000e+00 0.00000000000000e+00 6.13731721524074e+00 0.00000000000000e+00 0.00000000000000e+00 1.58159938913118e+01 0.00000000000000e+00 0.00000000000000e+00 0.00000000000000e+00 0.00000000000000e+00 0.00000000000000e+00 0.00000000000000e+00 0.00000000000000e+00 0.00000000000000e+00 0.00000000000000e+00 1.14054136630487e+00 0.00000000000000e+00 0.00000000000000e+00 2.10671761985507e+00 0.00000000000000e+00 0.00000000000000e+00 1.59360067884820e+00 0.00000000000000e+00 0.00000000000000e+00 -4.29376150826996e+01 0.00000000000000e+00 0.00000000000000e+00 0.00000000000000e+00
 -3.67430577240684e+00 -4.94216829049256e+00 -7.44806010092227e+00 -9.46779999513831e+00 -4.57093664711148e+00 0.00000000000000e+00 0.00000000000000e+00 -1.66525599891625e+01 0.00000000000000e+00 0.00000000000000e+00 -1.30181546755259e+01 0.00000000000000e+00 0.00000000000000e+00 -3.52965090765884e+00 0.00000000000000e+00 0.00000000000000e+00 -8.06392838895134e+00 0.00000000000000e+00 0.00000000000000e+00 3.82320168061269e-02 5.77067202229905e-02 7.46785247882141e-02 -4.54482533723715e-01 -6.47405196397272e-01 0.00000000000000e+00 0.00000000000000e+00 1.34512978215958e+00 0.00000000000000e+00 0.00000000000000e+00 2.70635310904668e+00 0.00000000000000e+00 0.00000000000000e+00 1.86241284730989e+00 0.00000000000000e+00 0.00000000000000e+00 -4.33075608967925e+01 0.00000000000000e+00 0.00000000000000e+00
 0.00000000000000e+00 0.00000000000000e+00 0.00000000000000e+00 0.00000000000000e+00 0.00000000000000e+00 8.79485861614536e+00 0.00000000000000e+00 0.00000000000000e+00 1.04443340599232e+01 0.00000000000000e+00 0.00000000000000e+00 6.13731721524074e+00 0.00000000000000e+00 0.00000000000000e+00 0.00000000000000e+00 0.00000000000000e+00 0.00000000000000e+00 1.58159938913118e+01 0.00000000000000e+00 0.00000000000000e+00 0.00000000000000e+00 0.00000000000000e+00 0.00000000000000e+00 0.00000000000000e+00 1.14054136630487e+00 0.00000000000000e+00 0.00000000000000e+00 2.10671761985507e+00 0.00000000000000e+00 0.00000000000000e+00 1.59360067884820e+00 0.00000000000000e+00 0.00000000000000e+00 0.00000000000000e+00 0.00000000000000e+00 0.00000000000000e+00 -4.29376150826996e+01 0.00000000000000e+00
 0.00000000000000e+00 0.00000000000000e+00 0.00000000000000e+00 0.00000000000000e+00 0.00000000000000e+00 0.00000000000000e+00 0.00000000000000e+00 0.00000000000000e+00 0.00000000000000e+00 0.00000000000000e+00 0.00000000000000e+00 0.00000000000000e+00 0.00000000000000e+00 0.00000000000000e+00 0.00000000000000e+00 0.00000000000000e+00 0.00000000000000e+00 0.00000000000000e+00 -5.60401829917994e+00 0.00000000000000e+00 0.00000000000000e+00 0.00000000000000e+00 0.00000000000000e+00 0.00000000000000e+00 0.00000000000000e+00 0.00000000000000e+00 0.00000000000000e+00 0.00000000000000e+00 0.00000000000000e+00 0.00000000000000e+00 0.00000000000000e+00 0.00000000000000e+00 0.00000000000000e+00 0.00000000000000e+00 0.00000000000000e+00 0.00000000000000e+00 0.00000000000000e+00 -4.14998796400783e+01
