S:
 1.00000000000000e+00 9.44086795147560e-01 5.78931063470631e-01 2.21667763771454e-01 8.97317389853448e-02 0.00000000000000e+00 0.00000000000000e+00 -3.61965452917678e-19 0.00000000000000e+00 0.00000000000000e+00 0.00000000000000e+00 0.00000000000000e+00 0.00000000000000e+00 0.00000000000000e+00 0.00000000000000e+00 1.53224514397462e-20 -1.43602834806978e-19 0.00000000000000e+00 5.49833356666639e-20 3.19644075842368e-07 8.11313422581299e-06 1.83014190533480e-05 1.14014748686669e-02 3.60362973383217e-02 -2.35966068213996e-20 -1.19195857605111e-21 -4.04235001055255e-03 -2.43250835835676e-19 -1.18012497919565e-20 -4.61668379955605e-02 -3.96890409273921e-19 -1.55734931129400e-20 -7.66493483364698e-02 -1.70380612818992e-20 5.06627591637450e-20 9.68595166815613e-02 8.75046606735198e-19 -5.57311524470060e-20
 9.44086795147560e-01 1.00000000000000e+00 8.01673619011370e-01 3.94149980350022e-01 1.82486146544020e-01 0.00000000000000e+00 -3.21216594385771e-18 0.00000000000000e+00 0.00000000000000e+00 0.00000000000000e+00 0.00000000000000e+00 0.00000000000000e+00 0.00000000000000e+00 -6.18227658721478e-20 0.00000000000000e+00 3.26398214571978e-22 1.26356831599915e-19 0.00000000000000e+00 -1.49983038606737e-20 2.04346854740293e-05 8.77528731125742e-05 1.79156163015444e-04 2.24899134339589e-02 6.51026638241667e-02 -9.34160039948796e-20 -4.73004891476893e-21 -9.35646315682753e-03 -6.77138964098952e-19 -3.23765025070175e-20 -8.35650465873034e-02 -1.03492518700026e-18 -5.45031915257008e-20 -1.34515591888993e-01 -6.75615711446841e-20 1.05328003296766e-19 1.65340723276734e-01 2.24479107546321e-18 -2.21219985529206e-19
 5.78931063470631e-01 8.01673619011370e-01 1.00000000000000e+00 7.26458645857472e-01 4.08120088396952e-01 0.00000000000000e+00 0.00000000000000e+00 9.73615353873989e-19 0.00000000000000e+00 0.00000000000000e+00 0.00000000000000e+00 0.00000000000000e+00 1.19927241865552e-18 0.00000000000000e+00 0.00000000000000e+00 1.81789015586998e-19 9.81534751928945e-20 0.00000000000000e+00 6.42861365101422e-19 3.97589418009728e-04 1.04708831110581e-03 1.89198202961029e-03 5.57749929579074e-02 1.37958130235021e-01 -4.99036787845796e-19 -2.32337537201370e-20 -2.89830076586934e-02 -2.31787015921130e-18 -1.01051958433329e-19 -1.75860614864513e-01 -3.25127554791533e-18 -1.49991731819862e-19 -2.68543219503603e-01 -2.97105485609734e-19 2.98221785829082e-19 3.08466396963772e-01 6.71391110453682e-18 -9.94485806207830e-19
 2.21667763771454e-01 3.94149980350022e-01 7.26458645857472e-01 1.00000000000000e+00 8.50997317281903e-01 0.00000000000000e+00 0.00000000000000e+00 -1.27881979501409e-18 0.00000000000000e+00 0.00000000000000e+00 -9.54210998289927e-19 0.00000000000000e+00 0.00000000000000e+00 0.00000000000000e+00 0.00000000000000e+00 6.23305825821753e-19 -2.41706807379273e-19 0.00000000000000e+00 1.06020400811195e-18 1.47244553250175e-02 2.65034946018359e-02 4.00015019848552e-02 2.04112733122765e-01 3.60052584193051e-01 -5.46360070176298e-18 -2.59340401689611e-19 -1.08151049304044e-01 -1.23310898654300e-17 -5.76808903237732e-19 -3.70090166769724e-01 -1.50668780809966e-17 -6.46674962458357e-19 -5.45004443828990e-01 -2.29485580873543e-18 9.72805574758833e-19 4.28736350401217e-01 2.14442750867777e-17 -7.69203601291353e-18
 8.97317389853448e-02 1.82486146544020e-01 4.08120088396952e-01 8.50997317281903e-01 1.00000000000000e+00 0.00000000000000e+00 -2.85284031488061e-18 -7.13210078720153e-19 0.00000000000000e+00 0.00000000000000e+00 -1.06434527188171e-18 0.00000000000000e+00 0.00000000000000e+00 8.78512415311513e-19 0.00000000000000e+00 -2.12633727718296e-19 9.30077074297840e-19 0.00000000000000e+00 8.64040959034247e-19 3.45375481831967e-02 5.95363336141162e-02 8.74073257396070e-02 3.31770889860137e-01 5.42630576023125e-01 -1.12964493185886e-17 -6.48902644793458e-19 -1.07619149096075e-01 -2.34752314901457e-17 -1.12458794971037e-18 -3.50429681546768e-01 -3.06286560284429e-17 -1.77125215703157e-18 -5.92626327019099e-01 -5.24823486582023e-18 1.24184323202056e-18 2.63444773678153e-01 2.51945478264501e-17 -1.74365275890008e-17
 0.00000000000000e+00 0.00000000000000e+00 0.00000000000000e+00 0.00000000000000e+00 0.00000000000000e+00 1.00000000000000e+00 0.00000000000000e+00 0.00000000000000e+00 7.58211191072067e-01 0.00000000000000e+00 0.00000000000000e+00 3.70288530011693e-01 0.00000000000000e+00 0.00000000000000e+00 -1.25399479373837e-19 0.00000000000000e+00 0.00000000000000e+00 2.09334961092666e-19 0.00000000000000e+00 -2.80238710878772e-20 -8.78246372078264e-20 -1.66539333667734e-19 -4.54335142675811e-18 -1.14907304415620e-17 1.71077179769409e-02 -1.47627948283916e-19 2.12074545254882e-18 7.91642862913991e-02 -6.84637970768919e-19 1.34822380579929e-17 1.17376838586896e-01 -1.03222497958760e-18 2.17240828869455e-17 -9.76247295794774e-19 1.80883471869018e-18 -2.15005293415616e-17 -2.12646638612016e-01 -5.19731337330028e-18
 0.00000000000000e+00 -3.21216594385771e-18 0.00000000000000e+00 0.00000000000000e+00 -2.85284031488061e-18 0.00000000000000e+00 1.00000000000000e+00 -1.35882734560082e-19 0.00000000000000e+00 7.58211191072067e-01 4.10572105347092e-19 0.00000000000000e+00 3.70288530011693e-01 4.53664934058280e-20 0.00000000000000e+00 -2.09929648039759e-19 0.00000000000000e+00 0.00000000000000e+00 -5.78074357081497e-18 -1.48277542981894e-21 -4.97220416289942e-21 -8.04052328093076e-21 -2.16456268847774e-19 -5.72664396078280e-19 -1.48344313628804e-19 1.71077179769409e-02 1.09642438675478e-19 -6.92394219525963e-19 7.91642862913991e-02 6.01305313048032e-19 -1.02934224248354e-18 1.17376838586896e-01 9.83223033462978e-19 -1.94164828842918e-19 -2.12646638612016e-01 -1.01359480022288e-18 1.85883186418553e-18 -6.53354871610772e-19
 -3.61965452917678e-19 0.00000000000000e+00 9.73615353873989e-19 -1.27881979501409e-18 -7.13210078720153e-19 0.00000000000000e+00 -1.35882734560082e-19 1.00000000000000e+00 0.00000000000000e+00 -1.97843506779475e-19 7.58211191072067e-01 0.00000000000000e+00 2.76578470750461e-20 3.70288530011693e-01 0.00000000000000e+00 0.00000000000000e+00 1.66875692836311e-18 0.00000000000000e+00 -4.14482404438034e-20 5.68545201542103e-03 1.12694213397585e-02 1.79815958703071e-02 1.19227796892964e-01 1.44786616097748e-01 -2.62702816364200e-18 -1.26463175944777e-19 -8.59259891507848e-02 -5.19036989686442e-18 -2.53230285753124e-19 -2.04801232420320e-01 -3.88718062121465e-18 -1.94842176326435e-19 -1.18658786866858e-01 -7.11072410858677e-19 3.74919628928967e-19 1.64917193910284e-01 8.05322540469627e-18 -2.38018797058956e-18
 0.00000000000000e+00 0.00000000000000e+00 0.00000000000000e+00 0.00000000000000e+00 0.00000000000000e+00 7.58211191072067e-01 0.00000000000000e+00 0.00000000000000e+00 1.00000000000000e+00 0.00000000000000e+00 0.00000000000000e+00 7.82676262897680e-01 0.00000000000000e+00 0.00000000000000e+00 -6.83678382958327e-19 0.00000000000000e+00 0.00000000000000e+00 -6.29900811228376e-20 0.00000000000000e+00 -2.15689592577626e-19 -5.47015875330348e-19 -9.68645592108995e-19 -1.01599122229206e-17 -2.24202057699326e-17 7.19770916981099e-02 -6.28608783164327e-19 3.85445058191255e-18 2.43272846681469e-01 -2.11657932149982e-18 1.92496166338521e-17 3.74562667009364e-01 -3.22436934670825e-18 3.40738724571060e-17 -4.19644837329685e-18 3.76239971110641e-18 -1.92878627352781e-17 -4.34608002252018e-01 -2.20625751442765e-17
 0.00000000000000e+00 0.00000000000000e+00 0.00000000000000e+00 0.00000000000000e+00 0.00000000000000e+00 0.00000000000000e+00 7.58211191072067e-01 -1.97843506779475e-19 0.00000000000000e+00 1.00000000000000e+00 -1.01739762578189e-19 0.00000000000000e+00 7.82676262897680e-01 2.74809597343478e-19 0.00000000000000e+00 -3.99528366712047e-19 0.00000000000000e+00 0.00000000000000e+00 0.00000000000000e+00 -1.10534171779562e-20 -2.93075989441546e-20 -4.89699039275098e-20 -5.24450939906497e-19 -1.13639692100943e-18 -6.33672824333293e-19 7.19770916981099e-02 2.01338952022192e-19 -2.12901920564082e-18 2.43272846681469e-01 9.56121545666876e-19 -3.24973806694741e-18 3.74562667009364e-01 1.69509313713458e-18 -7.20879428820359e-19 -4.34608002252018e-01 -8.12124227620446e-19 3.72894249204288e-18 -2.79939898474131e-18
 0.00000000000000e+00 0.00000000000000e+00 0.00000000000000e+00 -9.54210998289927e-19 -1.06434527188171e-18 0.00000000000000e+00 4.10572105347092e-19 7.58211191072067e-01 0.00000000000000e+00 -1.01739762578189e-19 1.00000000000000e+00 0.00000000000000e+00 2.97436578140978e-19 7.82676262897680e-01 0.00000000000000e+00 -8.62678090387967e-18 0.00000000000000e+00 0.00000000000000e+00 -3.15779827217985e-21 4.61759594341335e-02 7.96263203620016e-02 1.16925670596695e-01 3.82171860266258e-01 4.26423879860739e-01 -1.40457989352025e-17 -6.19892677307659e-19 -1.73472794983707e-01 -2.22623922839444e-17 -1.11696268089568e-18 -3.28395543388865e-01 -1.77043199796069e-17 -8.65919449988398e-19 -1.55244245589316e-01 -4.21167853483719e-18 8.05974438393014e-19 7.51307012444542e-02 1.65427445017851e-17 -1.34889683325744e-17
 0.00000000000000e+00 0.00000000000000e+00 0.00000000000000e+00 0.00000000000000e+00 0.00000000000000e+00 3.70288530011693e-01 0.00000000000000e+00 0.00000000000000e+00 7.82676262897680e-01 0.00000000000000e+00 0.00000000000000e+00 1.00000000000000e+00 0.00000000000000e+00 0.00000000000000e+00 -2.71376453285245e-19 0.00000000000000e+00 0.00000000000000e+00 -2.24803680134658e-19 0.00000000000000e+00 -2.89505129712758e-19 -7.17564444031941e-19 -1.25379575378191e-18 -1.12030097853540e-17 -2.60802948908283e-17 9.21868501323709e-02 -7.96499113945778e-19 2.48055528956854e-18 3.25242547833921e-01 -2.81761460209846e-18 1.30855929232367e-17 6.19503963497201e-01 -5.29657642549925e-18 2.95410393196521e-17 -7.01738849842700e-18 3.08074209681162e-18 -4.31492919244181e-18 -3.69474419266179e-01 -3.63074138697376e-17
 0.00000000000000e+00 0.00000000000000e+00 1.19927241865552e-18 0.00000000000000e+00 0.00000000000000e+00 0.00000000000000e+00 3.70288530011693e-01 2.76578470750461e-20 0.00000000000000e+00 7.82676262897680e-01 2.97436578140978e-19 0.00000000000000e+00 1.00000000000000e+00 -2.20911325124471e-19 0.00000000000000e+00 1.34497165664914e-18 -2.05552855104748e-18 0.00000000000000e+00 0.00000000000000e+00 -1.40790499071886e-20 -3.52999069556865e-20 -6.56746256244671e-20 -6.44071845930420e-19 -1.41145925500589e-18 -7.92358508022112e-19 9.21868501323709e-02 1.16669569185864e-19 -2.80887657704348e-18 3.25242547833921e-01 6.18171813033064e-19 -5.22634874933047e-18 6.19503963497201e-01 1.43112730659277e-18 -1.16858603782921e-18 -3.69474419266179e-01 -2.20864401496015e-19 3.11868089164767e-18 -4.69749833120327e-18
 0.00000000000000e+00 -6.18227658721478e-20 0.00000000000000e+00 0.00000000000000e+00 8.78512415311513e-19 0.00000000000000e+00 4.53664934058280e-20 3.70288530011693e-01 0.00000000000000e+00 2.74809597343478e-19 7.82676262897680e-01 0.00000000000000e+00 -2.20911325124471e-19 1.00000000000000e+00 0.00000000000000e+00 0.00000000000000e+00 0.00000000000000e+00 0.00000000000000e+00 2.46099948060908e-19 6.33653083030748e-02 1.07513284609066e-01 1.56176893242264e-01 4.88220065513300e-01 6.15083022478311e-01 -1.91698939334299e-17 -9.05252860822957e-19 -7.94523485479169e-02 -3.35016474102568e-17 -1.75105836836481e-18 -1.18439290635902e-01 -3.36416089339866e-17 -1.61003600270905e-18 8.70680462536702e-02 -7.24649648956824e-18 1.26260999975946e-19 -1.09329541460773e-01 4.94164505135963e-18 -2.44373948448294e-17
 0.00000000000000e+00 0.00000000000000e+00 0.00000000000000e+00 0.00000000000000e+00 0.00000000000000e+00 -1.25399479373837e-19 0.00000000000000e+00 0.00000000000000e+00 -6.83678382958327e-19 0.00000000000000e+00 0.00000000000000e+00 -2.71376453285245e-19 0.00000000000000e+00 0.00000000000000e+00 1.00000000000000e+00 0.00000000000000e+00 0.00000000000000e+00 -3.86293240073367e-19 0.00000000000000e+00 -1.02472453568697e-20 -3.79482168117210e-20 -7.32045686069384e-20 -1.62079986248817e-18 -4.31191238232110e-18 -6.94707836236071e-19 -1.32260752429284e-19 5.19033962065579e-19 -3.26590729283152e-18 -6.15163079707047e-19 3.49344498799477e-18 -6.03311426550015e-18 -1.09825662971131e-18 7.06991594893962e-18 2.87078024095935e-01 1.28789206487205e-18 -3.14219957436168e-18 6.55275007093240e-18 -2.61101231382448e-18
 1.53224514397462e-20 3.26398214571978e-22 1.81789015586998e-19 6.23305825821753e-19 -2.12633727718296e-19 0.00000000000000e+00 -2.09929648039759e-19 0.00000000000000e+00 0.00000000000000e+00 -3.99528366712047e-19 -8.62678090387967e-18 0.00000000000000e+00 1.34497165664914e-18 0.00000000000000e+00 0.00000000000000e+00 1.00000000000000e+00 2.36254467422750e-19 0.00000000000000e+00 1.23414883965543e-19 -2.81978898932525e-20 -8.15707510557621e-20 -1.35058947522752e-19 -9.03842601922528e-19 -1.42543042147617e-18 -1.34579834006608e-18 1.64142802484018e-01 3.20625708051152e-19 -3.25264137357511e-18 3.76509379476274e-01 8.66201831954641e-19 -3.07815845835021e-18 3.53688727692513e-01 7.05416652009662e-19 -1.12175142923377e-18 -3.35614085546450e-01 2.74400666097056e-21 2.88734455827581e-18 -3.95162159708714e-18
 -1.43602834806978e-19 1.26356831599915e-19 9.81534751928945e-20 -2.41706807379273e-19 9.30077074297840e-19 0.00000000000000e+00 0.00000000000000e+00 1.66875692836311e-18 0.00000000000000e+00 0.00000000000000e+00 0.00000000000000e+00 0.00000000000000e+00 -2.05552855104748e-18 0.00000000000000e+00 0.00000000000000e+00 2.36254467422750e-19 1.00000000000000e+00 0.00000000000000e+00 3.01875127752094e-20 7.47993259081091e-02 1.25099682398083e-01 1.79916414696628e-01 4.00497986593184e-01 2.88996226457086e-01 -1.84444840063266e-17 -8.00459307493370e-19 -1.71568700168924e-01 -1.87874628378353e-17 -9.59724130193914e-19 -1.43779369419125e-01 -5.58383446173672e-18 -2.31440126252306e-19 5.26704144980483e-02 -2.24655663491048e-18 -7.97434140318947e-20 -9.80747859147835e-03 -2.21502057671222e-18 -7.49659075883216e-18
 0.00000000000000e+00 0.00000000000000e+00 0.00000000000000e+00 0.00000000000000e+00 0.00000000000000e+00 2.09334961092666e-19 0.00000000000000e+00 0.00000000000000e+00 -6.29900811228376e-20 0.00000000000000e+00 0.00000000000000e+00 -2.24803680134658e-19 0.00000000000000e+00 0.00000000000000e+00 -3.86293240073367e-19 0.00000000000000e+00 0.00000000000000e+00 1.00000000000000e+00 0.00000000000000e+00 -5.96461562510437e-19 -1.47474031255213e-18 -2.58116773732472e-18 -1.74758845038773e-17 -2.39399484353075e-17 1.64142802484017e-01 -1.38346767962027e-18 6.81388170053729e-18 3.76509379476274e-01 -3.22101266774222e-18 1.73882338242770e-17 3.53688727692513e-01 -3.09508368455642e-18 9.23745890836845e-18 -6.02480225434205e-18 2.91104850248586e-18 1.58167396030232e-18 -3.35614085546450e-01 -3.12374459183687e-17
 5.49833356666639e-20 -1.49983038606737e-20 6.42861365101422e-19 1.06020400811195e-18 8.64040959034247e-19 0.00000000000000e+00 -5.78074357081497e-18 -4.14482404438034e-20 0.00000000000000e+00 0.00000000000000e+00 -3.15779827217985e-21 0.00000000000000e+00 0.00000000000000e+00 2.46099948060908e-19 0.00000000000000e+00 1.23414883965543e-19 3.01875127752094e-20 0.00000000000000e+00 1.00000000000000e+00 -3.39486271588037e-20 -1.24547589215874e-19 -2.45671793701069e-19 -5.37740180372436e-18 -1.44065560594738e-17 -3.64075329837706e-18 -4.68840495661889e-19 1.75280633424016e-18 -1.76010639748491e-17 -2.19072135052324e-18 1.16854834988928e-17 -3.18842236409216e-17 -4.05652108529408e-18 2.34421454079623e-17 -2.56183403710947e-18 4.31074408511865e-18 -1.06341260453196e-17 3.54141349742140e-17 2.87078024095935e-01
 3.19644075842368e-07 2.04346854740293e-05 3.97589418009728e-04 1.47244553250175e-02 3.45375481831967e-02 -2.80238710878772e-20 -1.48277542981894e-21 5.68545201542103e-03 -2.15689592577626e-19 -1.10534171779562e-20 4.61759594341335e-02 -2.89505129712758e-19 -1.40790499071886e-20 6.33653083030748e-02 -1.02472453568697e-20 -2.81978898932525e-20 7.47993259081091e-02 -5.96461562510437e-19 -3.39486271588037e-20 1.00000000000000e+00 9.51411081366816e-01 7.36993493135466e-01 2.31469585055245e-01 9.36485222720797e-02 0.00000000000000e+00 0.00000000000000e+00 -2.78124951179012e-19 0.00000000000000e+00 0.00000000000000e+00 0.00000000000000e+00 0.00000000000000e+00 0.00000000000000e+00 0.00000000000000e+00 0.00000000000000e+00 -8.81844802816894e-21 -4.51263658026697e-20 0.00000000000000e+00 6.59123844973088e-22
 8.11313422581299e-06 8.77528731125742e-05 1.04708831110581e-03 2.65034946018359e-02 5.95363336141162e-02 -8.78246372078264e-20 -4.97220416289942e-21 1.12694213397585e-02 -5.47015875330348e-19 -2.93075989441546e-20 7.96263203620016e-02 -7.17564444031941e-19 -3.52999069556865e-20 1.07513284609066e-01 -3.79482168117210e-20 -8.15707510557621e-20 1.25099682398083e-01 -1.47474031255213e-18 -1.24547589215874e-19 9.51411081366816e-01 1.00000000000000e+00 9.08973983933971e-01 3.93907068011194e-01 1.80915893589210e-01 0.00000000000000e+00 2.57207832894482e-18 6.43019582236205e-19 0.00000000000000e+00 0.00000000000000e+00 0.00000000000000e+00 0.00000000000000e+00 0.00000000000000e+00 0.00000000000000e+00 0.00000000000000e+00 -1.75607416071599e-20 -7.47272739569411e-20 0.00000000000000e+00 1.59327348557319e-20
 1.83014190533480e-05 1.79156163015444e-04 1.89198202961029e-03 4.00015019848552e-02 8.74073257396070e-02 -1.66539333667734e-19 -8.04052328093076e-21 1.79815958703071e-02 -9.68645592108995e-19 -4.89699039275098e-20 1.16925670596695e-01 -1.25379575378191e-18 -6.56746256244671e-20 1.56176893242264e-01 -7.32045686069384e-20 -1.35058947522752e-19 1.79916414696628e-01 -2.58116773732472e-18 -2.45671793701069e-19 7.36993493135466e-01 9.08973983933971e-01 1.00000000000000e+00 5.69043922223038e-01 2.82312018310381e-01 0.00000000000000e+00 0.00000000000000e+00 0.00000000000000e+00 0.00000000000000e+00 -2.45833541459356e-18 0.00000000000000e+00 0.00000000000000e+00 0.00000000000000e+00 2.61515756914899e-19 0.00000000000000e+00 6.40260831916848e-20 2.27678186931772e-22 0.00000000000000e+00 -2.64263718412490e-20
 1.14014748686669e-02 2.24899134339589e-02 5.57749929579074e-02 2.04112733122765e-01 3.31770889860137e-01 -4.54335142675811e-18 -2.16456268847774e-19 1.19227796892964e-01 -1.01599122229206e-17 -5.24450939906497e-19 3.82171860266258e-01 -1.12030097853540e-17 -6.44071845930420e-19 4.88220065513300e-01 -1.62079986248817e-18 -9.03842601922528e-19 4.00497986593184e-01 -1.74758845038773e-17 -5.37740180372436e-18 2.31469585055245e-01 3.93907068011194e-01 5.69043922223038e-01 1.00000000000000e+00 8.48522096980194e-01 0.00000000000000e+00 -4.71521396305467e-18 0.00000000000000e+00 0.00000000000000e+00 0.00000000000000e+00 -8.75002581385139e-19 0.00000000000000e+00 0.00000000000000e+00 -3.72328301524725e-19 0.00000000000000e+00 -1.16519441376430e-19 -2.34153355184918e-19 0.00000000000000e+00 7.55609034274371e-19
 3.60362973383217e-02 6.51026638241667e-02 1.37958130235021e-01 3.60052584193051e-01 5.42630576023125e-01 -1.14907304415620e-17 -5.72664396078280e-19 1.44786616097748e-01 -2.24202057699326e-17 -1.13639692100943e-18 4.26423879860739e-01 -2.60802948908283e-17 -1.41145925500589e-18 6.15083022478311e-01 -4.31191238232110e-18 -1.42543042147617e-18 2.88996226457086e-01 -2.39399484353075e-17 -1.44065560594738e-17 9.36485222720797e-02 1.80915893589210e-01 2.82312018310381e-01 8.48522096980194e-01 1.00000000000000e+00 0.00000000000000e+00 0.00000000000000e+00 0.00000000000000e+00 0.00000000000000e+00 0.00000000000000e+00 0.00000000000000e+00 0.00000000000000e+00 0.00000000000000e+00 -1.64204830830672e-18 0.00000000000000e+00 1.43814488202134e-19 6.94647238548146e-19 0.00000000000000e+00 1.09695857398321e-18
 -2.35966068213996e-20 -9.34160039948796e-20 -4.99036787845796e-19 -5.46360070176298e-18 -1.12964493185886e-17 1.71077179769409e-02 -1.48344313628804e-19 -2.62702816364200e-18 7.19770916981099e-02 -6.33672824333293e-19 -1.40457989352025e-17 9.21868501323709e-02 -7.92358508022112e-19 -1.91698939334299e-17 -6.94707836236071e-19 -1.34579834006608e-18 -1.84444840063266e-17 1.64142802484017e-01 -3.64075329837706e-18 0.00000000000000e+00 0.00000000000000e+00 0.00000000000000e+00 0.00000000000000e+00 0.00000000000000e+00 1.00000000000000e+00 0.00000000000000e+00 0.00000000000000e+00 7.56929031503814e-01 0.00000000000000e+00 0.00000000000000e+00 3.75689212144554e-01 0.00000000000000e+00 0.00000000000000e+00 2.27475977273326e-19 0.00000000000000e+00 0.00000000000000e+00 -5.17763549114331e-21 0.00000000000000e+00
 -1.19195857605111e-21 -4.73004891476893e-21 -2.32337537201370e-20 -2.59340401689611e-19 -6.48902644793458e-19 -1.47627948283916e-19 1.71077179769409e-02 -1.26463175944777e-19 -6.28608783164327e-19 7.19770916981099e-02 -6.19892677307659e-19 -7.96499113945778e-19 9.21868501323709e-02 -9.05252860822957e-19 -1.32260752429284e-19 1.64142802484018e-01 -8.00459307493370e-19 -1.38346767962027e-18 -4.68840495661889e-19 0.00000000000000e+00 2.57207832894482e-18 0.00000000000000e+00 -4.71521396305467e-18 0.00000000000000e+00 0.00000000000000e+00 1.00000000000000e+00 4.61244833417863e-20 0.00000000000000e+00 7.56929031503814e-01 -1.24469020774411e-19 0.00000000000000e+00 3.75689212144554e-01 -6.17152368939883e-21 0.00000000000000e+00 8.67896070701128e-20 7.73605500734795e-19 0.00000000000000e+00 0.00000000000000e+00
 -4.04235001055255e-03 -9.35646315682753e-03 -2.89830076586934e-02 -1.08151049304044e-01 -1.07619149096075e-01 2.12074545254882e-18 1.09642438675478e-19 -8.59259891507848e-02 3.85445058191255e-18 2.01338952022192e-19 -1.73472794983707e-01 2.48055528956854e-18 1.16669569185864e-19 -7.94523485479169e-02 5.19033962065579e-19 3.20625708051152e-19 -1.71568700168924e-01 6.81388170053729e-18 1.75280633424016e-18 -2.78124951179012e-19 6.43019582236205e-19 0.00000000000000e+00 0.00000000000000e+00 0.00000000000000e+00 0.00000000000000e+00 4.61244833417863e-20 1.00000000000000e+00 0.00000000000000e+00 -1.86186363582510e-19 7.56929031503814e-01 0.00000000000000e+00 -4.82876621863238e-20 3.75689212144554e-01 0.00000000000000e+00 0.00000000000000e+00 -7.73605500734795e-19 0.00000000000000e+00 -1.77499119381099e-20
 -2.43250835835676e-19 -6.77138964098952e-19 -2.31787015921130e-18 -1.23310898654300e-17 -2.34752314901457e-17 7.91642862913991e-02 -6.92394219525963e-19 -5.19036989686442e-18 2.43272846681469e-01 -2.12901920564082e-18 -2.22623922839444e-17 3.25242547833921e-01 -2.80887657704348e-18 -3.35016474102568e-17 -3.26590729283152e-18 -3.25264137357511e-18 -1.87874628378353e-17 3.76509379476274e-01 -1.76010639748491e-17 0.00000000000000e+00 0.00000000000000e+00 0.00000000000000e+00 0.00000000000000e+00 0.00000000000000e+00 7.56929031503814e-01 0.00000000000000e+00 0.00000000000000e+00 1.00000000000000e+00 0.00000000000000e+00 0.00000000000000e+00 7.89957052693372e-01 0.00000000000000e+00 0.00000000000000e+00 -7.02184606727944e-20 0.00000000000000e+00 0.00000000000000e+00 8.80146041323805e-20 0.00000000000000e+00
 -1.18012497919565e-20 -3.23765025070175e-20 -1.01051958433329e-19 -5.76808903237732e-19 -1.12458794971037e-18 -6.84637970768919e-19 7.91642862913991e-02 -2.53230285753124e-19 -2.11657932149982e-18 2.43272846681469e-01 -1.11696268089568e-18 -2.81761460209846e-18 3.25242547833921e-01 -1.75105836836481e-18 -6.15163079707047e-19 3.76509379476274e-01 -9.59724130193914e-19 -3.22101266774222e-18 -2.19072135052324e-18 0.00000000000000e+00 0.00000000000000e+00 -2.45833541459356e-18 0.00000000000000e+00 0.00000000000000e+00 0.00000000000000e+00 7.56929031503814e-01 -1.86186363582510e-19 0.00000000000000e+00 1.00000000000000e+00 3.43779944922578e-19 0.00000000000000e+00 7.89957052693372e-01 -1.73787951671773e-19 0.00000000000000e+00 3.88676983899075e-19 0.00000000000000e+00 0.00000000000000e+00 7.95679345232981e-18
 -4.61668379955605e-02 -8.35650465873034e-02 -1.75860614864513e-01 -3.70090166769724e-01 -3.50429681546768e-01 1.34822380579929e-17 6.01305313048032e-19 -2.04801232420320e-01 1.92496166338521e-17 9.56121545666876e-19 -3.28395543388865e-01 1.30855929232367e-17 6.18171813033064e-19 -1.18439290635902e-01 3.49344498799477e-18 8.66201831954641e-19 -1.43779369419125e-01 1.73882338242770e-17 1.16854834988928e-17 0.00000000000000e+00 0.00000000000000e+00 0.00000000000000e+00 -8.75002581385139e-19 0.00000000000000e+00 0.00000000000000e+00 -1.24469020774411e-19 7.56929031503814e-01 0.00000000000000e+00 3.43779944922578e-19 1.00000000000000e+00 0.00000000000000e+00 2.23816636442032e-20 7.89957052693372e-01 0.00000000000000e+00 0.00000000000000e+00 0.00000000000000e+00 0.00000000000000e+00 2.17719059324764e-19
 -3.96890409273921e-19 -1.03492518700026e-18 -3.25127554791533e-18 -1.50668780809966e-17 -3.06286560284429e-17 1.17376838586896e-01 -1.02934224248354e-18 -3.88718062121465e-18 3.74562667009364e-01 -3.24973806694741e-18 -1.77043199796069e-17 6.19503963497201e-01 -5.22634874933047e-18 -3.36416089339866e-17 -6.03311426550015e-18 -3.07815845835021e-18 -5.58383446173672e-18 3.53688727692513e-01 -3.18842236409216e-17 0.00000000000000e+00 0.00000000000000e+00 0.00000000000000e+00 0.00000000000000e+00 0.00000000000000e+00 3.75689212144554e-01 0.00000000000000e+00 0.00000000000000e+00 7.89957052693372e-01 0.00000000000000e+00 0.00000000000000e+00 1.00000000000000e+00 0.00000000000000e+00 0.00000000000000e+00 1.78053827272532e-19 0.00000000000000e+00 0.00000000000000e+00 -1.13565399060733e-18 0.00000000000000e+00
 -1.55734931129400e-20 -5.45031915257008e-20 -1.49991731819862e-19 -6.46674962458357e-19 -1.77125215703157e-18 -1.03222497958760e-18 1.17376838586896e-01 -1.94842176326435e-19 -3.22436934670825e-18 3.74562667009364e-01 -8.65919449988398e-19 -5.29657642549925e-18 6.19503963497201e-01 -1.61003600270905e-18 -1.09825662971131e-18 3.53688727692513e-01 -2.31440126252306e-19 -3.09508368455642e-18 -4.05652108529408e-18 0.00000000000000e+00 0.00000000000000e+00 0.00000000000000e+00 0.00000000000000e+00 0.00000000000000e+00 0.00000000000000e+00 3.75689212144554e-01 -4.82876621863238e-20 0.00000000000000e+00 7.89957052693372e-01 2.23816636442032e-20 0.00000000000000e+00 1.00000000000000e+00 -4.59578268171175e-21 0.00000000000000e+00 -2.64341722366881e-19 1.95476327917673e-18 0.00000000000000e+00 0.00000000000000e+00
 -7.66493483364698e-02 -1.34515591888993e-01 -2.68543219503603e-01 -5.45004443828990e-01 -5.92626327019099e-01 2.17240828869455e-17 9.83223033462978e-19 -1.18658786866858e-01 3.40738724571060e-17 1.69509313713458e-18 -1.55244245589316e-01 2.95410393196521e-17 1.43112730659277e-18 8.70680462536702e-02 7.06991594893962e-18 7.05416652009662e-19 5.26704144980483e-02 9.23745890836845e-18 2.34421454079623e-17 0.00000000000000e+00 0.00000000000000e+00 2.61515756914899e-19 -3.72328301524725e-19 -1.64204830830672e-18 0.00000000000000e+00 -6.17152368939883e-21 3.75689212144554e-01 0.00000000000000e+00 -1.73787951671773e-19 7.89957052693372e-01 0.00000000000000e+00 -4.59578268171175e-21 1.00000000000000e+00 0.00000000000000e+00 3.38574931630405e-18 -1.95476327917673e-18 0.00000000000000e+00 9.07983047509853e-20
 -1.70380612818992e-20 -6.75615711446841e-20 -2.97105485609734e-19 -2.29485580873543e-18 -5.24823486582023e-18 -9.76247295794774e-19 -1.94164828842918e-19 -7.11072410858677e-19 -4.19644837329685e-18 -7.20879428820359e-19 -4.21167853483719e-18 -7.01738849842700e-18 -1.16858603782921e-18 -7.24649648956824e-18 2.87078024095935e-01 -1.12175142923377e-18 -2.24655663491048e-18 -6.02480225434205e-18 -2.56183403710947e-18 0.00000000000000e+00 0.00000000000000e+00 0.00000000000000e+00 0.00000000000000e+00 0.00000000000000e+00 2.27475977273326e-19 0.00000000000000e+00 0.00000000000000e+00 -7.02184606727944e-20 0.00000000000000e+00 0.00000000000000e+00 1.78053827272532e-19 0.00000000000000e+00 0.00000000000000e+00 1.00000000000000e+00 0.00000000000000e+00 0.00000000000000e+00 -1.25129140980522e-19 0.00000000000000e+00
 5.06627591637450e-20 1.05328003296766e-19 2.98221785829082e-19 9.72805574758833e-19 1.24184323202056e-18 1.80883471869018e-18 -2.12646638612016e-01 3.74919628928967e-19 3.76239971110641e-18 -4.34608002252018e-01 8.05974438393014e-19 3.08074209681162e-18 -3.69474419266179e-01 1.26260999975946e-19 1.28789206487205e-18 -3.35614085546450e-01 -7.97434140318947e-20 2.91104850248586e-18 4.31074408511865e-18 -8.81844802816894e-21 -1.75607416071599e-20 6.40260831916848e-20 -1.16519441376430e-19 1.43814488202134e-19 0.00000000000000e+00 8.67896070701128e-20 0.00000000000000e+00 0.00000000000000e+00 3.88676983899075e-19 0.00000000000000e+00 0.00000000000000e+00 -2.64341722366881e-19 3.38574931630405e-18 0.00000000000000e+00 1.00000000000000e+00 3.95303827179306e-20 0.00000000000000e+00 2.45139992693467e-19
 9.68595166815613e-02 1.65340723276734e-01 3.08466396963772e-01 4.28736350401217e-01 2.63444773678153e-01 -2.15005293415616e-17 -1.01359480022288e-18 1.64917193910284e-01 -1.92878627352781e-17 -8.12124227620446e-19 7.51307012444542e-02 -4.31492919244181e-18 -2.20864401496015e-19 -1.09329541460773e-01 -3.14219957436168e-18 2.74400666097056e-21 -9.80747859147835e-03 1.58167396030232e-18 -1.06341260453196e-17 -4.51263658026697e-20 -7.47272739569411e-20 2.27678186931772e-22 -2.34153355184918e-19 6.94647238548146e-19 0.00000000000000e+00 7.73605500734795e-19 -7.73605500734795e-19 0.00000000000000e+00 0.00000000000000e+00 0.00000000000000e+00 0.00000000000000e+00 1.95476327917673e-18 -1.95476327917673e-18 0.00000000000000e+00 3.95303827179306e-20 1.00000000000000e+00 0.00000000000000e+00 -5.75717880496393e-20
 8.75046606735198e-19 2.24479107546321e-18 6.71391110453682e-18 2.14442750867777e-17 2.51945478264501e-17 -2.12646638612016e-01 1.85883186418553e-18 8.05322540469627e-18 -4.34608002252018e-01 3.72894249204288e-18 1.65427445017851e-17 -3.69474419266179e-01 3.11868089164767e-18 4.94164505135963e-18 6.55275007093240e-18 2.88734455827581e-18 -2.21502057671222e-18 -3.35614085546450e-01 3.54141349742140e-17 0.00000000000000e+00 0.00000000000000e+00 0.00000000000000e+00 0.00000000000000e+00 0.00000000000000e+00 -5.17763549114331e-21 0.00000000000000e+00 0.00000000000000e+00 8.80146041323805e-20 0.00000000000000e+00 0.00000000000000e+00 -1.13565399060733e-18 0.00000000000000e+00 0.00000000000000e+00 -1.25129140980522e-19 0.00000000000000e+00 0.00000000000000e+00 1.00000000000000e+00 0.00000000000000e+00
 -5.57311524470060e-20 -2.21219985529206e-19 -9.94485806207830e-19 -7.69203601291353e-18 -1.74365275890008e-17 -5.19731337330028e-18 -6.53354871610772e-19 -2.38018797058956e-18 -2.20625751442765e-17 -2.79939898474131e-18 -1.34889683325744e-17 -3.63074138697376e-17 -4.69749833120327e-18 -2.44373948448294e-17 -2.61101231382448e-18 -3.95162159708714e-18 -7.49659075883216e-18 -3.12374459183687e-17 2.87078024095935e-01 6.59123844973088e-22 1.59327348557319e-20 -2.64263718412490e-20 7.55609034274371e-19 1.09695857398321e-18 0.00000000000000e+00 0.00000000000000e+00 -1.77499119381099e-20 0.00000000000000e+00 7.95679345232981e-18 2.17719059324764e-19 0.00000000000000e+00 0.00000000000000e+00 9.07983047509853e-20 0.00000000000000e+00 2.45139992693467e-19 -5.75717880496393e-20 0.00000000000000e+00 1.00000000000000e+00
En:
 -6.48612328194703e+01 -5.18504106780859e+01 -2.08943357981136e+01 -6.62961719584635e+00 -2.47431376562238e+00 8.00290946902651e-17 4.71798903185027e-18 -1.23119055714158e-01 2.79639807079814e-17 1.22042135652429e-18 -5.02441698423408e-02 8.16809112533207e-18 4.01773963044553e-18 -1.59778569059937e-02 2.28123360168896e-18 -3.38514240522509e-19 -4.60510966685821e-03 1.24141071423724e-18 6.24257856897171e-18 -6.59113996081782e-06 -1.75434743377529e-04 -3.85013088557809e-04 -3.79146681481856e-01 -1.23695012074209e+00 5.14912781601530e-19 2.39835649320129e-20 1.26718818254378e-01 5.83124367422214e-18 2.71166408164306e-19 1.58268476573719e+00 9.58296392742350e-18 4.29536246068697e-19 2.65695816160840e+00 3.30583576192038e-19 -9.13221197375231e-19 -3.39247182319355e+00 -2.12532234330307e-17 1.07187145907431e-18
 -5.18504106780859e+01 -4.49812328190994e+01 -2.36209653678871e+01 -9.17629628144303e+00 -3.82269763548103e+00 1.26205243161675e-16 -4.35805012159832e-17 -2.50101353107916e-01 5.33927991042183e-17 2.87643979552069e-18 -1.32070593214427e-01 1.78421921091196e-17 8.00914988415084e-19 -4.96598839414000e-02 5.47627640710717e-18 2.90625741372403e-19 -2.09321019594596e-02 4.23885275862004e-18 1.49711047291718e-17 -6.45519337139851e-04 -1.69061150688247e-03 -3.03417164086730e-03 -5.23444976591776e-01 -1.59757755075612e+00 1.48463282681486e-18 7.11487700583365e-20 1.99041896253266e-01 1.19115122976707e-17 5.44421264692415e-19 2.05288699969259e+00 1.84753294753142e-17 8.78332597812489e-19 3.35838993374033e+00 9.98686861056808e-19 -1.88103830356100e-18 -4.22782549703234e+00 -4.07631209782811e-17 3.19723572970052e-18
 -2.08943357981136e+01 -2.36209653678871e+01 -2.17062323924956e+01 -1.23996843839650e+01 -6.25173164709217e+00 1.89603270699824e-16 1.13664868295951e-17 -5.16202334771665e-01 1.09864359603909e-16 -1.77479747621627e-17 -3.77948235650193e-01 4.40413974772196e-17 1.93016253999092e-18 -1.73725782683273e-01 1.45795147784952e-17 1.59639570479124e-18 -9.51547944244976e-02 1.41180082477632e-17 4.64402747372633e-17 -1.43646615085152e-02 -2.41540141352581e-02 -3.54833947537573e-02 -8.79040314061977e-01 -2.24494652418331e+00 6.87992109887050e-18 3.37838218563436e-19 4.40792769072341e-01 3.10555424433838e-17 1.35893753591192e-18 2.89885014210586e+00 4.34684192850547e-17 2.11832470260954e-18 4.42987685222046e+00 3.61638192644062e-18 -4.98331524900028e-18 -5.32211755731230e+00 -9.20983706556210e-17 1.17636870593253e-17
 -6.62961719584635e+00 -9.17629628144303e+00 -1.23996843839650e+01 -1.24247562739621e+01 -9.06143026377259e+00 1.83607797013956e-16 9.94386981597901e-18 -7.19740414627151e-01 1.86265813261615e-16 3.98160849993363e-17 -1.03089847004173e+00 1.14196519748879e-16 -7.34903643573050e-18 -7.62866614168700e-01 3.25747048630467e-17 2.95460804344129e-18 -5.05108239565186e-01 4.80236570659122e-17 1.05971234874253e-16 -6.15048016673870e-01 -7.86781642061255e-01 -9.21853916460207e-01 -2.61864308101067e+00 -4.12361021256447e+00 8.06303062237025e-17 4.08643688083147e-18 1.51494753924104e+00 1.35740530105117e-16 6.40825406270560e-18 4.54135457652243e+00 1.44058105894053e-16 7.25511319051360e-18 6.09000502227149e+00 2.16886317368364e-17 -1.00099758673981e-17 -5.57110722720735e+00 -2.23555387303257e-16 7.20422494488732e-17
 -2.47431376562238e+00 -3.82269763548103e+00 -6.25173164709217e+00 -9.06143026377259e+00 -8.77893039016722e+00 1.22370633164105e-16 2.84480859386701e-17 -5.74687151736281e-01 1.82724644719316e-16 8.42159582838458e-18 -1.24986564665790e+00 1.56576054223095e-16 7.47667286772823e-18 -1.24885678515263e+00 3.52369331634198e-17 2.45345328089567e-18 -7.74137734528382e-01 6.12150972269802e-17 1.14594039697323e-16 -1.46906378681000e+00 -1.82462607505483e+00 -2.07112076211120e+00 -4.07344750988303e+00 -5.36135267224134e+00 1.68619915963829e-16 8.28615386618328e-18 1.54747444941345e+00 2.39230635660510e-16 1.14319198865350e-17 3.97824171224820e+00 2.45096678319641e-16 1.23919098768340e-17 5.51985309123298e+00 4.37975456496859e-17 -1.26156994919934e-17 -3.38678754484799e+00 -2.37113198866838e-16 1.45419822383443e-16
 8.00290946902651e-17 1.26205243161675e-16 1.89603270699824e-16 1.83607797013956e-16 1.22370633164105e-16 -1.64748987722204e+01 3.22580107794912e-17 2.64938233585715e-17 -1.00539270685932e+01 2.42076913035822e-17 2.52723282101868e-17 -4.31698441042325e+00 1.13790075219974e-17 1.41863684262435e-17 3.09194164041935e-17 2.78606476699522e-18 -2.40163012549480e-17 -3.82722500677112e-01 1.58116310830490e-16 7.67722759731703e-19 1.69455212567301e-18 2.85155828128577e-18 6.02540846901678e-17 1.51822923747722e-16 -2.13535543830628e-01 1.80209096064923e-18 -2.85738882046422e-17 -9.03713124068274e-01 7.88277841410523e-18 -1.83977280006404e-16 -1.27923994278686e+00 1.10656887975444e-17 -2.88162978383927e-16 9.51182571303473e-18 -2.14503054750466e-17 3.11728093214547e-16 2.45450217185890e+00 5.24448907573167e-17
 4.71798903185027e-18 -4.35805012159832e-17 1.13664868295951e-17 9.94386981597901e-18 2.84480859386701e-17 3.22580107794912e-17 -1.64748987722204e+01 2.22666029554550e-18 2.43898765566047e-17 -1.00539270685932e+01 1.02772962845185e-18 1.13145703055658e-17 -4.31698441042325e+00 -1.07948597412342e-18 6.15678265400270e-18 -3.82722500677112e-01 -1.71741075680656e-18 2.78580565850158e-18 -2.63103235098456e-17 3.71919301088724e-20 8.67134970975479e-20 1.38777148377040e-19 2.88324113316470e-18 7.36659794206165e-18 1.82703352212777e-18 -2.13535543830628e-01 -1.35085073869455e-18 7.94477030735910e-18 -9.03713124068274e-01 -8.96801345107302e-18 1.11904650138967e-17 -1.27923994278686e+00 -1.39562148490092e-17 2.04717518590240e-18 2.45450217185890e+00 1.51182559527878e-17 -2.17356245506615e-17 6.77243348435985e-18
 -1.23119055714158e-01 -2.50101353107916e-01 -5.16202334771665e-01 -7.19740414627151e-01 -5.74687151736281e-01 2.64938233585715e-17 2.22666029554550e-18 -1.67335917317436e+01 2.51386069262347e-17 -2.11397096294305e-19 -1.03921006814072e+01 1.40114777010804e-17 1.81329219539249e-19 -4.54111368517332e+00 2.76163552204953e-18 5.21695105338511e-18 -6.21374898950551e-01 1.20419823425955e-16 9.66912160136254e-18 -2.27904009310150e-01 -3.11636887254261e-01 -3.89898507253618e-01 -1.62604031525065e+00 -1.95151253958998e+00 3.83198830280914e-17 1.98787358555901e-18 1.21795227300452e+00 6.38483131974790e-17 3.15161671012677e-18 2.82416477360107e+00 4.64397821898364e-17 2.24310334347553e-18 1.81531934643326e+00 7.92926577321443e-18 -4.49569970523583e-18 -2.58037883883149e+00 -9.98230830080563e-17 2.61199591004514e-17
 2.79639807079814e-17 5.33927991042183e-17 1.09864359603909e-16 1.86265813261615e-16 1.82724644719316e-16 -1.00539270685932e+01 2.43898765566047e-17 2.51386069262347e-17 -9.93548994186380e+00 2.91977283110178e-17 4.36295826227252e-17 -6.41037111994229e+00 2.14947293493848e-17 3.71972089170361e-17 4.85018395210754e-17 6.11449894412222e-18 -2.94693948011215e-17 -7.66860872375759e-01 2.47232397528244e-16 6.27409930496646e-18 1.16441268593060e-17 1.80133050122997e-17 1.12698019279728e-16 2.19261953211243e-16 -8.89175727599237e-01 7.70680757797393e-18 -4.83287373198044e-17 -2.30591582067484e+00 2.00020372627154e-17 -2.08766077555244e-16 -3.03508566963612e+00 2.65498094604316e-17 -3.27683882427393e-16 3.37970127883642e-17 -3.41474580877252e-17 2.35400932713255e-16 4.01236491412390e+00 1.81661623969912e-16
 1.22042135652429e-18 2.87643979552069e-18 -1.77479747621627e-17 3.98160849993363e-17 8.42159582838458e-18 2.42076913035822e-17 -1.00539270685932e+01 -2.11397096294305e-19 2.91977283110178e-17 -9.93548994186380e+00 1.78991900380144e-18 2.13773268147816e-17 -6.41037111994229e+00 9.80037947155299e-19 8.53424769627720e-18 -7.66860872375759e-01 -1.51248100660974e-18 5.91278851175271e-18 6.61552504789227e-17 3.20052083312234e-19 6.44966193082717e-19 9.38498115849591e-19 5.27315468998816e-18 1.17206275777324e-17 7.68943592751556e-18 -8.89175727599237e-01 -2.31717254726360e-18 2.01428734842765e-17 -2.30591582067484e+00 -1.06547270784286e-17 2.65544096218450e-17 -3.03508566963612e+00 -1.65052058164729e-17 6.27484781645800e-18 4.01236491412390e+00 1.06424863711736e-17 -3.47988003676356e-17 2.25189245269762e-17
 -5.02441698423408e-02 -1.32070593214427e-01 -3.77948235650193e-01 -1.03089847004173e+00 -1.24986564665790e+00 2.52723282101868e-17 1.02772962845185e-18 -1.03921006814072e+01 4.36295826227252e-17 1.78991900380144e-18 -1.07673861472435e+01 3.72127248777850e-17 1.41538061965408e-18 -7.23183266583360e+00 5.87617697021163e-18 4.41521364249242e-17 -1.52821205419965e+00 2.02148745560756e-16 2.14960517577930e-17 -1.96335090707978e+00 -2.44295860517892e+00 -2.77844709061656e+00 -5.01112990631788e+00 -4.88551148172586e+00 2.16220598947543e-16 1.10055623663499e-17 2.54019636511965e+00 2.52600681051753e-16 1.34985431917092e-17 4.24327027401877e+00 1.74930495128556e-16 8.70657356665763e-18 2.45593141183245e+00 3.86052249933336e-17 -9.51010134344924e-18 -1.83854401607716e+00 -1.88700423855208e-16 1.27932097038710e-16
