pVp:
 -2.34667605332598e+02 -8.34910225659331e+01 1.42262921146055e+01 3.03003944368894e+00 1.39572191943276e+00 0.00000000000000e+00 0.00000000000000e+00 8.43059262159106e-03 0.00000000000000e+00 0.00000000000000e+00 6.97493182523428e-03 0.00000000000000e+00 0.00000000000000e+00 3.06851196764847e-03 0.00000000000000e+00 0.00000000000000e+00 5.53268509226553e-03 5.46450315004420e-02 1.13143178173729e-01 0.00000000000000e+00 0.00000000000000e+00 8.00670290635914e-02
 -8.34910225659331e+01 -3.63320442315245e+01 -1.00769119343960e+00 1.31570557398543e+00 7.24518033569472e-01 0.00000000000000e+00 0.00000000000000e+00 4.88948586575831e-03 0.00000000000000e+00 0.00000000000000e+00 -2.85822285420246e-02 0.00000000000000e+00 0.00000000000000e+00 -3.55164837603883e-04 0.00000000000000e+00 0.00000000000000e+00 -6.64208411519248e-03 5.69952480365138e-02 1.58392387312837e-01 0.00000000000000e+00 0.00000000000000e+00 2.22660733160590e-01
 1.42262921146055e+01 -1.00769119343960e+00 -7.19078974637303e+00 -6.70418202518999e-02 1.29691481501078e-01 0.00000000000000e+00 0.00000000000000e+00 -2.58807199983058e-03 0.00000000000000e+00 0.00000000000000e+00 -6.16072413818560e-02 0.00000000000000e+00 0.00000000000000e+00 -8.06045710349627e-03 0.00000000000000e+00 0.00000000000000e+00 -2.97214998515737e-02 3.29219071263412e-02 1.59658434922722e-01 0.00000000000000e+00 0.00000000000000e+00 3.74794517551490e-01
 3.03003944368894e+00 1.31570557398543e+00 -6.70418202518999e-02 -1.94077237282673e-01 -9.26084110549944e-02 0.00000000000000e+00 0.00000000000000e+00 -1.17499398772964e-02 0.00000000000000e+00 0.00000000000000e+00 -2.34785509142652e-02 0.00000000000000e+00 0.00000000000000e+00 -1.31479233680517e-02 0.00000000000000e+00 0.00000000000000e+00 -1.03103225554613e-01 -1.02138035490127e-01 -8.11102599667088e-02 0.00000000000000e+00 0.00000000000000e+00 1.70129422126320e-01
 1.39572191943276e+00 7.24518033569472e-01 1.29691481501078e-01 -9.26084110549944e-02 -6.08661781600367e-02 0.00000000000000e+00 0.00000000000000e+00 -5.51436340044813e-03 0.00000000000000e+00 0.00000000000000e+00 -5.66190728104936e-03 0.00000000000000e+00 0.00000000000000e+00 -4.63220917974582e-03 0.00000000000000e+00 0.00000000000000e+00 -5.22655738657322e-02 -5.16267294166627e-02 -4.48397045313446e-02 0.00000000000000e+00 0.00000000000000e+00 3.05195104229112e-02
 0.00000000000000e+00 0.00000000000000e+00 0.00000000000000e+00 0.00000000000000e+00 0.00000000000000e+00 -6.40858095813794e-01 0.00000000000000e+00 0.00000000000000e+00 -1.43542446694064e+00 0.00000000000000e+00 0.00000000000000e+00 0.00000000000000e+00 0.00000000000000e+00 0.00000000000000e+00 -5.54649275364060e-02 0.00000000000000e+00 0.00000000000000e+00 0.00000000000000e+00 0.00000000000000e+00 -3.15376194918534e-01 0.00000000000000e+00 0.00000000000000e+00
 0.00000000000000e+00 0.00000000000000e+00 0.00000000000000e+00 0.00000000000000e+00 0.00000000000000e+00 0.00000000000000e+00 -6.40858095813794e-01 0.00000000000000e+00 0.00000000000000e+00 -1.43542446694064e+00 0.00000000000000e+00 0.00000000000000e+00 -5.54649275364060e-02 0.00000000000000e+00 0.00000000000000e+00 0.00000000000000e+00 0.00000000000000e+00 0.00000000000000e+00 0.00000000000000e+00 0.00000000000000e+00 -3.15376194918534e-01 0.00000000000000e+00
 8.43059262159106e-03 4.88948586575831e-03 -2.58807199983058e-03 -1.17499398772964e-02 -5.51436340044813e-03 0.00000000000000e+00 0.00000000000000e+00 -6.38044836916210e-01 0.00000000000000e+00 0.00000000000000e+00 -1.43682103121334e+00 0.00000000000000e+00 0.00000000000000e+00 -5.62335270666840e-02 0.00000000000000e+00 0.00000000000000e+00 -3.32588724799217e-01 -3.71392497880822e-01 -3.20322125127487e-01 0.00000000000000e+00 0.00000000000000e+00 4.43728214013119e-01
 0.00000000000000e+00 0.00000000000000e+00 0.00000000000000e+00 0.00000000000000e+00 0.00000000000000e+00 -1.43542446694064e+00 0.00000000000000e+00 0.00000000000000e+00 -4.78094980178061e+00 0.00000000000000e+00 0.00000000000000e+00 0.00000000000000e+00 0.00000000000000e+00 0.00000000000000e+00 -8.82358750938405e-02 0.00000000000000e+00 0.00000000000000e+00 0.00000000000000e+00 0.00000000000000e+00 -4.49317883982848e-01 0.00000000000000e+00 0.00000000000000e+00
 0.00000000000000e+00 0.00000000000000e+00 0.00000000000000e+00 0.00000000000000e+00 0.00000000000000e+00 0.00000000000000e+00 -1.43542446694064e+00 0.00000000000000e+00 0.00000000000000e+00 -4.78094980178061e+00 0.00000000000000e+00 0.00000000000000e+00 -8.82358750938405e-02 0.00000000000000e+00 0.00000000000000e+00 0.00000000000000e+00 0.00000000000000e+00 0.00000000000000e+00 0.00000000000000e+00 0.00000000000000e+00 -4.49317883982848e-01 0.00000000000000e+00
 6.97493182523428e-03 -2.85822285420246e-02 -6.16072413818560e-02 -2.34785509142652e-02 -5.66190728104936e-03 0.00000000000000e+00 0.00000000000000e+00 -1.43682103121334e+00 0.00000000000000e+00 0.00000000000000e+00 -4.81114590132060e+00 0.00000000000000e+00 0.00000000000000e+00 -1.05137547354643e-01 0.00000000000000e+00 0.00000000000000e+00 -4.81512931735186e-01 -5.28382894381682e-01 -3.68763667252856e-01 0.00000000000000e+00 0.00000000000000e+00 1.24983588980064e+00
 0.00000000000000e+00 0.00000000000000e+00 0.00000000000000e+00 0.00000000000000e+00 0.00000000000000e+00 0.00000000000000e+00 0.00000000000000e+00 0.00000000000000e+00 0.00000000000000e+00 0.00000000000000e+00 0.00000000000000e+00 -2.83432461712395e+00 0.00000000000000e+00 0.00000000000000e+00 0.00000000000000e+00 0.00000000000000e+00 0.00000000000000e+00 0.00000000000000e+00 0.00000000000000e+00 0.00000000000000e+00 0.00000000000000e+00 0.00000000000000e+00
 0.00000000000000e+00 0.00000000000000e+00 0.00000000000000e+00 0.00000000000000e+00 0.00000000000000e+00 0.00000000000000e+00 -5.54649275364060e-02 0.00000000000000e+00 0.00000000000000e+00 -8.82358750938405e-02 0.00000000000000e+00 0.00000000000000e+00 -2.89773540233059e+00 0.00000000000000e+00 0.00000000000000e+00 0.00000000000000e+00 0.00000000000000e+00 0.00000000000000e+00 0.00000000000000e+00 0.00000000000000e+00 -9.31549485667158e-01 0.00000000000000e+00
 3.06851196764847e-03 -3.55164837603883e-04 -8.06045710349627e-03 -1.31479233680517e-02 -4.63220917974582e-03 0.00000000000000e+00 0.00000000000000e+00 -5.62335270666840e-02 0.00000000000000e+00 0.00000000000000e+00 -1.05137547354643e-01 0.00000000000000e+00 0.00000000000000e+00 -2.90045956738390e+00 0.00000000000000e+00 0.00000000000000e+00 -5.31279018142605e-01 -7.16393027533484e-01 -8.66193480965993e-01 0.00000000000000e+00 0.00000000000000e+00 7.78646762124161e-01
 0.00000000000000e+00 0.00000000000000e+00 0.00000000000000e+00 0.00000000000000e+00 0.00000000000000e+00 -5.54649275364060e-02 0.00000000000000e+00 0.00000000000000e+00 -8.82358750938405e-02 0.00000000000000e+00 0.00000000000000e+00 0.00000000000000e+00 0.00000000000000e+00 0.00000000000000e+00 -2.89773540233059e+00 0.00000000000000e+00 0.00000000000000e+00 0.00000000000000e+00 0.00000000000000e+00 -9.31549485667158e-01 0.00000000000000e+00 0.00000000000000e+00
 0.00000000000000e+00 0.00000000000000e+00 0.00000000000000e+00 0.00000000000000e+00 0.00000000000000e+00 0.00000000000000e+00 0.00000000000000e+00 0.00000000000000e+00 0.00000000000000e+00 0.00000000000000e+00 0.00000000000000e+00 0.00000000000000e+00 0.00000000000000e+00 0.00000000000000e+00 0.00000000000000e+00 -2.83432461712395e+00 0.00000000000000e+00 0.00000000000000e+00 0.00000000000000e+00 0.00000000000000e+00 0.00000000000000e+00 0.00000000000000e+00
 5.53268509226553e-03 -6.64208411519248e-03 -2.97214998515737e-02 -1.03103225554613e-01 -5.22655738657322e-02 0.00000000000000e+00 0.00000000000000e+00 -3.32588724799217e-01 0.00000000000000e+00 0.00000000000000e+00 -4.81512931735186e-01 0.00000000000000e+00 0.00000000000000e+00 -5.31279018142605e-01 0.00000000000000e+00 0.00000000000000e+00 -7.81335730324009e-01 -1.09413140949180e+00 -1.80795053907790e+00 0.00000000000000e+00 0.00000000000000e+00 1.66176598110319e-01
 5.46450315004420e-02 5.69952480365138e-02 3.29219071263412e-02 -1.02138035490127e-01 -5.16267294166627e-02 0.00000000000000e+00 0.00000000000000e+00 -3.71392497880822e-01 0.00000000000000e+00 0.00000000000000e+00 -5.28382894381682e-01 0.00000000000000e+00 0.00000000000000e+00 -7.16393027533484e-01 0.00000000000000e+00 0.00000000000000e+00 -1.09413140949180e+00 -1.61233953313482e+00 -2.93128048383738e+00 0.00000000000000e+00 0.00000000000000e+00 1.92758239785511e-01
 1.13143178173729e-01 1.58392387312837e-01 1.59658434922722e-01 -8.11102599667088e-02 -4.48397045313446e-02 0.00000000000000e+00 0.00000000000000e+00 -3.20322125127487e-01 0.00000000000000e+00 0.00000000000000e+00 -3.68763667252856e-01 0.00000000000000e+00 0.00000000000000e+00 -8.66193480965993e-01 0.00000000000000e+00 0.00000000000000e+00 -1.80795053907790e+00 -2.93128048383738e+00 -6.43961775548618e+00 0.00000000000000e+00 0.00000000000000e+00 1.66783699431608e-01
 0.00000000000000e+00 0.00000000000000e+00 0.00000000000000e+00 0.00000000000000e+00 0.00000000000000e+00 -3.15376194918534e-01 0.00000000000000e+00 0.00000000000000e+00 -4.49317883982848e-01 0.00000000000000e+00 0.00000000000000e+00 0.00000000000000e+00 0.00000000000000e+00 0.00000000000000e+00 -9.31549485667158e-01 0.00000000000000e+00 0.00000000000000e+00 0.00000000000000e+00 0.00000000000000e+00 -3.13318942547578e+00 0.00000000000000e+00 0.00000000000000e+00
 0.00000000000000e+00 0.00000000000000e+00 0.00000000000000e+00 0.00000000000000e+00 0.00000000000000e+00 0.00000000000000e+00 -3.15376194918534e-01 0.00000000000000e+00 0.00000000000000e+00 -4.49317883982848e-01 0.00000000000000e+00 0.00000000000000e+00 -9.31549485667158e-01 0.00000000000000e+00 0.00000000000000e+00 0.00000000000000e+00 0.00000000000000e+00 0.00000000000000e+00 0.00000000000000e+00 0.00000000000000e+00 -3.13318942547578e+00 0.00000000000000e+00
 8.00670290635914e-02 2.22660733160590e-01 3.74794517551490e-01 1.70129422126320e-01 3.05195104229112e-02 0.00000000000000e+00 0.00000000000000e+00 4.43728214013119e-01 0.00000000000000e+00 0.00000000000000e+00 1.24983588980064e+00 0.00000000000000e+00 0.00000000000000e+00 7.78646762124161e-01 0.00000000000000e+00 0.00000000000000e+00 1.66176598110319e-01 1.92758239785511e-01 1.66783699431608e-01 0.00000000000000e+00 0.00000000000000e+00 -3.23227303497676e+00
