S:
 1.00000000000000e+00 8.64094738426381e-01 5.45511191076192e-01 7.87247463349108e-02 3.55797216947765e-02 0.00000000000000e+00 0.00000000000000e+00 0.00000000000000e+00 0.00000000000000e+00 0.00000000000000e+00 -4.75293965619871e-19 0.00000000000000e+00 -1.25316344168432e-20 3.39986777644932e-20 0.00000000000000e+00 5.87152163251916e-20 6.62504792689005e-02 5.23235923056033e-02 1.85304814022512e-02 -8.82847451946784e-19 -3.84438574336097e-20 -1.10602924888070e-01
 8.64094738426381e-01 1.00000000000000e+00 8.84148833489102e-01 2.40268165902662e-01 1.23433270467734e-01 0.00000000000000e+00 0.00000000000000e+00 0.00000000000000e+00 0.00000000000000e+00 0.00000000000000e+00 0.00000000000000e+00 0.00000000000000e+00 5.47658926088193e-20 5.38958953750018e-19 0.00000000000000e+00 -3.40875572723793e-20 1.66909860547197e-01 1.36908078811129e-01 6.08264146593405e-02 -4.16055614468851e-18 -1.91055437501643e-19 -2.55263935972006e-01
 5.45511191076192e-01 8.84148833489102e-01 1.00000000000000e+00 4.02100255877147e-01 2.20332733960166e-01 0.00000000000000e+00 0.00000000000000e+00 -3.80318887056655e-19 0.00000000000000e+00 0.00000000000000e+00 -5.37852128102162e-19 0.00000000000000e+00 -1.35313677129129e-19 1.22062781628023e-18 0.00000000000000e+00 2.08383945950144e-19 2.65182955591933e-01 2.22177271477416e-01 1.10698640940244e-01 -8.35277875117693e-18 -4.29695369049419e-19 -3.75876317769666e-01
 7.87247463349108e-02 2.40268165902662e-01 4.02100255877147e-01 1.00000000000000e+00 9.09478805271888e-01 0.00000000000000e+00 -4.33890491763227e-18 0.00000000000000e+00 0.00000000000000e+00 0.00000000000000e+00 -7.67017272545360e-19 0.00000000000000e+00 3.95405015796374e-19 -7.19495272676320e-20 0.00000000000000e+00 2.65065852924192e-19 6.50737034245426e-01 5.21615832889429e-01 2.93500925093194e-01 -3.12352188407104e-17 -1.31765417183117e-18 -2.52015374915284e-01
 3.55797216947765e-02 1.23433270467734e-01 2.20332733960166e-01 9.09478805271888e-01 1.00000000000000e+00 0.00000000000000e+00 0.00000000000000e+00 0.00000000000000e+00 0.00000000000000e+00 -2.30949713811832e-18 -5.77374284529580e-19 0.00000000000000e+00 -1.95576393892063e-19 8.53324236930778e-19 0.00000000000000e+00 1.01040431637205e-18 5.71818783038607e-01 4.30299247545709e-01 2.24091185267259e-01 -2.65799082492677e-17 -1.20148439797657e-18 -9.86966510595507e-02
 0.00000000000000e+00 0.00000000000000e+00 0.00000000000000e+00 0.00000000000000e+00 0.00000000000000e+00 1.00000000000000e+00 0.00000000000000e+00 0.00000000000000e+00 7.44935539027802e-01 0.00000000000000e+00 0.00000000000000e+00 -2.91622073551371e-19 0.00000000000000e+00 0.00000000000000e+00 3.93186086306002e-19 0.00000000000000e+00 -2.97942137242692e-17 -2.11687142719158e-17 -8.58756913464020e-18 4.05399158171613e-01 -3.61320471792969e-18 1.44829498014442e-17
 0.00000000000000e+00 0.00000000000000e+00 0.00000000000000e+00 -4.33890491763227e-18 0.00000000000000e+00 0.00000000000000e+00 1.00000000000000e+00 -2.14763448082336e-19 0.00000000000000e+00 7.44935539027802e-01 9.31793912161535e-20 0.00000000000000e+00 8.75012316675550e-20 0.00000000000000e+00 0.00000000000000e+00 0.00000000000000e+00 -1.57874103468129e-18 -9.10594774797276e-19 -3.77016618960878e-19 -3.60370001187095e-18 4.05399158171613e-01 7.08049271861593e-19
 0.00000000000000e+00 0.00000000000000e+00 -3.80318887056655e-19 0.00000000000000e+00 0.00000000000000e+00 0.00000000000000e+00 -2.14763448082336e-19 1.00000000000000e+00 0.00000000000000e+00 1.12779885746304e-19 7.44935539027802e-01 0.00000000000000e+00 0.00000000000000e+00 -2.19839939582758e-18 0.00000000000000e+00 3.14589899211896e-19 5.85534027327379e-01 5.59334167356797e-01 3.97780259522926e-01 -3.49472938252475e-17 -1.68999481823498e-18 -5.37132313715935e-03
 0.00000000000000e+00 0.00000000000000e+00 0.00000000000000e+00 0.00000000000000e+00 0.00000000000000e+00 7.44935539027802e-01 0.00000000000000e+00 0.00000000000000e+00 1.00000000000000e+00 0.00000000000000e+00 0.00000000000000e+00 1.82418931438224e-19 0.00000000000000e+00 0.00000000000000e+00 4.80581143793183e-19 0.00000000000000e+00 -2.61809087688060e-17 -2.04725354313765e-17 -9.08396065855043e-18 3.39150755562342e-01 -2.94023197532905e-18 2.48610495427541e-17
 0.00000000000000e+00 0.00000000000000e+00 0.00000000000000e+00 0.00000000000000e+00 -2.30949713811832e-18 0.00000000000000e+00 7.44935539027802e-01 1.12779885746304e-19 0.00000000000000e+00 1.00000000000000e+00 1.12457620985775e-19 0.00000000000000e+00 -4.03005402253891e-19 0.00000000000000e+00 0.00000000000000e+00 0.00000000000000e+00 -1.26451631880321e-18 -9.64409782158321e-19 -3.93587660469947e-19 -2.93888078476168e-18 3.39150755562342e-01 1.29439049928772e-18
 -4.75293965619871e-19 0.00000000000000e+00 -5.37852128102162e-19 -7.67017272545360e-19 -5.77374284529580e-19 0.00000000000000e+00 9.31793912161535e-20 7.44935539027802e-01 0.00000000000000e+00 1.12457620985775e-19 1.00000000000000e+00 0.00000000000000e+00 0.00000000000000e+00 -1.55450312054609e-18 0.00000000000000e+00 2.26725688436131e-20 4.35809474126182e-01 4.62411785892832e-01 3.73885255652461e-01 -2.62547526394394e-17 -1.20550958645703e-18 -2.88544070622978e-01
 0.00000000000000e+00 0.00000000000000e+00 0.00000000000000e+00 0.00000000000000e+00 0.00000000000000e+00 -2.91622073551371e-19 0.00000000000000e+00 0.00000000000000e+00 1.82418931438224e-19 0.00000000000000e+00 0.00000000000000e+00 1.00000000000000e+00 0.00000000000000e+00 0.00000000000000e+00 -2.39482355916481e-19 0.00000000000000e+00 -5.35563211223740e-18 -3.85099709584387e-18 -1.38085358211623e-18 -4.99068668926571e-18 -1.12881648912359e-18 4.18855510908198e-18
 -1.25316344168432e-20 5.47658926088193e-20 -1.35313677129129e-19 3.95405015796374e-19 -1.95576393892063e-19 0.00000000000000e+00 8.75012316675550e-20 0.00000000000000e+00 0.00000000000000e+00 -4.03005402253891e-19 0.00000000000000e+00 0.00000000000000e+00 1.00000000000000e+00 -1.71932996604871e-19 0.00000000000000e+00 -1.28323030439134e-19 -1.16470301580285e-18 -9.73760912981025e-19 -7.23692365674039e-19 -4.46583206813031e-18 5.11309502153775e-01 6.44095841306790e-19
 3.39986777644932e-20 5.38958953750018e-19 1.22062781628023e-18 -7.19495272676320e-20 8.53324236930778e-19 0.00000000000000e+00 0.00000000000000e+00 -2.19839939582758e-18 0.00000000000000e+00 0.00000000000000e+00 -1.55450312054609e-18 0.00000000000000e+00 -1.71932996604871e-19 1.00000000000000e+00 0.00000000000000e+00 -2.72010535275131e-19 3.36278321454654e-01 4.12927094418204e-01 4.32362767522919e-01 -2.10242996619094e-17 -9.93096891695836e-19 4.64683173128318e-02
 0.00000000000000e+00 0.00000000000000e+00 0.00000000000000e+00 0.00000000000000e+00 0.00000000000000e+00 3.93186086306002e-19 0.00000000000000e+00 0.00000000000000e+00 4.80581143793183e-19 0.00000000000000e+00 0.00000000000000e+00 -2.39482355916481e-19 0.00000000000000e+00 0.00000000000000e+00 1.00000000000000e+00 0.00000000000000e+00 -2.59864692238869e-17 -2.49685696136656e-17 -1.59186952720898e-17 5.11309502153775e-01 -4.44029347100508e-18 1.26827640970665e-17
 5.87152163251916e-20 -3.40875572723793e-20 2.08383945950144e-19 2.65065852924192e-19 1.01040431637205e-18 0.00000000000000e+00 0.00000000000000e+00 3.14589899211896e-19 0.00000000000000e+00 0.00000000000000e+00 2.26725688436131e-20 0.00000000000000e+00 -1.28323030439134e-19 -2.72010535275131e-19 0.00000000000000e+00 1.00000000000000e+00 -1.80031932279094e-17 -1.29100774217367e-17 -4.56025274409378e-18 -2.71766787795972e-17 -3.37780012951068e-18 1.38729391725190e-17
 6.62504792689005e-02 1.66909860547197e-01 2.65182955591933e-01 6.50737034245426e-01 5.71818783038607e-01 -2.97942137242692e-17 -1.57874103468129e-18 5.85534027327379e-01 -2.61809087688060e-17 -1.26451631880321e-18 4.35809474126182e-01 -5.35563211223740e-18 -1.16470301580285e-18 3.36278321454654e-01 -2.59864692238869e-17 -1.80031932279094e-17 1.00000000000000e+00 9.69544475373831e-01 7.78523420263646e-01 0.00000000000000e+00 0.00000000000000e+00 1.10575534520795e-18
 5.23235923056033e-02 1.36908078811129e-01 2.22177271477416e-01 5.21615832889429e-01 4.30299247545709e-01 -2.11687142719158e-17 -9.10594774797276e-19 5.59334167356797e-01 -2.04725354313765e-17 -9.64409782158321e-19 4.62411785892832e-01 -3.85099709584387e-18 -9.73760912981025e-19 4.12927094418204e-01 -2.49685696136656e-17 -1.29100774217367e-17 9.69544475373831e-01 1.00000000000000e+00 8.97299307181686e-01 0.00000000000000e+00 0.00000000000000e+00 8.51210861618233e-19
 1.85304814022512e-02 6.08264146593405e-02 1.10698640940244e-01 2.93500925093194e-01 2.24091185267259e-01 -8.58756913464020e-18 -3.77016618960878e-19 3.97780259522926e-01 -9.08396065855043e-18 -3.93587660469947e-19 3.73885255652461e-01 -1.38085358211623e-18 -7.23692365674039e-19 4.32362767522919e-01 -1.59186952720898e-17 -4.56025274409378e-18 7.78523420263646e-01 8.97299307181686e-01 1.00000000000000e+00 0.00000000000000e+00 0.00000000000000e+00 0.00000000000000e+00
 -8.82847451946784e-19 -4.16055614468851e-18 -8.35277875117693e-18 -3.12352188407104e-17 -2.65799082492677e-17 4.05399158171613e-01 -3.60370001187095e-18 -3.49472938252475e-17 3.39150755562342e-01 -2.93888078476168e-18 -2.62547526394394e-17 -4.99068668926571e-18 -4.46583206813031e-18 -2.10242996619094e-17 5.11309502153775e-01 -2.71766787795972e-17 0.00000000000000e+00 0.00000000000000e+00 0.00000000000000e+00 1.00000000000000e+00 0.00000000000000e+00 0.00000000000000e+00
 -3.84438574336097e-20 -1.91055437501643e-19 -4.29695369049419e-19 -1.31765417183117e-18 -1.20148439797657e-18 -3.61320471792969e-18 4.05399158171613e-01 -1.68999481823498e-18 -2.94023197532905e-18 3.39150755562342e-01 -1.20550958645703e-18 -1.12881648912359e-18 5.11309502153775e-01 -9.93096891695836e-19 -4.44029347100508e-18 -3.37780012951068e-18 0.00000000000000e+00 0.00000000000000e+00 0.00000000000000e+00 0.00000000000000e+00 1.00000000000000e+00 -2.54787897262870e-19
 -1.10602924888070e-01 -2.55263935972006e-01 -3.75876317769666e-01 -2.52015374915284e-01 -9.86966510595507e-02 1.44829498014442e-17 7.08049271861593e-19 -5.37132313715935e-03 2.48610495427541e-17 1.29439049928772e-18 -2.88544070622978e-01 4.18855510908198e-18 6.44095841306790e-19 4.64683173128318e-02 1.26827640970665e-17 1.38729391725190e-17 1.10575534520795e-18 8.51210861618233e-19 0.00000000000000e+00 0.00000000000000e+00 -2.54787897262870e-19 1.00000000000000e+00
En:
 -1.30533333332924e+01 -8.71295526861049e+00 -3.78221088838354e+00 -4.13566852928308e-01 -1.79084210717954e-01 1.12572084619840e-18 4.82197714975966e-20 -3.25836279098459e-03 3.99677524855032e-18 1.75975204727747e-19 -1.02775653308247e-02 2.50904520014343e-19 5.03409377431956e-20 -1.17766517842429e-03 2.16431395603483e-19 7.54193579006936e-19 -4.44876551460554e-01 -3.48115037037974e-01 -1.16594515761475e-01 4.02654292168054e-18 1.69680071109071e-19 7.51262504371933e-01
 -8.71295526861049e+00 -7.11332998502712e+00 -4.37947197675589e+00 -7.86242964264720e-01 -3.76676648163641e-01 3.50990945058374e-18 1.64325313776361e-19 -1.71898273219862e-02 9.36087286292116e-18 4.94749054235668e-19 -3.81829149123577e-02 9.11720161350540e-19 -2.59361717638458e-19 -1.03629530058812e-02 1.16931783502964e-18 3.08380999249563e-18 -6.40498863849853e-01 -5.17487247997919e-01 -2.09477652028173e-01 1.14380063232050e-17 5.63052878940257e-19 1.03416629566557e+00
 -3.78221088838354e+00 -4.37947197675589e+00 -3.87329080785251e+00 -1.04993824788787e+00 -5.38663043260733e-01 5.90734710150650e-18 2.81758964714726e-19 -3.48408449529298e-02 1.34496588282999e-17 6.58482308535964e-19 -6.71507496879321e-02 1.60545609569354e-18 -1.42028586388922e-19 -2.35267331970521e-02 2.30473952088465e-18 4.93890569912669e-18 -7.55564165622561e-01 -6.30027353864568e-01 -3.00247995454673e-01 1.93086723412795e-17 9.37855360621707e-19 1.14822250792567e+00
 -4.13566852928308e-01 -7.86242964264720e-01 -1.04993824788787e+00 -1.29104911540957e+00 -9.99881820916440e-01 1.33573008262976e-17 -3.64241458022927e-18 -1.08715897980854e-01 1.31152857472443e-17 6.32810408044090e-19 -1.02692160551057e-01 2.72046940999586e-18 -7.64933267296007e-21 -7.32240988127024e-02 5.28570511756008e-18 8.58439090931802e-18 -9.70019980398922e-01 -8.48906339601432e-01 -5.70645556611522e-01 4.55578257089739e-17 1.91597355216315e-18 5.86515448851479e-01
 -1.79084210717954e-01 -3.76676648163641e-01 -5.38663043260733e-01 -9.99881820916440e-01 -8.99905439795412e-01 1.16082228637908e-17 5.76047800698698e-19 -8.94770051646412e-02 8.78382862820320e-18 3.93798262473385e-19 -7.11388976180675e-02 2.06625319119490e-18 5.01663108952379e-20 -5.45493048507910e-02 3.95957370455072e-18 6.50070756633648e-18 -7.43609781525924e-01 -6.30186519529193e-01 -4.12881837380504e-01 3.56066044924375e-17 1.66946467590315e-18 2.84175701437599e-01
 1.12572084619840e-18 3.50990945058374e-18 5.90734710150650e-18 1.33573008262976e-17 1.16082228637908e-17 -1.12482174701657e+00 1.95035643047630e-18 3.58391455431976e-18 -1.20811584487794e+00 1.72452780274798e-18 3.18436193383064e-18 3.17960304290377e-18 5.63862677582692e-19 -1.73594294028001e-18 -6.29385680461369e-02 1.75630111825322e-17 4.01793754987287e-17 3.10969680830995e-17 1.46673888866988e-17 -5.47752327620904e-01 4.71579473742973e-18 -2.84488785323148e-17
 4.82197714975966e-20 1.64325313776361e-19 2.81758964714726e-19 -3.64241458022927e-18 5.76047800698698e-19 1.95035643047630e-18 -1.12482174701657e+00 4.71169223408060e-20 1.73376394522322e-18 -1.20811584487794e+00 1.28916149294273e-20 6.99162635771676e-19 -6.29385680461369e-02 -3.62333539567027e-20 5.29834948081299e-19 2.18198565621208e-18 1.83383476912406e-18 1.35093807916465e-18 6.04266185300290e-19 4.70573563574456e-18 -5.47752327620904e-01 -1.26098435998864e-18
 -3.25836279098459e-03 -1.71898273219862e-02 -3.48408449529298e-02 -1.08715897980854e-01 -8.94770051646412e-02 3.58391455431976e-18 4.71169223408060e-20 -1.20761255574511e+00 3.19275931142983e-18 -1.99655265845170e-20 -1.28209920241685e+00 5.95722495124442e-19 -3.11252784941510e-18 -1.41662992981298e-01 1.51500596370507e-17 2.43775700057011e-18 -8.76364905695318e-01 -9.09885376252969e-01 -7.77413842764684e-01 5.09590592498367e-17 2.42869320501362e-18 2.31163637736779e-01
 3.99677524855032e-18 9.36087286292116e-18 1.34496588282999e-17 1.31152857472443e-17 8.78382862820320e-18 -1.20811584487794e+00 1.73376394522322e-18 3.19275931142983e-18 -2.09593495018863e+00 2.52867712285111e-18 4.19551857086397e-18 3.90958292018999e-18 5.85918570817781e-19 -2.13111674844225e-18 -6.74939210103577e-02 1.98351704621775e-17 4.84214366183702e-17 3.91714967847286e-17 1.82905701200947e-17 -5.67000619757349e-01 4.87088010847936e-18 -5.53286268116991e-17
 1.75975204727747e-19 4.94749054235668e-19 6.58482308535964e-19 6.32810408044090e-19 3.93798262473385e-19 1.72452780274798e-18 -1.20811584487794e+00 -1.99655265845170e-20 2.52867712285111e-18 -2.09593495018863e+00 5.09328615088904e-19 7.14966377672226e-19 -6.74939210103577e-02 -3.19843261420372e-18 6.32140994479696e-19 2.55126535317873e-18 2.23087311897546e-18 1.88061834330452e-18 8.92614327416158e-19 4.87781834773244e-18 -5.67000619757349e-01 -2.69410783606585e-18
 -1.02775653308247e-02 -3.81829149123577e-02 -6.71507496879321e-02 -1.02692160551057e-01 -7.11388976180675e-02 3.18436193383064e-18 1.28916149294273e-20 -1.28209920241685e+00 4.19551857086397e-18 5.09328615088904e-19 -2.18206529588069e+00 6.08372238687678e-19 6.66886389311235e-19 -1.46080373051154e-01 1.67700525378437e-17 1.78288430304643e-18 -8.38439316746843e-01 -9.17733791389171e-01 -8.12250313867061e-01 4.56533651714133e-17 1.99910249762986e-18 7.36465414769745e-01
 2.50904520014343e-19 9.11720161350540e-19 1.60545609569354e-18 2.72046940999586e-18 2.06625319119490e-18 3.17960304290377e-18 6.99162635771676e-19 5.95722495124442e-19 3.90958292018999e-18 7.14966377672226e-19 6.08372238687678e-19 -1.45766511981477e+00 1.44555776765671e-19 -1.01454430487375e-18 3.12758817901939e-19 2.39204803515303e-18 7.94733048752790e-18 6.06821072463347e-18 2.39924885142787e-18 7.02915313079048e-18 1.59652273237291e-18 -7.68477120892490e-18
 5.03409377431956e-20 -2.59361717638458e-19 -1.42028586388922e-19 -7.64933267296007e-21 5.01663108952379e-20 5.63862677582692e-19 -6.29385680461369e-02 -3.11252784941510e-18 5.85918570817781e-19 -6.74939210103577e-02 6.66886389311235e-19 1.44555776765671e-19 -1.50558076595367e+00 7.11279810993408e-19 2.60981809228830e-18 3.48195770983620e-19 1.78067951142577e-18 1.80303941901308e-18 1.29054347812780e-18 6.59082041870144e-18 -7.71042888383351e-01 -1.41962842806133e-18
 -1.17766517842429e-03 -1.03629530058812e-02 -2.35267331970521e-02 -7.32240988127024e-02 -5.45493048507910e-02 -1.73594294028001e-18 -3.62333539567027e-20 -1.41662992981298e-01 -2.13111674844225e-18 -3.19843261420372e-18 -1.46080373051154e-01 -1.01454430487375e-18 7.11279810993408e-19 -1.59137703863381e+00 4.90864653932259e-18 -2.80140528451134e-18 -6.62416468884579e-01 -8.23693492610261e-01 -9.43123511482362e-01 3.71066813121864e-17 1.64848356689895e-18 1.26999086395441e-01
 2.16431395603483e-19 1.16931783502964e-18 2.30473952088465e-18 5.28570511756008e-18 3.95957370455072e-18 -6.29385680461369e-02 5.29834948081299e-19 1.51500596370507e-17 -6.74939210103577e-02 6.32140994479696e-19 1.67700525378437e-17 3.12758817901939e-19 2.60981809228830e-18 4.90864653932259e-18 -1.50558076595367e+00 4.52402241981136e-18 4.10462690402143e-17 4.12241797208520e-17 2.89496719155338e-17 -7.71042888383351e-01 6.60512940255583e-18 -2.87882290810544e-17
 7.54193579006936e-19 3.08380999249563e-18 4.93890569912669e-18 8.58439090931802e-18 6.50070756633648e-18 1.75630111825322e-17 2.18198565621208e-18 2.43775700057011e-18 1.98351704621775e-17 2.55126535317873e-18 1.78288430304643e-18 2.39204803515303e-18 3.48195770983620e-19 -2.80140528451134e-18 4.52402241981136e-18 -1.45766511981477e+00 2.68722984461601e-17 2.03313755809143e-17 7.93803031880433e-18 3.94531478837046e-17 4.98058580151951e-18 -2.56998860492626e-17
 -4.44876551460554e-01 -6.40498863849853e-01 -7.55564165622561e-01 -9.70019980398922e-01 -7.43609781525924e-01 4.01793754987287e-17 1.83383476912406e-18 -8.76364905695318e-01 4.84214366183702e-17 2.23087311897546e-18 -8.38439316746843e-01 7.94733048752790e-18 1.78067951142577e-18 -6.62416468884579e-01 4.10462690402143e-17 2.68722984461601e-17 -1.64111684588115e+00 -1.72358445099527e+00 -1.65836593201055e+00 4.99289492106835e-17 1.38199909337244e-19 3.32836985251560e-01
 -3.48115037037974e-01 -5.17487247997919e-01 -6.30027353864568e-01 -8.48906339601432e-01 -6.30186519529193e-01 3.10969680830995e-17 1.35093807916465e-18 -9.09885376252969e-01 3.91714967847286e-17 1.88061834330452e-18 -9.17733791389171e-01 6.06821072463347e-18 1.80303941901308e-18 -8.23693492610261e-01 4.12241797208520e-17 2.03313755809143e-17 -1.72358445099527e+00 -1.90493801173773e+00 -2.01656610060360e+00 5.00910952757564e-17 2.39003741263129e-18 3.09592141679223e-01
 -1.16594515761475e-01 -2.09477652028173e-01 -3.00247995454673e-01 -5.70645556611522e-01 -4.12881837380504e-01 1.46673888866988e-17 6.04266185300290e-19 -7.77413842764684e-01 1.82905701200947e-17 8.92614327416158e-19 -8.12250313867061e-01 2.39924885142787e-18 1.29054347812780e-18 -9.43123511482362e-01 2.89496719155338e-17 7.93803031880433e-18 -1.65836593201055e+00 -2.01656610060360e+00 -2.57956167100071e+00 4.01253573203681e-17 5.55505671587622e-18 1.98759174085170e-01
 4.02654292168054e-18 1.14380063232050e-17 1.93086723412795e-17 4.55578257089739e-17 3.56066044924375e-17 -5.47752327620904e-01 4.70573563574456e-18 5.09590592498367e-17 -5.67000619757349e-01 4.87781834773244e-18 4.56533651714133e-17 7.02915313079048e-18 6.59082041870144e-18 3.71066813121864e-17 -7.71042888383351e-01 3.94531478837046e-17 4.99289492106835e-17 5.00910952757564e-17 4.01253573203681e-17 -1.52097799842992e+00 7.72051531290841e-18 -1.24827102401794e-17
 1.69680071109071e-19 5.63052878940257e-19 9.37855360621707e-19 1.91597355216315e-18 1.66946467590315e-18 4.71579473742973e-18 -5.47752327620904e-01 2.42869320501362e-18 4.87088010847936e-18 -5.67000619757349e-01 1.99910249762986e-18 1.59652273237291e-18 -7.71042888383351e-01 1.64848356689895e-18 6.60512940255583e-18 4.98058580151951e-18 1.38199909337244e-19 2.39003741263129e-18 5.55505671587622e-18 7.72051531290841e-18 -1.52097799842992e+00 -3.54671492000104e-19
 7.51262504371933e-01 1.03416629566557e+00 1.14822250792567e+00 5.86515448851479e-01 2.84175701437599e-01 -2.84488785323148e-17 -1.26098435998864e-18 2.31163637736779e-01 -5.53286268116991e-17 -2.69410783606585e-18 7.36465414769745e-01 -7.68477120892490e-18 -1.41962842806133e-18 1.26999086395441e-01 -2.87882290810544e-17 -2.56998860492626e-17 3.32836985251560e-01 3.09592141679223e-01 1.98759174085170e-01 -1.24827102401794e-17 -3.54671492000104e-19 -1.76955164583583e+00
T:
 8.98880000000001e+00 4.14005071074849e+00 1.85037396013047e-01 -1.60220603740811e-01 -8.34747710588384e-02 -0.00000000000000e+00 -0.00000000000000e+00 -8.40208965367141e-20 -0.00000000000000e+00 1.90117586247948e-18 2.37646982809935e-19 -0.00000000000000e+00 4.63528709059748e-20 -1.82153963420252e-20 -0.00000000000000e+00 1.16782021937391e-19 3.09292003699904e-04 -4.86589274090372e-03 -1.18604384445356e-02 2.69607203851235e-18 1.20492058501967e-19 -1.19764542927298e-02
 4.14005071074849e+00 2.55380000000001e+00 8.19252309111006e-01 -8.14509082410025e-02 -6.23008860474143e-02 -0.00000000000000e+00 -0.00000000000000e+00 -1.30785975637809e-19 -0.00000000000000e+00 3.69918601030374e-19 4.85518163852366e-19 -0.00000000000000e+00 -5.01541742187744e-20 -3.82022234529884e-19 -0.00000000000000e+00 -2.72378266464893e-19 6.15496069760528e-03 -3.97982713137861e-03 -2.28412655805554e-02 3.40250333124239e-18 1.69360310239902e-19 -5.15513715081991e-02
 1.85037396013047e-01 8.19252309111006e-01 9.28266666666669e-01 1.29744349229694e-02 -2.64178948018238e-02 -0.00000000000000e+00 -1.42619582646245e-19 9.50797217641637e-20 -0.00000000000000e+00 -0.00000000000000e+00 2.68926064051081e-19 -0.00000000000000e+00 1.26730624163201e-19 1.97898686883406e-19 -0.00000000000000e+00 8.80537630111723e-20 1.55257922108459e-02 2.95591460368591e-03 -2.53034863116476e-02 3.13396084966970e-18 1.32760088525893e-19 -9.66480667889805e-02
 -1.60220603740811e-01 -8.14509082410025e-02 1.29744349229694e-02 7.70666666666667e-02 4.37459305335780e-02 -0.00000000000000e+00 -0.00000000000000e+00 -0.00000000000000e+00 -0.00000000000000e+00 -0.00000000000000e+00 9.58771590681700e-20 -0.00000000000000e+00 -2.71591520307173e-20 2.99515148466617e-19 -0.00000000000000e+00 -4.19235759742025e-20 4.98710375216328e-02 4.54464366793252e-02 3.04835349014978e-02 -2.62966265289730e-18 -1.05267898128221e-19 -4.73859133584105e-02
 -8.34747710588384e-02 -6.23008860474143e-02 -2.64178948018238e-02 4.37459305335780e-02 3.52666666666668e-02 -0.00000000000000e+00 -0.00000000000000e+00 -5.10331589841996e-20 -0.00000000000000e+00 -1.44343571132395e-19 5.41288391746481e-20 -0.00000000000000e+00 7.83286596159897e-21 1.05576653572394e-20 -0.00000000000000e+00 7.25142305508746e-21 2.84189643535870e-02 2.42821727883691e-02 1.58137095138849e-02 -1.67266557163352e-18 -7.45027756286771e-20 -6.85619100680384e-03
 -0.00000000000000e+00 -0.00000000000000e+00 -0.00000000000000e+00 -0.00000000000000e+00 -0.00000000000000e+00 1.80000000000000e-01 -0.00000000000000e+00 -0.00000000000000e+00 2.68176794050009e-01 -0.00000000000000e+00 -0.00000000000000e+00 -5.65239756742459e-20 -0.00000000000000e+00 -0.00000000000000e+00 1.70369876264183e-19 -0.00000000000000e+00 -6.58042417740690e-18 -5.19186654874814e-18 -2.28905878319119e-18 8.22880929362251e-02 -7.09810149556047e-19 6.75314602638534e-18
 -0.00000000000000e+00 -0.00000000000000e+00 -1.42619582646245e-19 -0.00000000000000e+00 -0.00000000000000e+00 -0.00000000000000e+00 1.80000000000000e-01 -4.77647337472510e-21 -0.00000000000000e+00 2.68176794050009e-01 -2.13897898920352e-20 -0.00000000000000e+00 5.07283550003100e-20 5.49599848956896e-19 -0.00000000000000e+00 -1.90386972445105e-18 -3.05616193187657e-19 -2.17114430325646e-19 -1.05701856082934e-19 -6.96274674770684e-19 8.22880929362251e-02 3.00089253308717e-19
 -8.40208965367141e-20 -1.30785975637809e-19 9.50797217641637e-20 -0.00000000000000e+00 -5.10331589841996e-20 -0.00000000000000e+00 -4.77647337472510e-21 1.80000000000000e-01 -0.00000000000000e+00 -2.79516991959281e-20 2.68176794050009e-01 -0.00000000000000e+00 -0.00000000000000e+00 -0.00000000000000e+00 -0.00000000000000e+00 2.54558645359359e-20 1.04035630913518e-01 1.11763630679280e-01 9.07035933557309e-02 -6.23435414770404e-18 -2.91351259318233e-19 -7.82993116705828e-02
 -0.00000000000000e+00 -0.00000000000000e+00 -0.00000000000000e+00 -0.00000000000000e+00 -0.00000000000000e+00 2.68176794050009e-01 -0.00000000000000e+00 -0.00000000000000e+00 7.20000000000001e-01 -0.00000000000000e+00 -0.00000000000000e+00 4.53505032900511e-20 -0.00000000000000e+00 -0.00000000000000e+00 1.46783791875333e-20 -0.00000000000000e+00 -1.18682126381752e-17 -9.57333467172702e-18 -3.84209530199387e-18 9.44123203866732e-02 -7.89434293541754e-19 1.89531517209854e-17
 1.90117586247948e-18 3.69918601030374e-19 -0.00000000000000e+00 -0.00000000000000e+00 -1.44343571132395e-19 -0.00000000000000e+00 2.68176794050009e-01 -2.79516991959281e-20 -0.00000000000000e+00 7.20000000000001e-01 3.21211867727587e-19 -0.00000000000000e+00 -3.07462781953370e-19 -0.00000000000000e+00 -0.00000000000000e+00 -0.00000000000000e+00 -5.80400357289837e-19 -4.42343893337562e-19 -2.02466587027634e-19 -7.80579822737835e-19 9.44123203866732e-02 9.93223925768764e-19
 2.37646982809935e-19 4.85518163852366e-19 2.68926064051081e-19 9.58771590681700e-20 5.41288391746481e-20 -0.00000000000000e+00 -2.13897898920352e-20 2.68176794050009e-01 -0.00000000000000e+00 3.21211867727587e-19 7.20000000000001e-01 -0.00000000000000e+00 -0.00000000000000e+00 -0.00000000000000e+00 -0.00000000000000e+00 -3.58117420611869e-20 1.09605905936767e-01 1.23602540264620e-01 9.58007012661364e-02 -4.46103374750795e-18 -2.43302368043677e-19 -2.34306502508710e-01
 -0.00000000000000e+00 -0.00000000000000e+00 -0.00000000000000e+00 -0.00000000000000e+00 -0.00000000000000e+00 -5.65239756742459e-20 -0.00000000000000e+00 -0.00000000000000e+00 4.53505032900511e-20 -0.00000000000000e+00 -0.00000000000000e+00 7.20000000000002e-01 -0.00000000000000e+00 -0.00000000000000e+00 6.01069458764445e-20 -0.00000000000000e+00 -3.69637809023740e-18 -2.84073954532341e-18 -1.05326798915818e-18 -2.77310060765876e-18 -5.78474130735552e-19 4.49398830020333e-18
 4.63528709059748e-20 -5.01541742187744e-20 1.26730624163201e-19 -2.71591520307173e-20 7.83286596159897e-21 -0.00000000000000e+00 5.07283550003100e-20 -0.00000000000000e+00 -0.00000000000000e+00 -3.07462781953370e-19 -0.00000000000000e+00 -0.00000000000000e+00 7.20000000000002e-01 -1.56431770985457e-19 -0.00000000000000e+00 -1.71498049118996e-19 -5.72304584599368e-19 -6.66103807815772e-19 -4.54403432679897e-19 -2.12828419305780e-18 2.46869973784890e-01 9.09565528789389e-19
 -1.82153963420252e-20 -3.82022234529884e-19 1.97898686883406e-19 2.99515148466617e-19 1.05576653572394e-20 -0.00000000000000e+00 5.49599848956896e-19 -0.00000000000000e+00 -0.00000000000000e+00 -0.00000000000000e+00 -0.00000000000000e+00 -0.00000000000000e+00 -1.56431770985457e-19 7.20000000000001e-01 -0.00000000000000e+00 -3.07449865864183e-19 1.50982275571970e-01 2.01006515504611e-01 2.33343901341714e-01 -8.11597898032565e-18 -3.28456801392580e-19 -1.37352507521674e-01
 -0.00000000000000e+00 -0.00000000000000e+00 -0.00000000000000e+00 -0.00000000000000e+00 -0.00000000000000e+00 1.70369876264183e-19 -0.00000000000000e+00 -0.00000000000000e+00 1.46783791875333e-20 -0.00000000000000e+00 -0.00000000000000e+00 6.01069458764445e-20 -0.00000000000000e+00 -0.00000000000000e+00 7.20000000000002e-01 -0.00000000000000e+00 -1.37045020623892e-17 -1.43498004330796e-17 -1.00342858955242e-17 2.46869973784890e-01 -2.12191352314278e-18 1.68886345590805e-17
 1.16782021937391e-19 -2.72378266464893e-19 8.80537630111723e-20 -4.19235759742025e-20 7.25142305508746e-21 -0.00000000000000e+00 -1.90386972445105e-18 2.54558645359359e-20 -0.00000000000000e+00 -0.00000000000000e+00 -3.58117420611869e-20 -0.00000000000000e+00 -1.71498049118996e-19 -3.07449865864183e-19 -0.00000000000000e+00 7.20000000000001e-01 -1.23087323767278e-17 -9.49341608369638e-18 -3.59207470678517e-18 -1.59701522023669e-17 -1.97262653072141e-18 1.51495856647492e-17
 3.09292003699904e-04 6.15496069760528e-03 1.55257922108459e-02 4.98710375216328e-02 2.84189643535870e-02 -6.58042417740690e-18 -3.05616193187657e-19 1.04035630913518e-01 -1.18682126381752e-17 -5.80400357289837e-19 1.09605905936767e-01 -3.69637809023740e-18 -5.72304584599368e-19 1.50982275571970e-01 -1.37045020623892e-17 -1.23087323767278e-17 2.38050000000001e-01 3.07733416483654e-01 4.24373116385716e-01 -0.00000000000000e+00 -0.00000000000000e+00 -1.38219418150993e-19
 -4.86589274090372e-03 -3.97982713137861e-03 2.95591460368591e-03 4.54464366793252e-02 2.42821727883691e-02 -5.19186654874814e-18 -2.17114430325646e-19 1.11763630679280e-01 -9.57333467172702e-18 -4.42343893337562e-19 1.23602540264620e-01 -2.84073954532341e-18 -6.66103807815772e-19 2.01006515504611e-01 -1.43498004330796e-17 -9.49341608369638e-18 3.07733416483654e-01 4.23200000000001e-01 6.52157136459652e-01 -0.00000000000000e+00 -8.51210861618233e-19 -4.25605430809117e-19
 -1.18604384445356e-02 -2.28412655805554e-02 -2.53034863116476e-02 3.04835349014978e-02 1.58137095138849e-02 -2.28905878319119e-18 -1.05701856082934e-19 9.07035933557309e-02 -3.84209530199387e-18 -2.02466587027634e-19 9.58007012661364e-02 -1.05326798915818e-18 -4.54403432679897e-19 2.33343901341714e-01 -1.00342858955242e-17 -3.59207470678517e-18 4.24373116385716e-01 6.52157136459652e-01 1.24820000000000e+00 -0.00000000000000e+00 -9.57879878452662e-19 -0.00000000000000e+00
 2.69607203851235e-18 3.40250333124239e-18 3.13396084966970e-18 -2.62966265289730e-18 -1.67266557163352e-18 8.22880929362251e-02 -6.96274674770684e-19 -6.23435414770404e-18 9.44123203866732e-02 -7.80579822737835e-19 -4.46103374750795e-18 -2.77310060765876e-18 -2.12828419305780e-18 -8.11597898032565e-18 2.46869973784890e-01 -1.59701522023669e-17 -0.00000000000000e+00 -0.00000000000000e+00 -0.00000000000000e+00 7.81250000000001e-01 -0.00000000000000e+00 -0.00000000000000e+00
 1.20492058501967e-19 1.69360310239902e-19 1.32760088525893e-19 -1.05267898128221e-19 -7.45027756286771e-20 -7.09810149556047e-19 8.22880929362251e-02 -2.91351259318233e-19 -7.89434293541754e-19 9.44123203866732e-02 -2.43302368043677e-19 -5.78474130735552e-19 2.46869973784890e-01 -3.28456801392580e-19 -2.12191352314278e-18 -1.97262653072141e-18 -0.00000000000000e+00 -8.51210861618233e-19 -9.57879878452662e-19 -0.00000000000000e+00 7.81250000000001e-01 2.81789431493817e-19
 -1.19764542927298e-02 -5.15513715081991e-02 -9.66480667889805e-02 -4.73859133584105e-02 -6.85619100680384e-03 6.75314602638534e-18 3.00089253308717e-19 -7.82993116705828e-02 1.89531517209854e-17 9.93223925768764e-19 -2.34306502508710e-01 4.49398830020333e-18 9.09565528789389e-19 -1.37352507521674e-01 1.68886345590805e-17 1.51495856647492e-17 -1.38219418150993e-19 -4.25605430809117e-19 -0.00000000000000e+00 -0.00000000000000e+00 2.81789431493817e-19 7.81250000000001e-01
