A:
 2.66316128505499e-01 3.49654058631687e-01 4.46566347874209e-01 5.56284638031344e-01 6.78476464007446e-01 8.13711259844221e-01 9.63637236838427e-01 1.13091904964875e+00 -1.95564265654667e-18 3.97239914611042e-19 0.00000000000000e+00 0.00000000000000e+00 3.84307669163381e-19 0.00000000000000e+00 0.00000000000000e+00 9.86398708345908e-20 0.00000000000000e+00 0.00000000000000e+00 6.64592209831410e-19 0.00000000000000e+00 0.00000000000000e+00 4.77624637725387e-19 0.00000000000000e+00 -4.57674728828929e-18 6.43605087415682e-19 0.00000000000000e+00 0.00000000000000e+00 -2.35199116316341e-19 6.96344629449837e-10 0.00000000000000e+00 7.60851592632322e-11 0.00000000000000e+00 5.14005561361582e-19 -8.62835068800502e-10 0.00000000000000e+00 6.97441977664295e-10 0.00000000000000e+00 -1.59498217059398e-21 -4.44481632086063e-09 0.00000000000000e+00 6.25485141060820e-10 3.94764539195572e-01 5.01337801803922e-01 6.28706465651714e-01 7.76771812049880e-01 3.94764527208759e-01 5.01337787537099e-01 6.28706449946964e-01 7.76771795228345e-01 3.94764527208759e-01 5.01337787537099e-01 6.28706449946964e-01 7.76771795228345e-01 3.94764524389305e-01 5.01337783543619e-01 6.28706446373810e-01 7.76771790231374e-01
 3.49654058631687e-01 4.72377401695941e-01 6.20197766132805e-01 7.92095704662420e-01 9.86708133517757e-01 1.20344558417211e+00 1.44331772466101e+00 1.70924880491700e+00 -2.54478302086528e-18 -1.59048938804080e-19 0.00000000000000e+00 0.00000000000000e+00 2.85760541024761e-19 0.00000000000000e+00 0.00000000000000e+00 7.70131703682915e-19 0.00000000000000e+00 0.00000000000000e+00 2.30613769949807e-19 0.00000000000000e+00 0.00000000000000e+00 -1.03584965992439e-19 0.00000000000000e+00 0.00000000000000e+00 3.72218716410215e-19 0.00000000000000e+00 0.00000000000000e+00 8.50804297561980e-20 -8.53703179636701e-10 0.00000000000000e+00 -3.25661755772342e-10 0.00000000000000e+00 -8.81465266572096e-19 -6.73951939626198e-10 0.00000000000000e+00 9.67810518762168e-10 0.00000000000000e+00 -1.70188786628930e-18 -5.22651551537221e-09 0.00000000000000e+00 1.29330754145732e-09 6.06328021786663e-01 7.69831327121195e-01 9.65226027857438e-01 1.19240442236752e+00 6.06328003795391e-01 7.69831305537954e-01 9.65226004173573e-01 1.19240439642335e+00 6.06328003795391e-01 7.69831305537954e-01 9.65226004173573e-01 1.19240439642335e+00 6.06327999090869e-01 7.69831299944571e-01 9.65225998765182e-01 1.19240438848143e+00
 4.46566347874209e-01 6.20197766132805e-01 8.37877845119872e-01 1.10007383757037e+00 1.40497717691641e+00 1.75017046768878e+00 2.13460758474435e+00 2.56008055795351e+00 0.00000000000000e+00 1.13829472209656e-18 0.00000000000000e+00 0.00000000000000e+00 -5.57769516633369e-19 0.00000000000000e+00 5.34472035383135e-18 -1.83724762162953e-18 0.00000000000000e+00 0.00000000000000e+00 4.80138437710129e-18 0.00000000000000e+00 0.00000000000000e+00 -1.21311086978409e-18 0.00000000000000e+00 0.00000000000000e+00 -2.42175089195898e-18 0.00000000000000e+00 0.00000000000000e+00 1.42079168444163e-18 1.58071268510078e-09 0.00000000000000e+00 -1.21739680575648e-09 0.00000000000000e+00 -9.42391025078649e-19 -1.39869351484648e-09 0.00000000000000e+00 2.27662024838465e-09 0.00000000000000e+00 -1.93371011416187e-18 -8.13512975820973e-09 0.00000000000000e+00 -1.50425254466461e-10 9.30713492118475e-01 1.18120093613104e+00 1.48052224656036e+00 1.82862929516283e+00 9.30713464108722e-01 1.18120090339090e+00 1.48052220987027e+00 1.82862925487256e+00 9.30713464108722e-01 1.18120090339090e+00 1.48052220987027e+00 1.82862925487256e+00 9.30713457688045e-01 1.18120089461585e+00 1.48052220221030e+00 1.82862924488607e+00
 5.56284638031344e-01 7.92095704662420e-01 1.10007383757037e+00 1.48618327923128e+00 1.95125248784037e+00 2.49207403528351e+00 3.10435920446763e+00 3.78625413227973e+00 4.30896803335708e-18 -6.73276255212044e-20 0.00000000000000e+00 0.00000000000000e+00 3.26609299418773e-18 0.00000000000000e+00 1.39096511953983e-17 -2.39072129920908e-18 0.00000000000000e+00 0.00000000000000e+00 -1.95244025643451e-18 0.00000000000000e+00 0.00000000000000e+00 -1.75395820994606e-18 0.00000000000000e+00 -2.01683653155902e-17 6.30261416112194e-19 0.00000000000000e+00 0.00000000000000e+00 4.96216696468928e-19 6.87467786046561e-10 0.00000000000000e+00 3.20701792568291e-10 0.00000000000000e+00 8.81277146305578e-19 1.13883910440974e-09 0.00000000000000e+00 2.01359182337298e-09 0.00000000000000e+00 -1.41977972008241e-18 -9.55332101170425e-09 0.00000000000000e+00 1.89366444755921e-10 1.42690556451624e+00 1.80968270579929e+00 2.26706441168838e+00 2.79928317300244e+00 1.42690552222333e+00 1.80968265645012e+00 2.26706435612344e+00 2.79928311298566e+00 1.42690552222333e+00 1.80968265645012e+00 2.26706435612344e+00 2.79928311298566e+00 1.42690551209090e+00 1.80968264309740e+00 2.26706434452376e+00 2.79928309734332e+00
 6.78476464007446e-01 9.86708133517757e-01 1.40497717691641e+00 1.95125248784037e+00 2.63611298517387e+00 3.46102835819280e+00 4.42030836951601e+00 5.50634850513478e+00 -5.60705129438186e-18 -3.06635617661508e-18 0.00000000000000e+00 1.00740943226906e-17 -2.20370813308856e-18 0.00000000000000e+00 0.00000000000000e+00 -1.13124719097178e-18 0.00000000000000e+00 1.62599417138164e-17 -3.30280066061895e-18 0.00000000000000e+00 0.00000000000000e+00 4.10821348300278e-18 0.00000000000000e+00 -5.24882329007406e-17 6.15096479305554e-18 0.00000000000000e+00 0.00000000000000e+00 2.07249750755961e-18 -1.20605970078455e-10 0.00000000000000e+00 3.23821091566592e-10 0.00000000000000e+00 -2.13249165106768e-18 -4.12227219565327e-09 0.00000000000000e+00 2.93875291132668e-09 0.00000000000000e+00 2.47856405325392e-18 -2.75940643020287e-08 0.00000000000000e+00 1.90359508425316e-09 2.18190803625338e+00 2.76427392295659e+00 3.46025660894712e+00 4.27098242636820e+00 2.18190797313136e+00 2.76427384807219e+00 3.46025652820870e+00 4.27098233669995e+00 2.18190797313136e+00 2.76427384807219e+00 3.46025652820870e+00 4.27098233669995e+00 2.18190795688936e+00 2.76427383024289e+00 3.46025651234547e+00 4.27098231220652e+00
 8.13711259844221e-01 1.20344558417211e+00 1.75017046768878e+00 2.49207403528351e+00 3.46102835819280e+00 4.67579755806730e+00 6.13898787510605e+00 7.84050955818500e+00 0.00000000000000e+00 -3.07807768338522e-18 0.00000000000000e+00 -2.62178615271645e-17 -1.02413521590486e-18 0.00000000000000e+00 -1.17762972058299e-17 -2.57606501377528e-18 0.00000000000000e+00 -2.11582742149047e-17 -1.98358820764731e-18 0.00000000000000e+00 0.00000000000000e+00 -1.18795980585126e-18 0.00000000000000e+00 -3.41501969784427e-17 -7.47035558903433e-18 0.00000000000000e+00 0.00000000000000e+00 -3.11695141931537e-18 -4.53512677306733e-09 0.00000000000000e+00 1.64938768360900e-09 0.00000000000000e+00 8.38187327862622e-18 4.37136692110574e-11 0.00000000000000e+00 7.00949788420732e-09 0.00000000000000e+00 -4.66528500128598e-18 -3.28832500419193e-08 0.00000000000000e+00 4.28743829821188e-09 3.31726828115159e+00 4.19687331810606e+00 5.24887196665229e+00 6.47680912729301e+00 3.31726818963947e+00 4.19687320844787e+00 5.24887184549661e+00 6.47680899385746e+00 3.31726818963947e+00 4.19687320844787e+00 5.24887184549661e+00 6.47680899385746e+00 3.31726816767429e+00 4.19687318170534e+00 5.24887182520726e+00 6.47680896010673e+00
 9.63637236838427e-01 1.44331772466101e+00 2.13460758474435e+00 3.10435920446763e+00 4.42030836951601e+00 6.13898787510605e+00 8.29367993054466e+00 1.08890114082467e+01 0.00000000000000e+00 -4.30204616865172e-18 0.00000000000000e+00 -1.70580163595785e-17 1.33265752809207e-18 0.00000000000000e+00 0.00000000000000e+00 -2.87323591663128e-18 0.00000000000000e+00 2.75322369312496e-17 -6.88305923281239e-18 0.00000000000000e+00 0.00000000000000e+00 -7.72917264123034e-19 0.00000000000000e+00 0.00000000000000e+00 6.24909325084283e-18 0.00000000000000e+00 0.00000000000000e+00 -8.04133762709078e-18 -1.06259589177234e-09 0.00000000000000e+00 -8.43427466460243e-09 0.00000000000000e+00 8.59333525971395e-19 -3.58239239709205e-09 0.00000000000000e+00 8.49815380307360e-09 0.00000000000000e+00 1.59201254040819e-17 -4.69524364782642e-08 0.00000000000000e+00 1.10229434535527e-08 4.98448523097028e+00 6.29816872490887e+00 7.87243752805174e+00 9.71669155485826e+00 4.98448510914600e+00 6.29816857978146e+00 7.87243737040966e+00 9.71669137685775e+00 4.98448510914600e+00 6.29816857978146e+00 7.87243737040966e+00 9.71669137685775e+00 4.98448507392264e+00 6.29816853773697e+00 7.87243732929140e+00 9.71669132191672e+00
 1.13091904964875e+00 1.70924880491700e+00 2.56008055795351e+00 3.78625413227973e+00 5.50634850513478e+00 7.84050955818500e+00 1.08890114082467e+01 1.47108943570960e+01 0.00000000000000e+00 1.93036007147105e-19 0.00000000000000e+00 0.00000000000000e+00 1.73412266231987e-18 0.00000000000000e+00 0.00000000000000e+00 -1.86940133237196e-18 0.00000000000000e+00 0.00000000000000e+00 1.11957392935739e-18 0.00000000000000e+00 0.00000000000000e+00 4.02303912463674e-18 0.00000000000000e+00 5.78250113689150e-17 7.22812642111437e-18 0.00000000000000e+00 0.00000000000000e+00 -9.36235003522987e-18 1.25727699327052e-08 0.00000000000000e+00 -1.02326626247082e-09 0.00000000000000e+00 -1.69881763328549e-18 4.44915220677441e-09 0.00000000000000e+00 1.55291983902881e-08 0.00000000000000e+00 1.15470022008689e-17 -4.73758338509464e-08 0.00000000000000e+00 1.49401412784573e-08 7.33696552799833e+00 9.26699607890634e+00 1.15891367609724e+01 1.43257292204788e+01 7.33696536216407e+00 9.26699588381453e+00 1.15891365472677e+01 1.43257289797540e+01 7.33696536216407e+00 9.26699588381453e+00 1.15891365472677e+01 1.43257289797540e+01 7.33696532455270e+00 9.26699583289556e+00 1.15891364994575e+01 1.43257289184715e+01
 -1.95564265654667e-18 -2.54478302086528e-18 0.00000000000000e+00 4.30896803335708e-18 -5.60705129438186e-18 0.00000000000000e+00 0.00000000000000e+00 0.00000000000000e+00 3.00381186907744e-01 1.38710694819250e-19 0.00000000000000e+00 3.93888297606073e-01 8.08869209014927e-20 0.00000000000000e+00 4.69749022083358e-01 -1.53183740539080e-19 0.00000000000000e+00 5.14308837112435e-01 -9.46812922706583e-20 0.00000000000000e+00 5.23968050410652e-01 -2.81583367111797e-19 0.00000000000000e+00 5.04313500554711e-01 1.09512321761676e-19 0.00000000000000e+00 0.00000000000000e+00 1.85140507923860e-19 -2.28033967120522e-19 0.00000000000000e+00 -1.57986566761694e-18 0.00000000000000e+00 -2.22656759095186e-19 0.00000000000000e+00 0.00000000000000e+00 -1.48052286567189e-18 0.00000000000000e+00 -5.41963590814049e-21 0.00000000000000e+00 0.00000000000000e+00 1.38742679248396e-18 -1.28840852752585e-01 -1.51458551750869e-01 -1.71366658712160e-01 -1.86261039938866e-01 6.44195510541308e-02 7.57282473750697e-02 8.56821662988634e-02 9.31292566012207e-02 6.44195510541308e-02 7.57282473750697e-02 8.56821662988634e-02 9.31292566012207e-02 1.68352065684300e-06 1.97905026250835e-06 2.23887140818940e-06 2.43347946630450e-06
 3.97239914611042e-19 -1.59048938804080e-19 1.13829472209656e-18 -6.73276255212044e-20 -3.06635617661508e-18 -3.07807768338522e-18 -4.30204616865172e-18 1.93036007147105e-19 1.38710694819250e-19 3.00381186907744e-01 0.00000000000000e+00 -3.11888307620170e-19 3.93888297606073e-01 0.00000000000000e+00 -2.04244987385439e-19 4.69749022083358e-01 0.00000000000000e+00 -1.48784887853892e-19 5.14308837112435e-01 0.00000000000000e+00 -1.38942637055165e-19 5.23968050410652e-01 0.00000000000000e+00 4.87644249664669e-20 5.04313500554711e-01 0.00000000000000e+00 0.00000000000000e+00 -1.57986566761694e-18 7.41110393141695e-19 0.00000000000000e+00 -2.43768335433082e-19 0.00000000000000e+00 -1.48052286567189e-18 -1.06847534379633e-19 0.00000000000000e+00 2.89164622201541e-21 0.00000000000000e+00 1.38742679248396e-18 0.00000000000000e+00 0.00000000000000e+00 3.88858876409080e-19 2.56426627932771e-20 3.84499434153136e-20 -3.29196346670450e-20 6.08790770742465e-20 1.11578989836821e-01 1.31166411755137e-01 1.48407268022205e-01 1.61306128574664e-01 -1.11578989836821e-01 -1.31166411755137e-01 -1.48407268022205e-01 -1.61306128574664e-01 -4.01966065408128e-20 2.13610796751742e-20 -6.58392693340899e-21 -2.53662821142694e-20
 0.00000000000000e+00 0.00000000000000e+00 0.00000000000000e+00 0.00000000000000e+00 0.00000000000000e+00 0.00000000000000e+00 0.00000000000000e+00 0.00000000000000e+00 0.00000000000000e+00 0.00000000000000e+00 3.00381186907744e-01 0.00000000000000e+00 0.00000000000000e+00 3.93888297606073e-01 0.00000000000000e+00 0.00000000000000e+00 4.69749022083358e-01 0.00000000000000e+00 0.00000000000000e+00 5.14308837112435e-01 0.00000000000000e+00 0.00000000000000e+00 5.23968050410652e-01 0.00000000000000e+00 0.00000000000000e+00 5.04313500554711e-01 -6.47991777733509e-20 0.00000000000000e+00 0.00000000000000e+00 8.94845788298656e-19 0.00000000000000e+00 -8.81952097714700e-20 0.00000000000000e+00 0.00000000000000e+00 -4.65555041744481e-19 0.00000000000000e+00 7.85847206680371e-20 0.00000000000000e+00 0.00000000000000e+00 -1.73428349060496e-19 0.00000000000000e+00 4.55503610387239e-02 5.35466163363685e-02 6.05849231242902e-02 6.58506788484363e-02 4.55527097994561e-02 5.35493779161575e-02 6.05880482217583e-02 6.58540759807299e-02 4.55527097994561e-02 5.35493779161575e-02 6.05880482217583e-02 6.58540759807298e-02 -1.36655765984068e-01 -1.60645355744004e-01 -1.81761002021796e-01 -1.97558812202967e-01
 0.00000000000000e+00 0.00000000000000e+00 0.00000000000000e+00 0.00000000000000e+00 1.00740943226906e-17 -2.62178615271645e-17 -1.70580163595785e-17 0.00000000000000e+00 3.93888297606073e-01 -3.11888307620170e-19 0.00000000000000e+00 5.69827593860945e-01 -1.95080148207888e-19 0.00000000000000e+00 7.47212065793631e-01 4.17538618087996e-19 0.00000000000000e+00 8.91121038066718e-01 1.55319906061667e-19 0.00000000000000e+00 9.75651722803110e-01 -3.79674354970059e-21 0.00000000000000e+00 9.93975240895219e-01 -1.57748227781929e-20 0.00000000000000e+00 0.00000000000000e+00 -3.32638822413595e-19 -6.14557163722909e-19 0.00000000000000e+00 2.83851795126268e-18 0.00000000000000e+00 1.15337256384874e-18 -3.83942319402665e-19 0.00000000000000e+00 0.00000000000000e+00 0.00000000000000e+00 -8.95837880365347e-19 1.79899910044938e-19 0.00000000000000e+00 0.00000000000000e+00 -2.81424408499141e-01 -3.29842592906149e-01 -3.72507953854638e-01 -4.04598387347718e-01 1.40710292543260e-01 1.64919056970232e-01 1.86251449013539e-01 2.02296449439459e-01 1.40710292543260e-01 1.64919056970232e-01 1.86251449013539e-01 2.02296449439459e-01 3.67722342761818e-06 4.30978931049376e-06 4.86672893956014e-06 5.28572669723432e-06
 3.84307669163381e-19 2.85760541024761e-19 -5.57769516633369e-19 3.26609299418773e-18 -2.20370813308856e-18 -1.02413521590486e-18 1.33265752809207e-18 1.73412266231987e-18 8.08869209014927e-20 3.93888297606073e-01 0.00000000000000e+00 -1.95080148207888e-19 5.69827593860945e-01 0.00000000000000e+00 -4.93989350977348e-20 7.47212065793632e-01 0.00000000000000e+00 -4.06790230161508e-19 8.91121038066718e-01 0.00000000000000e+00 3.66385752546106e-19 9.75651722803110e-01 0.00000000000000e+00 -1.57748227781929e-20 9.93975240895219e-01 0.00000000000000e+00 0.00000000000000e+00 0.00000000000000e+00 -8.19409551630546e-19 0.00000000000000e+00 1.15314791770046e-18 0.00000000000000e+00 5.32006083505003e-18 4.79927899253331e-19 0.00000000000000e+00 -2.96136198826027e-19 0.00000000000000e+00 4.98553255159845e-18 4.49749775112345e-19 0.00000000000000e+00 3.02467001726615e-19 -1.48176674006541e-19 2.68653636517438e-20 1.77438454167496e-20 2.00530750114802e-19 2.43719678829697e-01 2.85650885325408e-01 3.22600021811204e-01 3.50391040324562e-01 -2.43719678829697e-01 -2.85650885325408e-01 -3.22600021811204e-01 -3.50391040324562e-01 -2.11680962866487e-20 -1.22813090979400e-19 -5.32315362502489e-20 0.00000000000000e+00
 0.00000000000000e+00 0.00000000000000e+00 0.00000000000000e+00 0.00000000000000e+00 0.00000000000000e+00 0.00000000000000e+00 0.00000000000000e+00 0.00000000000000e+00 0.00000000000000e+00 0.00000000000000e+00 3.93888297606073e-01 0.00000000000000e+00 0.00000000000000e+00 5.69827593860945e-01 0.00000000000000e+00 0.00000000000000e+00 7.47212065793631e-01 0.00000000000000e+00 0.00000000000000e+00 8.91121038066718e-01 0.00000000000000e+00 0.00000000000000e+00 9.75651722803110e-01 0.00000000000000e+00 0.00000000000000e+00 9.93975240895219e-01 -2.55023097183756e-19 0.00000000000000e+00 0.00000000000000e+00 3.76990665402074e-19 0.00000000000000e+00 2.59768595461427e-21 0.00000000000000e+00 0.00000000000000e+00 6.39030744835111e-19 0.00000000000000e+00 2.06919075627866e-19 0.00000000000000e+00 0.00000000000000e+00 2.82383679680381e-19 0.00000000000000e+00 9.94947110200957e-02 1.16612463053677e-01 1.31696363401371e-01 1.43041606725323e-01 9.94998415966595e-02 1.16618477442068e-01 1.31703156600787e-01 1.43048986320102e-01 9.94998415966595e-02 1.16618477442068e-01 1.31703156600787e-01 1.43048986320102e-01 -2.98494363033530e-01 -3.49849382837681e-01 -3.95102639617985e-01 -4.29139540352055e-01
 0.00000000000000e+00 0.00000000000000e+00 5.34472035383135e-18 1.39096511953983e-17 0.00000000000000e+00 -1.17762972058299e-17 0.00000000000000e+00 0.00000000000000e+00 4.69749022083358e-01 -2.04244987385439e-19 0.00000000000000e+00 7.47212065793631e-01 -4.93989350977348e-20 0.00000000000000e+00 1.08097172989313e+00 3.50790536139275e-19 0.00000000000000e+00 1.41747285710931e+00 -1.44276254888622e-19 0.00000000000000e+00 1.69047047369490e+00 2.60924095682542e-19 0.00000000000000e+00 1.85082616582801e+00 -3.87600889749258e-19 0.00000000000000e+00 0.00000000000000e+00 2.98823275947282e-19 3.68054824124351e-19 0.00000000000000e+00 0.00000000000000e+00 0.00000000000000e+00 -9.70781440429594e-19 -6.89822678100085e-19 0.00000000000000e+00 0.00000000000000e+00 0.00000000000000e+00 -9.18485664432230e-19 -3.23223128750787e-19 0.00000000000000e+00 0.00000000000000e+00 -6.01055511165072e-01 -7.01689518762387e-01 -7.90817440408203e-01 -8.58735284291624e-01 3.00523673691830e-01 3.50839996514014e-01 3.95403354666234e-01 4.29361818686548e-01 3.00523673691829e-01 3.50839996514014e-01 3.95403354666234e-01 4.29361818686548e-01 7.85388046781104e-06 9.16826791217288e-06 1.03321746004806e-05 1.12191158850068e-05
 9.86398708345908e-20 7.70131703682915e-19 -1.83724762162953e-18 -2.39072129920908e-18 -1.13124719097178e-18 -2.57606501377528e-18 -2.87323591663128e-18 -1.86940133237196e-18 -1.53183740539080e-19 4.69749022083358e-01 0.00000000000000e+00 4.17538618087996e-19 7.47212065793632e-01 0.00000000000000e+00 3.50790536139275e-19 1.08097172989313e+00 0.00000000000000e+00 3.83471098519759e-19 1.41747285710931e+00 0.00000000000000e+00 3.27434159287896e-19 1.69047047369490e+00 0.00000000000000e+00 -2.89551652816639e-19 1.85082616582801e+00 0.00000000000000e+00 0.00000000000000e+00 5.09991724283362e-18 -7.36109648248701e-19 0.00000000000000e+00 -3.18744827677101e-19 0.00000000000000e+00 0.00000000000000e+00 5.17367008575063e-19 0.00000000000000e+00 -1.07346024662888e-18 0.00000000000000e+00 0.00000000000000e+00 0.00000000000000e+00 0.00000000000000e+00 -2.27434545478457e-19 -5.81671402574859e-20 -1.86178673379413e-19 4.67574319762098e-19 3.11159727268371e-19 5.20527191014352e-01 6.07678442751746e-01 6.84865173535360e-01 7.43683513964946e-01 -5.20527191014351e-01 -6.07678442751746e-01 -6.84865173535360e-01 -7.43683513964946e-01 0.00000000000000e+00 1.51701141272114e-19 0.00000000000000e+00 1.80145105260636e-19
 0.00000000000000e+00 0.00000000000000e+00 0.00000000000000e+00 0.00000000000000e+00 0.00000000000000e+00 0.00000000000000e+00 0.00000000000000e+00 0.00000000000000e+00 0.00000000000000e+00 0.00000000000000e+00 4.69749022083358e-01 0.00000000000000e+00 0.00000000000000e+00 7.47212065793631e-01 0.00000000000000e+00 0.00000000000000e+00 1.08097172989313e+00 0.00000000000000e+00 0.00000000000000e+00 1.41747285710931e+00 0.00000000000000e+00 0.00000000000000e+00 1.69047047369490e+00 0.00000000000000e+00 0.00000000000000e+00 1.85082616582801e+00 -3.73529094934103e-19 0.00000000000000e+00 0.00000000000000e+00 -1.31482241416804e-18 0.00000000000000e+00 3.12703637061456e-19 0.00000000000000e+00 0.00000000000000e+00 1.12013243126492e-19 0.00000000000000e+00 6.16697517547354e-19 0.00000000000000e+00 0.00000000000000e+00 1.36460727287074e-18 0.00000000000000e+00 2.12497006742142e-01 2.48075127037109e-01 2.79585388548636e-01 3.03597045315457e-01 2.12507965208033e-01 2.48087922529125e-01 2.79599811306232e-01 3.03612708640936e-01 2.12507965208033e-01 2.48087922529125e-01 2.79599811306232e-01 3.03612708640936e-01 -6.37512871820541e-01 -7.44250898873173e-01 -8.38784933373379e-01 -9.10822380758418e-01
 0.00000000000000e+00 0.00000000000000e+00 0.00000000000000e+00 0.00000000000000e+00 1.62599417138164e-17 -2.11582742149047e-17 2.75322369312496e-17 0.00000000000000e+00 5.14308837112435e-01 -1.48784887853892e-19 0.00000000000000e+00 8.91121038066718e-01 -4.06790230161508e-19 0.00000000000000e+00 1.41747285710931e+00 3.83471098519759e-19 0.00000000000000e+00 2.05062014576822e+00 -1.22787809732961e-18 0.00000000000000e+00 2.68896817061862e+00 6.25063885445444e-19 0.00000000000000e+00 3.20684830615493e+00 7.37684268220246e-19 0.00000000000000e+00 0.00000000000000e+00 -3.93719869336326e-19 -6.61277883772020e-19 0.00000000000000e+00 0.00000000000000e+00 0.00000000000000e+00 -1.30813995861839e-18 1.23939275035246e-18 0.00000000000000e+00 0.00000000000000e+00 0.00000000000000e+00 -1.32018213948578e-18 1.16145906836030e-18 0.00000000000000e+00 1.60936489384933e-17 -1.22352300294909e+00 -1.42409428605883e+00 -1.60433860452086e+00 -1.74570588719963e+00 6.11753196835910e-01 7.12037481177636e-01 8.02158421905733e-01 8.72841109378139e-01 6.11753196835910e-01 7.12037481177636e-01 8.02158421905733e-01 8.72841109378139e-01 1.59869846345348e-05 1.86067229968335e-05 2.09598379179796e-05 2.28057160304858e-05
 6.64592209831410e-19 2.30613769949807e-19 4.80138437710129e-18 -1.95244025643451e-18 -3.30280066061895e-18 -1.98358820764731e-18 -6.88305923281239e-18 1.11957392935739e-18 -9.46812922706583e-20 5.14308837112435e-01 0.00000000000000e+00 1.55319906061667e-19 8.91121038066718e-01 0.00000000000000e+00 -1.44276254888622e-19 1.41747285710931e+00 0.00000000000000e+00 -1.22787809732961e-18 2.05062014576822e+00 0.00000000000000e+00 -7.47625431611217e-19 2.68896817061862e+00 0.00000000000000e+00 -5.39500434967046e-19 3.20684830615493e+00 0.00000000000000e+00 0.00000000000000e+00 0.00000000000000e+00 9.91916825658030e-19 0.00000000000000e+00 3.22134438547903e-19 0.00000000000000e+00 0.00000000000000e+00 -1.54924093794058e-18 0.00000000000000e+00 -6.37298954198702e-19 0.00000000000000e+00 0.00000000000000e+00 -5.80729534180151e-19 0.00000000000000e+00 2.49891619259807e-18 2.09015836192626e-19 -2.47780797590018e-20 -1.33649549103939e-19 8.23871151986810e-19 1.05959763170147e+00 1.23329675054125e+00 1.38939227444274e+00 1.51181943834720e+00 -1.05959763170147e+00 -1.23329675054125e+00 -1.38939227444274e+00 -1.51181943834720e+00 5.06461449235979e-19 -2.10613677951515e-19 1.90927927291341e-19 5.59055424562478e-19
 0.00000000000000e+00 0.00000000000000e+00 0.00000000000000e+00 0.00000000000000e+00 0.00000000000000e+00 0.00000000000000e+00 0.00000000000000e+00 0.00000000000000e+00 0.00000000000000e+00 0.00000000000000e+00 5.14308837112435e-01 0.00000000000000e+00 0.00000000000000e+00 8.91121038066718e-01 0.00000000000000e+00 0.00000000000000e+00 1.41747285710931e+00 0.00000000000000e+00 0.00000000000000e+00 2.05062014576822e+00 0.00000000000000e+00 0.00000000000000e+00 2.68896817061862e+00 0.00000000000000e+00 0.00000000000000e+00 3.20684830615493e+00 3.04238080850797e-19 0.00000000000000e+00 0.00000000000000e+00 1.32433046958582e-18 0.00000000000000e+00 -1.67710251104922e-20 0.00000000000000e+00 0.00000000000000e+00 4.69588703093781e-19 0.00000000000000e+00 2.82896172746952e-19 0.00000000000000e+00 0.00000000000000e+00 -2.45176683047358e-18 0.00000000000000e+00 4.32563999412077e-01 5.03473918292838e-01 5.67197446152949e-01 6.17176397615867e-01 4.32586309965012e-01 5.03499888929798e-01 5.67226708157456e-01 6.17208243049284e-01 4.32586309965012e-01 5.03499888929798e-01 5.67226708157456e-01 6.17208243049284e-01 -1.29773649152798e+00 -1.51047355202375e+00 -1.70165070942267e+00 -1.85159272116280e+00
 0.00000000000000e+00 0.00000000000000e+00 0.00000000000000e+00 0.00000000000000e+00 0.00000000000000e+00 0.00000000000000e+00 0.00000000000000e+00 0.00000000000000e+00 5.23968050410652e-01 -1.38942637055165e-19 0.00000000000000e+00 9.75651722803110e-01 3.66385752546106e-19 0.00000000000000e+00 1.69047047369490e+00 3.27434159287896e-19 0.00000000000000e+00 2.68896817061862e+00 -7.47625431611217e-19 0.00000000000000e+00 3.89005836935127e+00 -2.26259876297404e-18 0.00000000000000e+00 5.10101342604537e+00 -1.83476784812727e-18 0.00000000000000e+00 0.00000000000000e+00 -2.70094301347439e-18 5.94053400341057e-19 0.00000000000000e+00 -1.64628907487962e-17 0.00000000000000e+00 1.08475982817234e-18 2.22679601351606e-18 0.00000000000000e+00 1.54276953340066e-17 0.00000000000000e+00 5.64749748556493e-19 0.00000000000000e+00 0.00000000000000e+00 -2.89151871260924e-17 -2.28716803944951e+00 -2.66569382355076e+00 -3.01619144892961e+00 -3.30553793246159e+00 1.14356850786730e+00 1.33282883843535e+00 1.50807527856433e+00 1.65274656915199e+00 1.14356850786730e+00 1.33282883843535e+00 1.50807527856433e+00 1.65274656915199e+00 2.98853710431351e-05 3.48282858970463e-05 3.94048511595224e-05 4.31811674120582e-05
 4.77624637725387e-19 -1.03584965992439e-19 -1.21311086978409e-18 -1.75395820994606e-18 4.10821348300278e-18 -1.18795980585126e-18 -7.72917264123034e-19 4.02303912463674e-18 -2.81583367111797e-19 5.23968050410652e-01 0.00000000000000e+00 -3.79674354970059e-21 9.75651722803110e-01 0.00000000000000e+00 2.60924095682542e-19 1.69047047369490e+00 0.00000000000000e+00 6.25063885445444e-19 2.68896817061862e+00 0.00000000000000e+00 -2.26259876297404e-18 3.89005836935127e+00 0.00000000000000e+00 -3.73382675292746e-18 5.10101342604537e+00 0.00000000000000e+00 0.00000000000000e+00 0.00000000000000e+00 -7.42566750426322e-18 0.00000000000000e+00 4.82311252406140e-18 0.00000000000000e+00 0.00000000000000e+00 -3.34019402027409e-18 0.00000000000000e+00 -1.77780082950467e-18 0.00000000000000e+00 2.89151871260924e-17 0.00000000000000e+00 0.00000000000000e+00 4.88508532501366e-18 5.77746494325366e-20 1.11295893118298e-19 2.74429584804549e-19 3.17193295387148e-19 1.98073747512695e+00 2.30854908174845e+00 2.61208769464027e+00 2.86266808573786e+00 -1.98073747512695e+00 -2.30854908174845e+00 -2.61208769464027e+00 -2.86266808573786e+00 5.34415507250964e-19 1.04618139531200e-18 -1.71518490502843e-19 9.51579886161445e-19
 0.00000000000000e+00 0.00000000000000e+00 0.00000000000000e+00 0.00000000000000e+00 0.00000000000000e+00 0.00000000000000e+00 0.00000000000000e+00 0.00000000000000e+00 0.00000000000000e+00 0.00000000000000e+00 5.23968050410652e-01 0.00000000000000e+00 0.00000000000000e+00 9.75651722803110e-01 0.00000000000000e+00 0.00000000000000e+00 1.69047047369490e+00 0.00000000000000e+00 0.00000000000000e+00 2.68896817061862e+00 0.00000000000000e+00 0.00000000000000e+00 3.89005836935127e+00 0.00000000000000e+00 0.00000000000000e+00 5.10101342604537e+00 -1.06108475529351e-18 0.00000000000000e+00 0.00000000000000e+00 -1.35047150673719e-18 0.00000000000000e+00 -3.01322174492317e-20 0.00000000000000e+00 0.00000000000000e+00 1.80793304695390e-18 0.00000000000000e+00 -1.94838663251990e-18 0.00000000000000e+00 0.00000000000000e+00 -2.59784884335987e-18 0.00000000000000e+00 8.08604784001399e-01 9.42428688022813e-01 1.06634352428058e+00 1.16863900490846e+00 8.08646498518418e-01 9.42477313521668e-01 1.06639854908414e+00 1.16869931404489e+00 8.08646498518418e-01 9.42477313521668e-01 1.06639854908414e+00 1.16869931404489e+00 -2.42589755919062e+00 -2.82738306031765e+00 -3.19914034992683e+00 -3.50603734226917e+00
 -4.57674728828929e-18 0.00000000000000e+00 0.00000000000000e+00 -2.01683653155902e-17 -5.24882329007406e-17 -3.41501969784427e-17 0.00000000000000e+00 5.78250113689150e-17 5.04313500554711e-01 4.87644249664669e-20 0.00000000000000e+00 9.93975240895219e-01 -1.57748227781929e-20 0.00000000000000e+00 1.85082616582801e+00 -2.89551652816639e-19 0.00000000000000e+00 3.20684830615493e+00 -5.39500434967046e-19 0.00000000000000e+00 5.10101342604537e+00 -3.73382675292746e-18 0.00000000000000e+00 7.37949796450394e+00 7.46376541608545e-19 0.00000000000000e+00 0.00000000000000e+00 -1.44426746327520e-18 -1.06732570714080e-18 0.00000000000000e+00 1.47892988239380e-17 0.00000000000000e+00 -1.84069356300419e-18 0.00000000000000e+00 0.00000000000000e+00 0.00000000000000e+00 0.00000000000000e+00 -1.01467633110018e-19 -1.87463568928330e-18 0.00000000000000e+00 0.00000000000000e+00 -3.79558812943954e+00 -4.45882015137931e+00 -5.10155966475874e+00 -5.67059796443600e+00 1.89776834476754e+00 2.22937986783004e+00 2.55074528040170e+00 2.83526058659348e+00 1.89776834476754e+00 2.22937986783004e+00 2.55074528040170e+00 2.83526058659348e+00 4.95954545582373e-05 5.82560047132654e-05 6.66490713477078e-05 7.40739645234408e-05
 6.43605087415682e-19 3.72218716410215e-19 -2.42175089195898e-18 6.30261416112194e-19 6.15096479305554e-18 -7.47035558903433e-18 6.24909325084283e-18 7.22812642111437e-18 1.09512321761676e-19 5.04313500554711e-01 0.00000000000000e+00 -1.57748227781929e-20 9.93975240895219e-01 0.00000000000000e+00 -3.87600889749258e-19 1.85082616582801e+00 0.00000000000000e+00 7.37684268220246e-19 3.20684830615493e+00 0.00000000000000e+00 -1.83476784812727e-18 5.10101342604537e+00 0.00000000000000e+00 7.46376541608545e-19 7.37949796450394e+00 0.00000000000000e+00 0.00000000000000e+00 -2.95785976478761e-17 -2.13465141428161e-18 0.00000000000000e+00 2.88853492655039e-20 0.00000000000000e+00 -2.77186795370043e-17 4.00084677306760e-18 0.00000000000000e+00 -4.22276758571550e-18 0.00000000000000e+00 0.00000000000000e+00 9.37317844641648e-18 0.00000000000000e+00 1.52201449665027e-18 2.85457525272521e-19 1.19978070412009e-19 1.23265749549498e-19 -3.89428820212312e-18 3.28706225969044e+00 3.86143569893004e+00 4.41806218034125e+00 4.91086180790925e+00 -3.28706225969044e+00 -3.86143569893004e+00 -4.41806218034125e+00 -4.91086180790925e+00 -2.59506841156837e-20 -5.39901316854040e-19 -8.01227372071734e-19 1.32975694706643e-18
 0.00000000000000e+00 0.00000000000000e+00 0.00000000000000e+00 0.00000000000000e+00 0.00000000000000e+00 0.00000000000000e+00 0.00000000000000e+00 0.00000000000000e+00 0.00000000000000e+00 0.00000000000000e+00 5.04313500554711e-01 0.00000000000000e+00 0.00000000000000e+00 9.93975240895219e-01 0.00000000000000e+00 0.00000000000000e+00 1.85082616582801e+00 0.00000000000000e+00 0.00000000000000e+00 3.20684830615493e+00 0.00000000000000e+00 0.00000000000000e+00 5.10101342604537e+00 0.00000000000000e+00 0.00000000000000e+00 7.37949796450394e+00 -8.08789779434111e-19 0.00000000000000e+00 0.00000000000000e+00 -4.10171959570156e-18 0.00000000000000e+00 2.16552183882846e-19 0.00000000000000e+00 0.00000000000000e+00 1.67827942509206e-18 0.00000000000000e+00 -3.34843189263059e-18 0.00000000000000e+00 0.00000000000000e+00 1.42054686354025e-18 0.00000000000000e+00 1.34189122674637e+00 1.57637010168463e+00 1.80360405726251e+00 2.00478170896881e+00 1.34196046680491e+00 1.57645144663697e+00 1.80369713846184e+00 2.00488518165672e+00 1.34196046680491e+00 1.57645144663697e+00 1.80369713846184e+00 2.00488518165672e+00 -4.02581182040027e+00 -4.72927260344559e+00 -5.41099790405673e+00 -6.01455159833984e+00
 0.00000000000000e+00 0.00000000000000e+00 0.00000000000000e+00 0.00000000000000e+00 0.00000000000000e+00 0.00000000000000e+00 0.00000000000000e+00 0.00000000000000e+00 0.00000000000000e+00 0.00000000000000e+00 -6.47991777733509e-20 0.00000000000000e+00 0.00000000000000e+00 -2.55023097183756e-19 0.00000000000000e+00 0.00000000000000e+00 -3.73529094934103e-19 0.00000000000000e+00 0.00000000000000e+00 3.04238080850797e-19 0.00000000000000e+00 0.00000000000000e+00 -1.06108475529351e-18 0.00000000000000e+00 0.00000000000000e+00 -8.08789779434111e-19 1.16836058161111e+00 0.00000000000000e+00 0.00000000000000e+00 -7.30677812543798e-19 0.00000000000000e+00 1.55280695927777e+00 0.00000000000000e+00 0.00000000000000e+00 -7.54030617850896e-19 0.00000000000000e+00 1.61190692172382e+00 0.00000000000000e+00 0.00000000000000e+00 -2.04872476355636e-19 0.00000000000000e+00 -3.18263819956291e-01 -3.37353393230359e-01 -3.41407755277587e-01 -3.29769722816267e-01 1.59137963059776e-01 1.68683113647904e-01 1.70710373328877e-01 1.64891136657821e-01 1.59137963059776e-01 1.68683113647904e-01 1.70710373328877e-01 1.64891136657821e-01 -1.24762243114384e-05 -1.32245688799644e-05 -1.33828605249512e-05 -1.29272804451984e-05
 -2.35199116316341e-19 8.50804297561980e-20 1.42079168444163e-18 4.96216696468928e-19 2.07249750755961e-18 -3.11695141931537e-18 -8.04133762709078e-18 -9.36235003522987e-18 1.85140507923860e-19 -1.57986566761694e-18 0.00000000000000e+00 -3.32638822413595e-19 0.00000000000000e+00 0.00000000000000e+00 2.98823275947282e-19 5.09991724283362e-18 0.00000000000000e+00 -3.93719869336326e-19 0.00000000000000e+00 0.00000000000000e+00 -2.70094301347439e-18 0.00000000000000e+00 0.00000000000000e+00 -1.44426746327520e-18 -2.95785976478761e-17 0.00000000000000e+00 0.00000000000000e+00 1.16836058161111e+00 3.25287349793194e-20 0.00000000000000e+00 -3.52133885563276e-20 0.00000000000000e+00 1.55280695927777e+00 1.22314283975573e-18 0.00000000000000e+00 9.96574383330287e-19 0.00000000000000e+00 1.61190692172382e+00 9.64119499798861e-20 0.00000000000000e+00 2.38115934783154e-19 -4.30247063987134e-19 -1.95016251910190e-19 3.45621262798488e-19 -1.62107259400345e-19 3.89800151710269e-01 4.13180502458947e-01 4.18146169215110e-01 4.03892253388265e-01 -3.89800151710269e-01 -4.13180502458947e-01 -4.18146169215110e-01 -4.03892253388265e-01 -8.92723113006393e-20 -1.36663732783938e-19 -2.72364582096635e-20 -1.09458584751349e-19
 6.96344629449837e-10 -8.53703179636701e-10 1.58071268510078e-09 6.87467786046561e-10 -1.20605970078455e-10 -4.53512677306733e-09 -1.06259589177234e-09 1.25727699327052e-08 -2.28033967120522e-19 7.41110393141695e-19 0.00000000000000e+00 -6.14557163722909e-19 -8.19409551630546e-19 0.00000000000000e+00 3.68054824124351e-19 -7.36109648248701e-19 0.00000000000000e+00 -6.61277883772020e-19 9.91916825658030e-19 0.00000000000000e+00 5.94053400341057e-19 -7.42566750426322e-18 0.00000000000000e+00 -1.06732570714080e-18 -2.13465141428161e-18 0.00000000000000e+00 0.00000000000000e+00 3.25287349793194e-20 1.16836059549756e+00 0.00000000000000e+00 8.67947652824546e-10 0.00000000000000e+00 1.16979704612153e-18 1.55280697308016e+00 0.00000000000000e+00 -1.02477442301942e-09 0.00000000000000e+00 1.02660872663768e-18 1.61190694201924e+00 0.00000000000000e+00 -3.25668476258393e-10 -2.92352769961913e-01 -3.09888189048002e-01 -3.13612471387042e-01 -3.02921934727422e-01 2.92352995639926e-01 3.09888431152446e-01 3.13612717843705e-01 3.02922173787047e-01 2.92352995639926e-01 3.09888431152446e-01 3.13612717843705e-01 3.02922173787047e-01 -2.92352755479895e-01 -3.09888177124634e-01 -3.13612462257446e-01 -3.02921928715520e-01
 0.00000000000000e+00 0.00000000000000e+00 0.00000000000000e+00 0.00000000000000e+00 0.00000000000000e+00 0.00000000000000e+00 0.00000000000000e+00 0.00000000000000e+00 0.00000000000000e+00 0.00000000000000e+00 8.94845788298656e-19 0.00000000000000e+00 0.00000000000000e+00 3.76990665402074e-19 0.00000000000000e+00 0.00000000000000e+00 -1.31482241416804e-18 0.00000000000000e+00 0.00000000000000e+00 1.32433046958582e-18 0.00000000000000e+00 0.00000000000000e+00 -1.35047150673719e-18 0.00000000000000e+00 0.00000000000000e+00 -4.10171959570156e-18 -7.30677812543798e-19 0.00000000000000e+00 0.00000000000000e+00 1.16836058161111e+00 0.00000000000000e+00 -4.28988972956746e-19 0.00000000000000e+00 0.00000000000000e+00 1.55280695927777e+00 0.00000000000000e+00 -2.02553165302553e-19 0.00000000000000e+00 0.00000000000000e+00 1.61190692172382e+00 0.00000000000000e+00 -1.70833393053715e-19 -6.09425787219343e-21 2.06621407107792e-20 4.34215873393782e-20 2.75637643574392e-01 2.92170487032973e-01 2.95681837036212e-01 2.85602528116016e-01 -2.75637643574392e-01 -2.92170487032973e-01 -2.95681837036212e-01 -2.85602528116016e-01 -2.40185028023149e-19 -1.17542998709931e-19 1.87133251664671e-19 -6.15139153974524e-19
 7.60851592632322e-11 -3.25661755772342e-10 -1.21739680575648e-09 3.20701792568291e-10 3.23821091566592e-10 1.64938768360900e-09 -8.43427466460243e-09 -1.02326626247082e-09 -1.57986566761694e-18 -2.43768335433082e-19 0.00000000000000e+00 2.83851795126268e-18 1.15314791770046e-18 0.00000000000000e+00 0.00000000000000e+00 -3.18744827677101e-19 0.00000000000000e+00 0.00000000000000e+00 3.22134438547903e-19 0.00000000000000e+00 -1.64628907487962e-17 4.82311252406140e-18 0.00000000000000e+00 1.47892988239380e-17 2.88853492655039e-20 0.00000000000000e+00 0.00000000000000e+00 -3.52133885563276e-20 8.67947652824546e-10 0.00000000000000e+00 1.16836059159526e+00 0.00000000000000e+00 -6.53383204964890e-19 -1.88007197779881e-09 0.00000000000000e+00 1.55280696904826e+00 0.00000000000000e+00 2.87594570582250e-19 -3.45313302741642e-10 0.00000000000000e+00 1.61190693939215e+00 -3.93850942194551e-01 -4.17474257753184e-01 -4.22491524313990e-01 -4.08089478308519e-01 -5.62592884923199e-02 -5.96337409911152e-02 -6.03504278424184e-02 -5.82931814840308e-02 -5.62592884923199e-02 -5.96337409911152e-02 -6.03504278424184e-02 -5.82931814840308e-02 5.06369826646945e-01 5.36742068151118e-01 5.43192717873649e-01 5.24676168958900e-01
 0.00000000000000e+00 0.00000000000000e+00 0.00000000000000e+00 0.00000000000000e+00 0.00000000000000e+00 0.00000000000000e+00 0.00000000000000e+00 0.00000000000000e+00 0.00000000000000e+00 0.00000000000000e+00 -8.81952097714700e-20 0.00000000000000e+00 0.00000000000000e+00 2.59768595461427e-21 0.00000000000000e+00 0.00000000000000e+00 3.12703637061456e-19 0.00000000000000e+00 0.00000000000000e+00 -1.67710251104922e-20 0.00000000000000e+00 0.00000000000000e+00 -3.01322174492317e-20 0.00000000000000e+00 0.00000000000000e+00 2.16552183882846e-19 1.55280695927777e+00 0.00000000000000e+00 0.00000000000000e+00 -4.28988972956746e-19 0.00000000000000e+00 2.67749301495283e+00 0.00000000000000e+00 0.00000000000000e+00 -6.67961583287807e-19 0.00000000000000e+00 3.55851668007274e+00 0.00000000000000e+00 0.00000000000000e+00 1.06210308670256e-18 0.00000000000000e+00 -8.17515509366149e-01 -8.75559916104929e-01 -8.99693327706169e-01 -8.85876454355919e-01 4.08773312569195e-01 4.37796622019322e-01 4.49863789432174e-01 4.42955093300374e-01 4.08773312569196e-01 4.37796622019322e-01 4.49863789432174e-01 4.42955093300374e-01 -3.20469815974294e-05 -3.43224208439657e-05 -3.52687600776761e-05 -3.47277719352526e-05
 5.14005561361582e-19 -8.81465266572096e-19 -9.42391025078649e-19 8.81277146305578e-19 -2.13249165106768e-18 8.38187327862622e-18 8.59333525971395e-19 -1.69881763328549e-18 -2.22656759095186e-19 -1.48052286567189e-18 0.00000000000000e+00 1.15337256384874e-18 5.32006083505003e-18 0.00000000000000e+00 -9.70781440429594e-19 0.00000000000000e+00 0.00000000000000e+00 -1.30813995861839e-18 0.00000000000000e+00 0.00000000000000e+00 1.08475982817234e-18 0.00000000000000e+00 0.00000000000000e+00 -1.84069356300419e-18 -2.77186795370043e-17 0.00000000000000e+00 0.00000000000000e+00 1.55280695927777e+00 1.16979704612153e-18 0.00000000000000e+00 -6.53383204964890e-19 0.00000000000000e+00 2.67749301495283e+00 1.00339844238326e-18 0.00000000000000e+00 -6.18482947488710e-20 0.00000000000000e+00 3.55851668007274e+00 2.87110680265618e-18 0.00000000000000e+00 -6.60735344524375e-19 -5.92930731556123e-20 8.95492273576825e-19 4.99914723043256e-19 -3.68933679037391e-19 1.00126893854476e+00 1.07236002549077e+00 1.10191792500821e+00 1.08499543315526e+00 -1.00126893854476e+00 -1.07236002549077e+00 -1.10191792500821e+00 -1.08499543315526e+00 4.46550957203205e-20 1.10794324664480e-19 8.44926292467475e-20 -8.00260553794340e-19
