pVp:
 -2.83458935448112e+03 -1.43488840309430e+03 8.25257105189679e+01 3.72887987489147e+01 0.00000000000000e+00 0.00000000000000e+00 0.00000000000000e+00 0.00000000000000e+00 0.00000000000000e+00 0.00000000000000e+00 0.00000000000000e+00 0.00000000000000e+00 1.18558996886505e-07 0.00000000000000e+00 0.00000000000000e+00 -1.72586097206640e-01 2.40074624720036e-01 5.69744629659227e-01 -1.61154347625808e+00 0.00000000000000e+00 -1.72586068645963e-01 2.40074628145141e-01 5.69773984843130e-01 8.05760705071736e-01 1.39563168373210e+00 -1.72586068645962e-01 2.40074628145141e-01 5.69773984843130e-01 8.05760705071737e-01 -1.39563168373210e+00 -1.72586069059616e-01 2.40074610342600e-01 -1.70929235124293e+00 2.10500733140613e-05 0.00000000000000e+00
 -1.43488840309430e+03 -7.99455715273817e+02 3.91818767870181e+01 2.19778675054672e+01 0.00000000000000e+00 0.00000000000000e+00 0.00000000000000e+00 0.00000000000000e+00 0.00000000000000e+00 0.00000000000000e+00 0.00000000000000e+00 0.00000000000000e+00 0.00000000000000e+00 0.00000000000000e+00 0.00000000000000e+00 -2.47256829314537e-01 2.64751713104832e-01 7.63210045885683e-01 -2.15876743357999e+00 0.00000000000000e+00 -2.47256791932025e-01 2.64751715134805e-01 7.63249361693871e-01 1.07936893849813e+00 1.86953954356453e+00 -2.47256791932025e-01 2.64751715134805e-01 7.63249361693871e-01 1.07936893849813e+00 -1.86953954356453e+00 -2.47256781569955e-01 2.64751720275542e-01 -2.28970841114966e+00 2.82040657582687e-05 0.00000000000000e+00
 8.25257105189679e+01 3.91818767870181e+01 -1.02724574576535e+01 -4.21919640440550e+00 0.00000000000000e+00 1.28646107562162e-07 0.00000000000000e+00 0.00000000000000e+00 0.00000000000000e+00 0.00000000000000e+00 0.00000000000000e+00 0.00000000000000e+00 0.00000000000000e+00 0.00000000000000e+00 0.00000000000000e+00 -9.27731799189704e-01 -7.53905102076492e-01 1.19494703543351e+00 -3.37995177947301e+00 0.00000000000000e+00 -9.27731759360756e-01 -7.53905113334946e-01 1.19500882887784e+00 1.68995305209847e+00 2.92711220190047e+00 -9.27731759360756e-01 -7.53905113334946e-01 1.19500882887784e+00 1.68995305209847e+00 -2.92711220190047e+00 -9.27731559769739e-01 -7.53904867486506e-01 -3.58496437105881e+00 4.40295822611699e-05 0.00000000000000e+00
 3.72887987489147e+01 2.19778675054672e+01 -4.21919640440550e+00 -2.74003073549466e+00 0.00000000000000e+00 0.00000000000000e+00 0.00000000000000e+00 0.00000000000000e+00 0.00000000000000e+00 0.00000000000000e+00 0.00000000000000e+00 0.00000000000000e+00 0.00000000000000e+00 0.00000000000000e+00 0.00000000000000e+00 -8.74943361800886e-01 -8.85475619115440e-01 6.57722203602385e-01 -1.86039114433228e+00 0.00000000000000e+00 -8.74943199441072e-01 -8.85475558595172e-01 6.57756043636336e-01 9.30183052285694e-01 1.61113951381616e+00 -8.74943199441072e-01 -8.85475558595172e-01 6.57756043636336e-01 9.30183052285694e-01 -1.61113951381616e+00 -8.74943130687497e-01 -8.85475416160047e-01 -1.97323410612294e+00 2.43450174359493e-05 0.00000000000000e+00
 0.00000000000000e+00 0.00000000000000e+00 0.00000000000000e+00 0.00000000000000e+00 -6.27594491518450e+01 0.00000000000000e+00 0.00000000000000e+00 -1.44533648508174e+01 0.00000000000000e+00 0.00000000000000e+00 -1.78375912366356e-06 0.00000000000000e+00 -3.50373562481925e-02 0.00000000000000e+00 6.06850513386574e-02 -8.54977453912811e-01 -1.16473857463600e+00 -2.34206250925841e+00 -3.05321927143425e+00 0.00000000000000e+00 -8.55021515506256e-01 -1.16479847945539e+00 -2.34195079837088e+00 1.52666750428801e+00 2.64429051346024e+00 -8.55021515506256e-01 -1.16479847945539e+00 -2.34195079837088e+00 1.52666750428801e+00 -2.64429051346024e+00 2.56501973059182e+00 3.49433448454976e+00 6.29407698262498e+00 -1.19360524466129e-04 0.00000000000000e+00
 0.00000000000000e+00 0.00000000000000e+00 1.28646107562162e-07 0.00000000000000e+00 0.00000000000000e+00 -6.27594490731477e+01 0.00000000000000e+00 0.00000000000000e+00 -1.44533648415035e+01 0.00000000000000e+00 -4.04563013284010e-02 0.00000000000000e+00 -4.95491508791391e-02 0.00000000000000e+00 -2.86093344061688e-02 2.41833437587947e+00 3.29450458170031e+00 -3.05321803525038e+00 5.21464305410345e+00 0.00000000000000e+00 -1.20915080656576e+00 -1.64722997215665e+00 1.52666735717282e+00 -1.26251987849080e+00 3.73949213314814e+00 -1.20915080656576e+00 -1.64722997215665e+00 1.52666735717282e+00 -1.26251987849080e+00 -3.73949213314814e+00 -3.17610134945080e-05 -4.32585213992261e-05 -1.20235747812973e-04 -3.42149603321863e+00 0.00000000000000e+00
 0.00000000000000e+00 0.00000000000000e+00 0.00000000000000e+00 0.00000000000000e+00 0.00000000000000e+00 0.00000000000000e+00 -6.27594492215160e+01 0.00000000000000e+00 0.00000000000000e+00 -1.44533648555640e+01 0.00000000000000e+00 -5.72140972097834e-02 0.00000000000000e+00 -4.04577297959704e-02 0.00000000000000e+00 0.00000000000000e+00 0.00000000000000e+00 0.00000000000000e+00 0.00000000000000e+00 -3.42149660768840e+00 -2.09433048066819e+00 -2.85311300889041e+00 2.64429032667749e+00 3.73949221909721e+00 3.05555550342609e+00 2.09433048066819e+00 2.85311300889041e+00 -2.64429032667749e+00 -3.73949221909721e+00 3.05555550342609e+00 0.00000000000000e+00 0.00000000000000e+00 0.00000000000000e+00 0.00000000000000e+00 -3.42149605310736e+00
 0.00000000000000e+00 0.00000000000000e+00 0.00000000000000e+00 0.00000000000000e+00 -1.44533648508174e+01 0.00000000000000e+00 0.00000000000000e+00 -5.98541946203999e+00 0.00000000000000e+00 0.00000000000000e+00 6.20966547834993e-07 0.00000000000000e+00 9.18177437658914e-03 0.00000000000000e+00 -1.59029289624878e-02 -6.69140772608406e-01 -9.28068306874964e-01 -2.01694690024015e+00 -1.51239450906771e+00 0.00000000000000e+00 -6.69175534456468e-01 -9.28116384859728e-01 -2.01689103611864e+00 7.56225884972037e-01 1.30983391692607e+00 -6.69175534456468e-01 -9.28116384859728e-01 -2.01689103611864e+00 7.56225884972038e-01 -1.30983391692607e+00 2.00749155885000e+00 2.78430055243372e+00 2.26091488044352e+00 -5.90024652691074e-05 0.00000000000000e+00
 0.00000000000000e+00 0.00000000000000e+00 0.00000000000000e+00 0.00000000000000e+00 0.00000000000000e+00 -1.44533648415035e+01 0.00000000000000e+00 0.00000000000000e+00 -5.98541946203329e+00 0.00000000000000e+00 1.06017937324313e-02 0.00000000000000e+00 1.29845746267495e-02 0.00000000000000e+00 7.49709669153481e-03 1.89268969490740e+00 2.62507529151144e+00 -1.51239373447146e+00 1.72622344869631e+00 0.00000000000000e+00 -9.46331896740393e-01 -1.31251984065217e+00 7.56225681566263e-01 -1.48220125097089e+00 1.85233559670153e+00 -9.46331896740393e-01 -1.31251984065217e+00 7.56225681566263e-01 -1.48220125097089e+00 -1.85233559670153e+00 -2.46146427401698e-05 -3.42722630226334e-05 -5.94422738498315e-05 -2.55163782398854e+00 0.00000000000000e+00
 0.00000000000000e+00 0.00000000000000e+00 0.00000000000000e+00 0.00000000000000e+00 0.00000000000000e+00 0.00000000000000e+00 -1.44533648555640e+01 0.00000000000000e+00 0.00000000000000e+00 -5.98541945950932e+00 0.00000000000000e+00 1.49934681609839e-02 0.00000000000000e+00 1.06021630926582e-02 0.00000000000000e+00 0.00000000000000e+00 0.00000000000000e+00 0.00000000000000e+00 0.00000000000000e+00 -2.55163785610268e+00 -1.63911050297434e+00 -2.27337255741361e+00 1.30983361527001e+00 1.85233566856188e+00 6.56732165473014e-01 1.63911050297434e+00 2.27337255741361e+00 -1.30983361527001e+00 -1.85233566856188e+00 6.56732165473014e-01 0.00000000000000e+00 0.00000000000000e+00 0.00000000000000e+00 0.00000000000000e+00 -2.55163741377127e+00
 0.00000000000000e+00 0.00000000000000e+00 0.00000000000000e+00 0.00000000000000e+00 -1.78375912366356e-06 -4.04563013284010e-02 0.00000000000000e+00 6.20966547834993e-07 1.06017937324313e-02 0.00000000000000e+00 -3.91855027421081e+01 0.00000000000000e+00 7.20531653317517e-03 0.00000000000000e+00 4.15977544173541e-03 1.21838269604525e+00 2.43643595082181e+00 3.00861658274186e+00 2.71646682157750e+00 0.00000000000000e+00 -6.09214348131688e-01 -1.21826396033155e+00 -1.50420860684591e+00 -5.20815099709346e-01 1.86907571213951e+00 -6.09214348131687e-01 -1.21826396033155e+00 -1.50420860684591e+00 -5.20815099709346e-01 -1.86907571213951e+00 4.83087714093032e-05 9.61891952304425e-05 1.21249152180789e-04 4.81297472845084e+00 0.00000000000000e+00
 0.00000000000000e+00 0.00000000000000e+00 0.00000000000000e+00 0.00000000000000e+00 0.00000000000000e+00 0.00000000000000e+00 -5.72140972097834e-02 0.00000000000000e+00 0.00000000000000e+00 1.49934681609839e-02 0.00000000000000e+00 -3.91796197219906e+01 0.00000000000000e+00 8.32021344184798e-03 0.00000000000000e+00 0.00000000000000e+00 0.00000000000000e+00 0.00000000000000e+00 0.00000000000000e+00 4.53930562377782e+00 -1.49223886133855e+00 -2.98407422310508e+00 1.86907577600442e+00 -1.28385993692792e+00 2.31564070854546e+00 1.49223886133855e+00 2.98407422310508e+00 -1.86907577600442e+00 1.28385993692792e+00 2.31564070854546e+00 0.00000000000000e+00 0.00000000000000e+00 0.00000000000000e+00 0.00000000000000e+00 4.64641548693533e-03
 1.18558996886505e-07 0.00000000000000e+00 0.00000000000000e+00 0.00000000000000e+00 -3.50373562481925e-02 -4.95491508791391e-02 0.00000000000000e+00 9.18177437658914e-03 1.29845746267495e-02 0.00000000000000e+00 7.20531653317517e-03 0.00000000000000e+00 -3.91781488438272e+01 0.00000000000000e+00 -2.54720787531200e-03 1.11918909338464e+00 2.23807566254810e+00 -4.73279200600903e-01 1.35091556679732e+00 0.00000000000000e+00 -1.11919015730580e+00 -2.23807765854163e+00 2.33033563805958e+00 3.29550478500166e+00 -1.10089389931586e+00 -1.11919015730580e+00 -2.23807765854163e+00 2.33033563805958e+00 3.29550478500166e+00 1.10089389931586e+00 1.11918901544860e+00 2.23807561030605e+00 1.43141534619339e+00 4.05820896766208e-03 0.00000000000000e+00
 0.00000000000000e+00 0.00000000000000e+00 0.00000000000000e+00 0.00000000000000e+00 0.00000000000000e+00 0.00000000000000e+00 -4.04577297959704e-02 0.00000000000000e+00 0.00000000000000e+00 1.06021630926582e-02 0.00000000000000e+00 8.32021344184798e-03 0.00000000000000e+00 -3.91855026117825e+01 0.00000000000000e+00 0.00000000000000e+00 0.00000000000000e+00 0.00000000000000e+00 0.00000000000000e+00 -1.59983407351707e+00 -1.05520046258791e+00 -2.11011530441854e+00 -2.60539103226824e+00 1.86907607464482e+00 1.63744886134991e+00 1.05520046258791e+00 2.11011530441854e+00 2.60539103226824e+00 -1.86907607464482e+00 1.63744886134991e+00 0.00000000000000e+00 0.00000000000000e+00 0.00000000000000e+00 0.00000000000000e+00 4.81297559171694e+00
 0.00000000000000e+00 0.00000000000000e+00 0.00000000000000e+00 0.00000000000000e+00 6.06850513386574e-02 -2.86093344061688e-02 0.00000000000000e+00 -1.59029289624878e-02 7.49709669153481e-03 0.00000000000000e+00 4.15977544173541e-03 0.00000000000000e+00 -2.54720787531200e-03 0.00000000000000e+00 -3.91752066476131e+01 1.50774551150702e+00 3.01508373601405e+00 -3.49655272024472e+00 8.09166158874320e-01 0.00000000000000e+00 2.15372571996922e-01 4.30686981568942e-01 -1.87799629066828e+00 1.88813268810313e+00 -6.60765409235039e-01 2.15372571996922e-01 4.30686981568942e-01 -1.87799629066828e+00 1.88813268810313e+00 6.60765409235039e-01 -1.93849265898082e+00 -3.87646113669855e+00 -2.47928593406436e+00 2.50155445827588e-03 0.00000000000000e+00
 -1.72586097206640e-01 -2.47256829314537e-01 -9.27731799189704e-01 -8.74943361800886e-01 -8.54977453912811e-01 2.41833437587947e+00 0.00000000000000e+00 -6.69140772608406e-01 1.89268969490740e+00 0.00000000000000e+00 1.21838269604525e+00 0.00000000000000e+00 1.11918909338464e+00 0.00000000000000e+00 1.50774551150702e+00 -2.46439023816380e+00 -4.17282712428404e+00 2.08622951714932e-01 -5.90097634260608e-01 0.00000000000000e+00 -1.01007593707370e-01 5.83010018597956e-02 -6.15296881216818e-02 6.54349532215637e-01 2.77298191488276e-01 -1.01007593015192e-01 5.83010021905867e-02 -6.15296879135378e-02 6.54349531675522e-01 -2.77298191411734e-01 -1.01008722812550e-01 5.82999607429572e-02 -5.14356562595011e-01 4.94260144198825e-01 0.00000000000000e+00
 2.40074624720036e-01 2.64751713104832e-01 -7.53905102076492e-01 -8.85475619115440e-01 -1.16473857463600e+00 3.29450458170031e+00 0.00000000000000e+00 -9.28068306874964e-01 2.62507529151144e+00 0.00000000000000e+00 2.43643595082181e+00 0.00000000000000e+00 2.23807566254810e+00 0.00000000000000e+00 3.01508373601405e+00 -4.17282712428404e+00 -8.34724501117346e+00 2.49898238695050e-01 -7.06846290051297e-01 0.00000000000000e+00 5.83009900437070e-02 2.59590862181659e-01 -9.83641813323958e-02 5.25430142668398e-01 1.42718561862741e-01 5.83009904460433e-02 2.59590861863139e-01 -9.83641810157394e-02 5.25430142675344e-01 -1.42718562583243e-01 5.82998747593791e-02 2.59589662577912e-01 -3.31420899196040e-01 4.43037535725536e-01 0.00000000000000e+00
 5.69744629659227e-01 7.63210045885683e-01 1.19494703543351e+00 6.57722203602385e-01 -2.34206250925841e+00 -3.05321803525038e+00 0.00000000000000e+00 -2.01694690024015e+00 -1.51239373447146e+00 0.00000000000000e+00 3.00861658274186e+00 0.00000000000000e+00 -4.73279200600903e-01 0.00000000000000e+00 -3.49655272024472e+00 2.08622951714932e-01 2.49898238695050e-01 -7.29055847004211e+00 5.85461718935173e-02 0.00000000000000e+00 -6.15444151023094e-02 -9.83752935375094e-02 -5.88538208059943e-01 -3.01049496337637e-02 9.43902048661356e-02 -6.15444146943679e-02 -9.83752932216967e-02 -5.88538205972022e-01 -3.01049503100617e-02 -9.43902043534686e-02 6.37436509236276e-01 5.28168594959773e-01 1.29189323020540e+00 -1.26944194244652e+00 0.00000000000000e+00
 -1.61154347625808e+00 -2.15876743357999e+00 -3.37995177947301e+00 -1.86039114433228e+00 -3.05321927143425e+00 5.21464305410345e+00 0.00000000000000e+00 -1.51239450906771e+00 1.72622344869631e+00 0.00000000000000e+00 2.71646682157750e+00 0.00000000000000e+00 1.35091556679732e+00 0.00000000000000e+00 8.09166158874320e-01 -5.90097634260608e-01 -7.06846290051297e-01 5.85461718935173e-02 -7.43546006487976e+00 0.00000000000000e+00 -5.67320895521787e-01 -3.86311093498386e-01 -6.66421624926735e-02 1.49276094863246e+00 1.13228736942985e+00 -5.67320895461765e-01 -3.86311093262673e-01 -6.66421618744464e-02 1.49276094976463e+00 -1.13228736845451e+00 -3.20201432010120e-01 -1.64800276665057e-01 -1.19636090505605e+00 4.20165998012516e-01 0.00000000000000e+00
 0.00000000000000e+00 0.00000000000000e+00 0.00000000000000e+00 0.00000000000000e+00 0.00000000000000e+00 0.00000000000000e+00 -3.42149660768840e+00 0.00000000000000e+00 0.00000000000000e+00 -2.55163785610268e+00 0.00000000000000e+00 4.53930562377782e+00 0.00000000000000e+00 -1.59983407351707e+00 0.00000000000000e+00 0.00000000000000e+00 0.00000000000000e+00 0.00000000000000e+00 0.00000000000000e+00 -7.26986009057701e+00 -4.28034004607944e-01 -3.83675766851647e-01 7.32961522756744e-02 1.19195081253212e+00 1.50860136933490e-01 4.28034003771188e-01 3.83675766387475e-01 -7.32961524120132e-02 -1.19195081084582e+00 1.50860138466749e-01 0.00000000000000e+00 0.00000000000000e+00 0.00000000000000e+00 0.00000000000000e+00 -6.56981549258320e-01
 -1.72586068645963e-01 -2.47256791932025e-01 -9.27731759360756e-01 -8.74943199441072e-01 -8.55021515506256e-01 -1.20915080656576e+00 -2.09433048066819e+00 -6.69175534456468e-01 -9.46331896740393e-01 -1.63911050297434e+00 -6.09214348131688e-01 -1.49223886133855e+00 -1.11919015730580e+00 -1.05520046258791e+00 2.15372571996922e-01 -1.01007593707370e-01 5.83009900437070e-02 -6.15444151023094e-02 -5.67320895521787e-01 -4.28034004607944e-01 -2.46439016405263e+00 -4.17282699232412e+00 2.08633723752443e-01 2.95044841350266e-01 5.11037422577974e-01 -1.01007247643946e-01 5.83013521125077e-02 -6.15387298252189e-02 -8.70266687772470e-02 -7.05330700192997e-01 -1.01007469636353e-01 5.83011586581157e-02 -5.14365759521752e-01 -2.47118804754773e-01 -4.28033517079949e-01
 2.40074628145141e-01 2.64751715134805e-01 -7.53905113334946e-01 -8.85475558595172e-01 -1.16479847945539e+00 -1.64722997215665e+00 -2.85311300889041e+00 -9.28116384859728e-01 -1.31251984065217e+00 -2.27337255741361e+00 -1.21826396033155e+00 -2.98407422310508e+00 -2.23807765854163e+00 -2.11011530441854e+00 4.30686981568942e-01 5.83010018597956e-02 2.59590862181659e-01 -9.83752935375094e-02 -3.86311093498386e-01 -3.83675766851647e-01 -4.17282699232412e+00 -8.34724474992528e+00 2.49911139991756e-01 3.53418375893734e-01 6.12144300069848e-01 5.83013521812610e-02 2.59591150127525e-01 -9.83720710940660e-02 -1.39115540265751e-01 -5.26392485330728e-01 5.83011418328987e-02 2.59591017064577e-01 -3.31430394450707e-01 -2.21510869802167e-01 -3.83675211707445e-01
 5.69773984843130e-01 7.63249361693871e-01 1.19500882887784e+00 6.57756043636336e-01 -2.34195079837088e+00 1.52666735717282e+00 2.64429032667749e+00 -2.01689103611864e+00 7.56225681566263e-01 1.30983361527001e+00 -1.50420860684591e+00 1.86907577600442e+00 2.33033563805958e+00 -2.60539103226824e+00 -1.87799629066828e+00 -6.15296881216818e-02 -9.83641813323958e-02 -5.88538208059943e-01 -6.66421624926735e-02 7.32961522756744e-02 2.08633723752443e-01 2.49911139991756e-01 -7.29056039084495e+00 -2.92742020474158e-02 -5.07048879894899e-02 -6.15387297235055e-02 -9.83720706424000e-02 -5.88534604055516e-01 9.67991142226278e-02 -2.10945640919115e-02 6.37440047813644e-01 5.28169523409948e-01 1.29193947317139e+00 6.34691493196322e-01 1.09935996383513e+00
 8.05760705071736e-01 1.07936893849813e+00 1.68995305209847e+00 9.30183052285694e-01 1.52666750428801e+00 -1.26251987849080e+00 3.73949221909721e+00 7.56225884972037e-01 -1.48220125097089e+00 1.85233566856188e+00 -5.20815099709346e-01 -1.28385993692792e+00 3.29550478500166e+00 1.86907607464482e+00 1.88813268810313e+00 6.54349532215637e-01 5.25430142668398e-01 -3.01049496337637e-02 1.49276094863246e+00 1.19195081253212e+00 2.95044841350266e-01 3.53418375893734e-01 -2.92742020474158e-02 -7.31125874240394e+00 -7.17056447454033e-02 -8.70266686369887e-02 -1.39115539695993e-01 9.67991142753709e-02 -5.20092480873006e-01 -2.98314700280432e-02 1.60089897547199e-01 8.23915464499609e-02 5.98155105989122e-01 -3.87718379132503e-01 4.66394642062627e-01
 1.39563168373210e+00 1.86953954356453e+00 2.92711220190047e+00 1.61113951381616e+00 2.64429051346024e+00 3.73949213314814e+00 3.05555550342609e+00 1.30983391692607e+00 1.85233559670153e+00 6.56732165473014e-01 1.86907571213951e+00 2.31564070854546e+00 -1.10089389931586e+00 1.63744886134991e+00 -6.60765409235039e-01 2.77298191488276e-01 1.42718561862741e-01 9.43902048661356e-02 1.13228736942985e+00 1.50860136933490e-01 5.11037422577974e-01 6.12144300069848e-01 -5.07048879894899e-02 -7.17056447454033e-02 -7.39405883100541e+00 7.05330699338574e-01 5.26392485185309e-01 2.10945643256006e-02 2.98314700339049e-02 2.16370790846205e+00 2.77297579048237e-01 1.42717922185316e-01 1.03607812748997e+00 4.66395809551318e-01 1.50859070185518e-01
 -1.72586068645962e-01 -2.47256791932025e-01 -9.27731759360756e-01 -8.74943199441072e-01 -8.55021515506256e-01 -1.20915080656576e+00 2.09433048066819e+00 -6.69175534456468e-01 -9.46331896740393e-01 1.63911050297434e+00 -6.09214348131687e-01 1.49223886133855e+00 -1.11919015730580e+00 1.05520046258791e+00 2.15372571996922e-01 -1.01007593015192e-01 5.83009904460433e-02 -6.15444146943679e-02 -5.67320895461765e-01 4.28034003771188e-01 -1.01007247643946e-01 5.83013521812610e-02 -6.15387297235055e-02 -8.70266686369887e-02 7.05330699338574e-01 -2.46439016405263e+00 -4.17282699232412e+00 2.08633723752443e-01 2.95044841350266e-01 -5.11037422577974e-01 -1.01007470793381e-01 5.83011578955199e-02 -5.14365759818329e-01 -2.47118805480368e-01 4.28033518474137e-01
 2.40074628145141e-01 2.64751715134805e-01 -7.53905113334946e-01 -8.85475558595172e-01 -1.16479847945539e+00 -1.64722997215665e+00 2.85311300889041e+00 -9.28116384859728e-01 -1.31251984065217e+00 2.27337255741361e+00 -1.21826396033155e+00 2.98407422310508e+00 -2.23807765854163e+00 2.11011530441854e+00 4.30686981568942e-01 5.83010021905867e-02 2.59590861863139e-01 -9.83752932216967e-02 -3.86311093262673e-01 3.83675766387475e-01 5.83013521125077e-02 2.59591150127525e-01 -9.83720706424000e-02 -1.39115539695993e-01 5.26392485185309e-01 -4.17282699232412e+00 -8.34724474992528e+00 2.49911139991756e-01 3.53418375893734e-01 -6.12144300069848e-01 5.83011404787514e-02 2.59591016391607e-01 -3.31430394417834e-01 -2.21510870805955e-01 3.83675213724322e-01
 5.69773984843130e-01 7.63249361693871e-01 1.19500882887784e+00 6.57756043636336e-01 -2.34195079837088e+00 1.52666735717282e+00 -2.64429032667749e+00 -2.01689103611864e+00 7.56225681566263e-01 -1.30983361527001e+00 -1.50420860684591e+00 -1.86907577600442e+00 2.33033563805958e+00 2.60539103226824e+00 -1.87799629066828e+00 -6.15296879135378e-02 -9.83641810157394e-02 -5.88538205972022e-01 -6.66421618744464e-02 -7.32961524120132e-02 -6.15387298252189e-02 -9.83720710940660e-02 -5.88534604055516e-01 9.67991142753709e-02 2.10945643256006e-02 2.08633723752443e-01 2.49911139991756e-01 -7.29056039084495e+00 -2.92742020474158e-02 5.07048879894899e-02 6.37440050382795e-01 5.28169525342458e-01 1.29193947310536e+00 6.34691495386269e-01 -1.09935996861052e+00
 8.05760705071737e-01 1.07936893849813e+00 1.68995305209847e+00 9.30183052285694e-01 1.52666750428801e+00 -1.26251987849080e+00 -3.73949221909721e+00 7.56225884972038e-01 -1.48220125097089e+00 -1.85233566856188e+00 -5.20815099709346e-01 1.28385993692792e+00 3.29550478500166e+00 -1.86907607464482e+00 1.88813268810313e+00 6.54349531675522e-01 5.25430142675344e-01 -3.01049503100617e-02 1.49276094976463e+00 -1.19195081084582e+00 -8.70266687772470e-02 -1.39115540265751e-01 9.67991142226278e-02 -5.20092480873006e-01 2.98314700339049e-02 2.95044841350266e-01 3.53418375893734e-01 -2.92742020474158e-02 -7.31125874240394e+00 7.17056447454033e-02 1.60089897231584e-01 8.23915461978642e-02 5.98155105492527e-01 -3.87718380649780e-01 -4.66394641976198e-01
 -1.39563168373210e+00 -1.86953954356453e+00 -2.92711220190047e+00 -1.61113951381616e+00 -2.64429051346024e+00 -3.73949213314814e+00 3.05555550342609e+00 -1.30983391692607e+00 -1.85233559670153e+00 6.56732165473014e-01 -1.86907571213951e+00 2.31564070854546e+00 1.10089389931586e+00 1.63744886134991e+00 6.60765409235039e-01 -2.77298191411734e-01 -1.42718562583243e-01 -9.43902043534686e-02 -1.13228736845451e+00 1.50860138466749e-01 -7.05330700192997e-01 -5.26392485330728e-01 -2.10945640919115e-02 -2.98314700280432e-02 2.16370790846205e+00 -5.11037422577974e-01 -6.12144300069848e-01 5.07048879894899e-02 7.17056447454033e-02 -7.39405883100541e+00 -2.77297578261517e-01 -1.42717921358665e-01 -1.03607812665666e+00 -4.66395809022792e-01 1.50859067796778e-01
 -1.72586069059616e-01 -2.47256781569955e-01 -9.27731559769739e-01 -8.74943130687497e-01 2.56501973059182e+00 -3.17610134945080e-05 0.00000000000000e+00 2.00749155885000e+00 -2.46146427401698e-05 0.00000000000000e+00 4.83087714093032e-05 0.00000000000000e+00 1.11918901544860e+00 0.00000000000000e+00 -1.93849265898082e+00 -1.01008722812550e-01 5.82998747593791e-02 6.37436509236276e-01 -3.20201432010120e-01 0.00000000000000e+00 -1.01007469636353e-01 5.83011418328987e-02 6.37440047813644e-01 1.60089897547199e-01 2.77297579048237e-01 -1.01007470793381e-01 5.83011404787514e-02 6.37440050382795e-01 1.60089897231584e-01 -2.77297578261517e-01 -2.46439015349020e+00 -4.17282697425006e+00 -6.25890355540917e-01 7.72251487281563e-06 0.00000000000000e+00
 2.40074610342600e-01 2.64751720275542e-01 -7.53904867486506e-01 -8.85475416160047e-01 3.49433448454976e+00 -4.32585213992261e-05 0.00000000000000e+00 2.78430055243372e+00 -3.42722630226334e-05 0.00000000000000e+00 9.61891952304425e-05 0.00000000000000e+00 2.23807561030605e+00 0.00000000000000e+00 -3.87646113669855e+00 5.82999607429572e-02 2.59589662577912e-01 5.28168594959773e-01 -1.64800276665057e-01 0.00000000000000e+00 5.83011586581157e-02 2.59591017064577e-01 5.28169523409948e-01 8.23915464499609e-02 1.42717922185316e-01 5.83011578955199e-02 2.59591016391607e-01 5.28169525342458e-01 8.23915461978642e-02 -1.42717921358665e-01 -4.17282697425006e+00 -8.34724471576847e+00 -7.49720460282366e-01 9.24918598793343e-06 0.00000000000000e+00
 -1.70929235124293e+00 -2.28970841114966e+00 -3.58496437105881e+00 -1.97323410612294e+00 6.29407698262498e+00 -1.20235747812973e-04 0.00000000000000e+00 2.26091488044352e+00 -5.94422738498315e-05 0.00000000000000e+00 1.21249152180789e-04 0.00000000000000e+00 1.43141534619339e+00 0.00000000000000e+00 -2.47928593406436e+00 -5.14356562595011e-01 -3.31420899196040e-01 1.29189323020540e+00 -1.19636090505605e+00 0.00000000000000e+00 -5.14365759521752e-01 -3.31430394450707e-01 1.29193947317139e+00 5.98155105989122e-01 1.03607812748997e+00 -5.14365759818329e-01 -3.31430394417834e-01 1.29193947310536e+00 5.98155105492527e-01 -1.03607812665666e+00 -6.25890355540917e-01 -7.49720460282366e-01 -7.45615823237672e+00 2.30613156597858e-06 0.00000000000000e+00
 2.10500733140613e-05 2.82040657582687e-05 4.40295822611699e-05 2.43450174359493e-05 -1.19360524466129e-04 -3.42149603321863e+00 0.00000000000000e+00 -5.90024652691074e-05 -2.55163782398854e+00 0.00000000000000e+00 4.81297472845084e+00 0.00000000000000e+00 4.05820896766208e-03 0.00000000000000e+00 2.50155445827588e-03 4.94260144198825e-01 4.43037535725536e-01 -1.26944194244652e+00 4.20165998012516e-01 0.00000000000000e+00 -2.47118804754773e-01 -2.21510869802167e-01 6.34691493196322e-01 -3.87718379132503e-01 4.66395809551318e-01 -2.47118805480368e-01 -2.21510870805955e-01 6.34691495386269e-01 -3.87718380649780e-01 -4.66395809022792e-01 7.72251487281563e-06 9.24918598793343e-06 2.30613156597858e-06 -7.26985981438886e+00 0.00000000000000e+00
 0.00000000000000e+00 0.00000000000000e+00 0.00000000000000e+00 0.00000000000000e+00 0.00000000000000e+00 0.00000000000000e+00 -3.42149605310736e+00 0.00000000000000e+00 0.00000000000000e+00 -2.55163741377127e+00 0.00000000000000e+00 4.64641548693533e-03 0.00000000000000e+00 4.81297559171694e+00 0.00000000000000e+00 0.00000000000000e+00 0.00000000000000e+00 0.00000000000000e+00 0.00000000000000e+00 -6.56981549258320e-01 -4.28033517079949e-01 -3.83675211707445e-01 1.09935996383513e+00 4.66394642062627e-01 1.50859070185518e-01 4.28033518474137e-01 3.83675213724322e-01 -1.09935996861052e+00 -4.66394641976198e-01 1.50859067796778e-01 0.00000000000000e+00 0.00000000000000e+00 0.00000000000000e+00 0.00000000000000e+00 -7.26985982836603e+00
