S:
 1.00000000000000e+00 9.33746665827803e-01 1.86830126295597e-01 7.97603841182616e-02 0.00000000000000e+00 0.00000000000000e+00 0.00000000000000e+00 0.00000000000000e+00 0.00000000000000e+00 0.00000000000000e+00 5.32229379211955e-02 4.13705384421268e-02 5.32229353467393e-02 4.13705349514362e-02 5.32229353467393e-02 4.13705349514362e-02 5.32229348074819e-02 4.13705341666000e-02
 9.33746665827803e-01 1.00000000000000e+00 3.60036793224751e-01 1.74953027506644e-01 0.00000000000000e+00 0.00000000000000e+00 0.00000000000000e+00 0.00000000000000e+00 0.00000000000000e+00 0.00000000000000e+00 1.00274910031806e-01 7.95369252955562e-02 1.00274905265014e-01 7.95369187776528e-02 1.00274905265014e-01 7.95369187776528e-02 1.00274904043025e-01 7.95369172171551e-02
 1.86830126295597e-01 3.60036793224751e-01 1.00000000000000e+00 8.73147870969765e-01 0.00000000000000e+00 0.00000000000000e+00 0.00000000000000e+00 0.00000000000000e+00 0.00000000000000e+00 0.00000000000000e+00 5.33686974610694e-01 4.46105527518521e-01 5.33686957771362e-01 4.46105506081234e-01 5.33686957771362e-01 4.46105506081234e-01 5.33686952326256e-01 4.46105500228580e-01
 7.97603841182616e-02 1.74953027506644e-01 8.73147870969765e-01 1.00000000000000e+00 0.00000000000000e+00 0.00000000000000e+00 0.00000000000000e+00 0.00000000000000e+00 0.00000000000000e+00 0.00000000000000e+00 7.20096655329598e-01 5.55223287760593e-01 7.20096640350751e-01 5.55223271074601e-01 7.20096640350751e-01 5.55223271074601e-01 7.20096635447488e-01 5.55223266727774e-01
 0.00000000000000e+00 0.00000000000000e+00 0.00000000000000e+00 0.00000000000000e+00 1.00000000000000e+00 0.00000000000000e+00 0.00000000000000e+00 6.58338631143568e-01 0.00000000000000e+00 0.00000000000000e+00 9.20397518508005e-02 1.21374902847164e-01 9.20445000361602e-02 1.21381162127313e-01 9.20445000361602e-02 1.21381162127313e-01 -2.76128727007168e-01 -3.64137190525530e-01
 0.00000000000000e+00 0.00000000000000e+00 0.00000000000000e+00 0.00000000000000e+00 0.00000000000000e+00 1.00000000000000e+00 0.00000000000000e+00 0.00000000000000e+00 6.58338631143568e-01 0.00000000000000e+00 -2.60337783594216e-01 -3.43313325047785e-01 1.30167125650799e-01 1.71654331438732e-01 1.30167125650799e-01 1.71654331438732e-01 3.40175413776347e-06 4.48624036283594e-06
 0.00000000000000e+00 0.00000000000000e+00 0.00000000000000e+00 0.00000000000000e+00 0.00000000000000e+00 0.00000000000000e+00 1.00000000000000e+00 0.00000000000000e+00 0.00000000000000e+00 6.58338631143568e-01 0.00000000000000e+00 0.00000000000000e+00 2.25458207421073e-01 2.97316833299410e-01 -2.25458207421073e-01 -2.97316833299410e-01 0.00000000000000e+00 0.00000000000000e+00
 0.00000000000000e+00 0.00000000000000e+00 0.00000000000000e+00 0.00000000000000e+00 6.58338631143568e-01 0.00000000000000e+00 0.00000000000000e+00 1.00000000000000e+00 0.00000000000000e+00 0.00000000000000e+00 1.82001929140120e-01 1.93129364833717e-01 1.82011329783077e-01 1.93139332782866e-01 1.82011329783077e-01 1.93139332782867e-01 -5.46024532111563e-01 -5.79407980615289e-01
 0.00000000000000e+00 0.00000000000000e+00 0.00000000000000e+00 0.00000000000000e+00 0.00000000000000e+00 6.58338631143568e-01 0.00000000000000e+00 0.00000000000000e+00 1.00000000000000e+00 0.00000000000000e+00 -5.14799070339039e-01 -5.46273429005577e-01 2.57396046137031e-01 2.73133014972767e-01 2.57396046137031e-01 2.73133014972767e-01 6.72319965988808e-06 7.13555833159662e-06
 0.00000000000000e+00 0.00000000000000e+00 0.00000000000000e+00 0.00000000000000e+00 0.00000000000000e+00 0.00000000000000e+00 6.58338631143568e-01 0.00000000000000e+00 0.00000000000000e+00 1.00000000000000e+00 0.00000000000000e+00 0.00000000000000e+00 4.45827255256095e-01 4.73084732564792e-01 -4.45827255256095e-01 -4.73084732564792e-01 0.00000000000000e+00 0.00000000000000e+00
 5.32229379211955e-02 1.00274910031806e-01 5.33686974610694e-01 7.20096655329598e-01 9.20397518508005e-02 -2.60337783594216e-01 0.00000000000000e+00 1.82001929140120e-01 -5.14799070339039e-01 0.00000000000000e+00 1.00000000000000e+00 9.04138336591563e-01 4.56046094872882e-01 2.80152287242392e-01 4.56046094872882e-01 2.80152287242392e-01 4.56045976761340e-01 2.80152185208376e-01
 4.13705384421268e-02 7.95369252955562e-02 4.46105527518521e-01 5.55223287760593e-01 1.21374902847164e-01 -3.43313325047785e-01 0.00000000000000e+00 1.93129364833717e-01 -5.46273429005577e-01 0.00000000000000e+00 9.04138336591563e-01 1.00000000000000e+00 2.80152287242392e-01 1.63283954816932e-01 2.80152287242392e-01 1.63283954816932e-01 2.80152185208376e-01 1.63283865167388e-01
 5.32229353467393e-02 1.00274905265014e-01 5.33686957771362e-01 7.20096640350751e-01 9.20445000361602e-02 1.30167125650799e-01 2.25458207421073e-01 1.82011329783077e-01 2.57396046137031e-01 4.45827255256095e-01 4.56046094872882e-01 2.80152287242392e-01 1.00000000000000e+00 9.04138336591563e-01 4.56045904627038e-01 2.80152122669601e-01 4.56046016343291e-01 2.80152219224399e-01
 4.13705349514362e-02 7.95369187776528e-02 4.46105506081234e-01 5.55223271074601e-01 1.21381162127313e-01 1.71654331438732e-01 2.97316833299410e-01 1.93139332782866e-01 2.73133014972767e-01 4.73084732564792e-01 2.80152287242392e-01 1.63283954816932e-01 9.04138336591563e-01 1.00000000000000e+00 2.80152122669601e-01 1.63283809874675e-01 2.80152219224399e-01 1.63283895033059e-01
 5.32229353467393e-02 1.00274905265014e-01 5.33686957771362e-01 7.20096640350751e-01 9.20445000361602e-02 1.30167125650799e-01 -2.25458207421073e-01 1.82011329783077e-01 2.57396046137031e-01 -4.45827255256095e-01 4.56046094872882e-01 2.80152287242392e-01 4.56045904627038e-01 2.80152122669601e-01 1.00000000000000e+00 9.04138336591563e-01 4.56046016343291e-01 2.80152219224399e-01
 4.13705349514362e-02 7.95369187776528e-02 4.46105506081234e-01 5.55223271074601e-01 1.21381162127313e-01 1.71654331438732e-01 -2.97316833299410e-01 1.93139332782867e-01 2.73133014972767e-01 -4.73084732564792e-01 2.80152287242392e-01 1.63283954816932e-01 2.80152122669601e-01 1.63283809874675e-01 9.04138336591563e-01 1.00000000000000e+00 2.80152219224399e-01 1.63283895033059e-01
 5.32229348074819e-02 1.00274904043025e-01 5.33686952326256e-01 7.20096635447488e-01 -2.76128727007168e-01 3.40175413776347e-06 0.00000000000000e+00 -5.46024532111563e-01 6.72319965988808e-06 0.00000000000000e+00 4.56045976761340e-01 2.80152185208376e-01 4.56046016343291e-01 2.80152219224399e-01 4.56046016343291e-01 2.80152219224399e-01 1.00000000000000e+00 9.04138336591563e-01
 4.13705341666000e-02 7.95369172171551e-02 4.46105500228580e-01 5.55223266727774e-01 -3.64137190525530e-01 4.48624036283594e-06 0.00000000000000e+00 -5.79407980615289e-01 7.13555833159662e-06 0.00000000000000e+00 2.80152185208376e-01 1.63283865167388e-01 2.80152219224399e-01 1.63283895033059e-01 2.80152219224399e-01 1.63283895033059e-01 9.04138336591563e-01 1.00000000000000e+00
En:
 -4.80582246450855e+01 -3.73668865040056e+01 -3.97915139549888e+00 -1.58070969081708e+00 0.00000000000000e+00 0.00000000000000e+00 0.00000000000000e+00 0.00000000000000e+00 0.00000000000000e+00 0.00000000000000e+00 -1.33546405222143e+00 -1.02987734270872e+00 -1.33546398615224e+00 -1.02987725510572e+00 -1.33546398615224e+00 -1.02987725510572e+00 -1.33546397276261e+00 -1.02987723466060e+00
 -3.73668865040056e+01 -3.19782293134663e+01 -5.73832710939171e+00 -2.52947032221874e+00 0.00000000000000e+00 0.00000000000000e+00 0.00000000000000e+00 0.00000000000000e+00 0.00000000000000e+00 0.00000000000000e+00 -1.71597610507000e+00 -1.34015950664628e+00 -1.71597601645768e+00 -1.34015938814621e+00 -1.71597601645768e+00 -1.34015938814621e+00 -1.71597599775131e+00 -1.34015936289803e+00
 -3.97915139549888e+00 -5.73832710939171e+00 -7.88896039529156e+00 -5.87271462302237e+00 0.00000000000000e+00 0.00000000000000e+00 0.00000000000000e+00 0.00000000000000e+00 0.00000000000000e+00 0.00000000000000e+00 -3.40582479082455e+00 -2.89203902248543e+00 -3.40582481736266e+00 -2.89203901821224e+00 -3.40582481736266e+00 -2.89203901821224e+00 -3.40582450522375e+00 -2.89203878860633e+00
 -1.58070969081708e+00 -2.52947032221874e+00 -5.87271462302237e+00 -5.48409062832599e+00 0.00000000000000e+00 0.00000000000000e+00 0.00000000000000e+00 0.00000000000000e+00 0.00000000000000e+00 0.00000000000000e+00 -3.58848943000137e+00 -2.95964845069077e+00 -3.58848935010233e+00 -2.95964851420049e+00 -3.58848935010233e+00 -2.95964851420049e+00 -3.58848902194374e+00 -2.95964823568559e+00
 0.00000000000000e+00 0.00000000000000e+00 0.00000000000000e+00 0.00000000000000e+00 -8.56285650632527e+00 0.00000000000000e+00 0.00000000000000e+00 -4.36412025841900e+00 0.00000000000000e+00 0.00000000000000e+00 -5.52143493464610e-01 -7.52051321690383e-01 -5.52171753689117e-01 -7.52089874771096e-01 -5.52171753689117e-01 -7.52089874771096e-01 1.65648627978235e+00 2.25623042846897e+00
 0.00000000000000e+00 0.00000000000000e+00 0.00000000000000e+00 0.00000000000000e+00 0.00000000000000e+00 -8.56285645143912e+00 0.00000000000000e+00 0.00000000000000e+00 -4.36412020502340e+00 0.00000000000000e+00 1.56175688055445e+00 2.12720355803472e+00 -7.80867920628126e-01 -1.06358741158930e+00 -7.80867920628126e-01 -1.06358741158930e+00 -2.07037062968706e-05 -2.80146062758560e-05
 0.00000000000000e+00 0.00000000000000e+00 0.00000000000000e+00 0.00000000000000e+00 0.00000000000000e+00 0.00000000000000e+00 -8.56285655638238e+00 0.00000000000000e+00 0.00000000000000e+00 -4.36412030345790e+00 0.00000000000000e+00 0.00000000000000e+00 -1.35251580886928e+00 -1.84220491419449e+00 1.35251580886928e+00 1.84220491419449e+00 0.00000000000000e+00 0.00000000000000e+00
 0.00000000000000e+00 0.00000000000000e+00 0.00000000000000e+00 0.00000000000000e+00 -4.36412025841900e+00 0.00000000000000e+00 0.00000000000000e+00 -4.44583335804280e+00 0.00000000000000e+00 0.00000000000000e+00 -7.59310221539013e-01 -9.10036702143020e-01 -7.59349312127305e-01 -9.10083337885101e-01 -7.59349312127305e-01 -9.10083337885101e-01 2.27800768704084e+00 2.73020225995497e+00
 0.00000000000000e+00 0.00000000000000e+00 0.00000000000000e+00 0.00000000000000e+00 0.00000000000000e+00 -4.36412020502340e+00 0.00000000000000e+00 0.00000000000000e+00 -4.44583327595048e+00 0.00000000000000e+00 2.14773552943941e+00 2.57407022272606e+00 -1.07385313535519e+00 -1.28701779289676e+00 -1.07385313535519e+00 -1.28701779289676e+00 -2.83176763001221e-05 -3.39465496435615e-05
 0.00000000000000e+00 0.00000000000000e+00 0.00000000000000e+00 0.00000000000000e+00 0.00000000000000e+00 0.00000000000000e+00 -4.36412030345790e+00 0.00000000000000e+00 0.00000000000000e+00 -4.44583342531725e+00 0.00000000000000e+00 0.00000000000000e+00 -1.85998603848609e+00 -2.22920136564311e+00 1.85998603848609e+00 2.22920136564311e+00 0.00000000000000e+00 0.00000000000000e+00
 -1.33546405222143e+00 -1.71597610507000e+00 -3.40582479082455e+00 -3.58848943000137e+00 -5.52143493464610e-01 1.56175688055445e+00 0.00000000000000e+00 -7.59310221539013e-01 2.14773552943941e+00 0.00000000000000e+00 -4.26660358134365e+00 -4.28950164953934e+00 -2.06876758120589e+00 -1.42506957173214e+00 -2.06876758024580e+00 -1.42506957167683e+00 -2.06876582271583e+00 -1.42506774742606e+00
 -1.02987734270872e+00 -1.34015950664628e+00 -2.89203902248543e+00 -2.95964845069077e+00 -7.52051321690383e-01 2.12720355803472e+00 0.00000000000000e+00 -9.10036702143020e-01 2.57407022272606e+00 0.00000000000000e+00 -4.28950164953934e+00 -5.09475428637854e+00 -1.42506978767484e+00 -9.04954060040200e-01 -1.42506978523737e+00 -9.04954059188481e-01 -1.42506702541971e+00 -9.04951875078466e-01
 -1.33546398615224e+00 -1.71597601645768e+00 -3.40582481736266e+00 -3.58848935010233e+00 -5.52171753689117e-01 -7.80867920628126e-01 -1.35251580886928e+00 -7.59349312127305e-01 -1.07385313535519e+00 -1.85998603848609e+00 -2.06876758120589e+00 -1.42506978767484e+00 -4.26660345261893e+00 -4.28950151258162e+00 -2.06876642993853e+00 -1.42506865593267e+00 -2.06876641179979e+00 -1.42506874493589e+00
 -1.02987725510572e+00 -1.34015938814621e+00 -2.89203901821224e+00 -2.95964851420049e+00 -7.52089874771096e-01 -1.06358741158930e+00 -1.84220491419449e+00 -9.10083337885101e-01 -1.28701779289676e+00 -2.22920136564311e+00 -1.42506957173214e+00 -9.04954060040200e-01 -4.28950151258162e+00 -5.09475412299340e+00 -1.42506865658837e+00 -9.04953167238390e-01 -1.42506882048256e+00 -9.04953380287770e-01
 -1.33546398615224e+00 -1.71597601645768e+00 -3.40582481736266e+00 -3.58848935010233e+00 -5.52171753689117e-01 -7.80867920628126e-01 1.35251580886928e+00 -7.59349312127305e-01 -1.07385313535519e+00 1.85998603848609e+00 -2.06876758024580e+00 -1.42506978523737e+00 -2.06876642993853e+00 -1.42506865658837e+00 -4.26660345261893e+00 -4.28950151258162e+00 -2.06876641274598e+00 -1.42506874460848e+00
 -1.02987725510572e+00 -1.34015938814621e+00 -2.89203901821224e+00 -2.95964851420049e+00 -7.52089874771096e-01 -1.06358741158930e+00 1.84220491419449e+00 -9.10083337885101e-01 -1.28701779289676e+00 2.22920136564311e+00 -1.42506957167683e+00 -9.04954059188481e-01 -1.42506865593267e+00 -9.04953167238390e-01 -4.28950151258162e+00 -5.09475412299340e+00 -1.42506882260697e+00 -9.04953380654698e-01
 -1.33546397276261e+00 -1.71597599775131e+00 -3.40582450522375e+00 -3.58848902194374e+00 1.65648627978235e+00 -2.07037062968706e-05 0.00000000000000e+00 2.27800768704084e+00 -2.83176763001221e-05 0.00000000000000e+00 -2.06876582271583e+00 -1.42506702541971e+00 -2.06876641179979e+00 -1.42506882048256e+00 -2.06876641274598e+00 -1.42506882260697e+00 -4.26660343436181e+00 -4.28950149325270e+00
 -1.02987723466060e+00 -1.34015936289803e+00 -2.89203878860633e+00 -2.95964823568559e+00 2.25623042846897e+00 -2.80146062758560e-05 0.00000000000000e+00 2.73020225995497e+00 -3.39465496435615e-05 0.00000000000000e+00 -1.42506774742606e+00 -9.04951875078466e-01 -1.42506874493589e+00 -9.04953380287770e-01 -1.42506874460848e+00 -9.04953380654698e-01 -4.28950149325270e+00 -5.09475410060779e+00
T:
 2.94912014712814e+01 1.79279367122545e+01 -8.89610318591177e-01 -5.30885111432849e-01 0.00000000000000e+00 0.00000000000000e+00 0.00000000000000e+00 0.00000000000000e+00 0.00000000000000e+00 0.00000000000000e+00 5.08308384002451e-03 -6.55294615801091e-03 5.08308243157175e-03 -6.55294594006173e-03 5.08308243157175e-03 -6.55294594006173e-03 5.08308258522250e-03 -6.55294629156218e-03
 1.79279367122545e+01 1.25000002896197e+01 -3.12031893606853e-01 -3.67401361131187e-01 0.00000000000000e+00 0.00000000000000e+00 0.00000000000000e+00 0.00000000000000e+00 0.00000000000000e+00 0.00000000000000e+00 1.11287174888266e-02 -8.89441800067428e-03 1.11287157564935e-02 -8.89441932876581e-03 1.11287157564935e-02 -8.89441932876581e-03 1.11287161345902e-02 -8.89441940153905e-03
 -8.89610318591177e-01 -3.12031893606853e-01 6.53399858360498e-01 3.17447398802050e-01 0.00000000000000e+00 0.00000000000000e+00 0.00000000000000e+00 0.00000000000000e+00 0.00000000000000e+00 0.00000000000000e+00 1.04634361280559e-01 9.60171154124756e-02 1.04634352863451e-01 9.60171027350805e-02 1.04634352863451e-01 9.60171027350805e-02 1.04634350625789e-01 9.60170993916604e-02
 -5.30885111432849e-01 -3.67401361131187e-01 3.17447398802050e-01 2.56266628060511e-01 0.00000000000000e+00 0.00000000000000e+00 0.00000000000000e+00 0.00000000000000e+00 0.00000000000000e+00 0.00000000000000e+00 1.20596687216217e-01 1.18605514630760e-01 1.20596681508508e-01 1.18605506817297e-01 1.20596681508508e-01 1.18605506817297e-01 1.20596680132581e-01 1.18605505235858e-01
 0.00000000000000e+00 0.00000000000000e+00 0.00000000000000e+00 0.00000000000000e+00 2.41999980603441e+00 0.00000000000000e+00 0.00000000000000e+00 6.95205586568925e-01 0.00000000000000e+00 0.00000000000000e+00 4.84719564534304e-02 7.06322269851963e-02 4.84744545320252e-02 7.06358646833602e-02 4.84744545320252e-02 7.06358646833602e-02 -1.45420848718479e-01 -2.11903927888162e-01
 0.00000000000000e+00 0.00000000000000e+00 0.00000000000000e+00 0.00000000000000e+00 0.00000000000000e+00 2.41999980603441e+00 0.00000000000000e+00 0.00000000000000e+00 6.95205586568925e-01 0.00000000000000e+00 -1.37104690956848e-01 -1.99785823517965e-01 6.85514128675065e-02 9.98915492625617e-02 6.85514128675065e-02 9.98915492625617e-02 1.79172636151847e-06 2.61077438934371e-06
 0.00000000000000e+00 0.00000000000000e+00 0.00000000000000e+00 0.00000000000000e+00 0.00000000000000e+00 0.00000000000000e+00 2.41999980603441e+00 0.00000000000000e+00 0.00000000000000e+00 6.95205586568925e-01 0.00000000000000e+00 0.00000000000000e+00 1.18735652428865e-01 1.73018872585173e-01 -1.18735652428865e-01 -1.73018872585173e-01 0.00000000000000e+00 0.00000000000000e+00
 0.00000000000000e+00 0.00000000000000e+00 0.00000000000000e+00 0.00000000000000e+00 6.95205586568925e-01 0.00000000000000e+00 0.00000000000000e+00 4.60800046207415e-01 0.00000000000000e+00 0.00000000000000e+00 6.51353714170541e-02 8.70921262592533e-02 6.51387313980629e-02 8.70966182571625e-02 6.51387313980629e-02 8.70966182571625e-02 -1.95412819410123e-01 -2.61285338763238e-01
 0.00000000000000e+00 0.00000000000000e+00 0.00000000000000e+00 0.00000000000000e+00 0.00000000000000e+00 6.95205586568925e-01 0.00000000000000e+00 0.00000000000000e+00 4.60800046207415e-01 0.00000000000000e+00 -1.84237767515617e-01 -2.46343247274364e-01 9.21176357270601e-02 1.23169952192305e-01 9.21176357270601e-02 1.23169952192305e-01 2.40727921689504e-06 3.21920474100784e-06
 0.00000000000000e+00 0.00000000000000e+00 0.00000000000000e+00 0.00000000000000e+00 0.00000000000000e+00 0.00000000000000e+00 6.95205586568925e-01 0.00000000000000e+00 0.00000000000000e+00 4.60800046207415e-01 0.00000000000000e+00 0.00000000000000e+00 1.59553931779187e-01 2.13338630604023e-01 -1.59553931779187e-01 -2.13338630604023e-01 0.00000000000000e+00 0.00000000000000e+00
 5.08308384002451e-03 1.11287174888266e-02 1.04634361280559e-01 1.20596687216217e-01 4.84719564534304e-02 -1.37104690956848e-01 0.00000000000000e+00 6.51353714170541e-02 -1.84237767515617e-01 0.00000000000000e+00 2.88800002591192e-01 4.39772826405624e-01 3.31184388299149e-02 1.29941104651181e-02 3.31184388299149e-02 1.29941104651181e-02 3.31184145923753e-02 1.29940904470676e-02
 -6.55294615801091e-03 -8.89441800067428e-03 9.60171154124756e-02 1.18605514630760e-01 7.06322269851963e-02 -1.99785823517965e-01 0.00000000000000e+00 8.70921262592533e-02 -2.46343247274364e-01 0.00000000000000e+00 4.39772826405624e-01 8.19200000728884e-01 1.29941104651181e-02 -8.70813383298696e-03 1.29941104651181e-02 -8.70813383298696e-03 1.29940904470676e-02 -8.70814490704282e-03
 5.08308243157175e-03 1.11287157564935e-02 1.04634352863451e-01 1.20596681508508e-01 4.84744545320252e-02 6.85514128675065e-02 1.18735652428865e-01 6.51387313980629e-02 9.21176357270601e-02 1.59553931779187e-01 3.31184388299149e-02 1.29941104651181e-02 2.88800002591192e-01 4.39772826405624e-01 3.31183996329175e-02 1.29940780690686e-02 3.31184226053683e-02 1.29940970226337e-02
 -6.55294594006173e-03 -8.89441932876581e-03 9.60171027350805e-02 1.18605506817297e-01 7.06358646833602e-02 9.98915492625617e-02 1.73018872585173e-01 8.70966182571625e-02 1.23169952192305e-01 2.13338630604023e-01 1.29941104651181e-02 -8.70813383298696e-03 4.39772826405624e-01 8.19200000728884e-01 1.29940780690686e-02 -8.70815141079992e-03 1.29940970226337e-02 -8.70814124739124e-03
 5.08308243157175e-03 1.11287157564935e-02 1.04634352863451e-01 1.20596681508508e-01 4.84744545320252e-02 6.85514128675065e-02 -1.18735652428865e-01 6.51387313980629e-02 9.21176357270601e-02 -1.59553931779187e-01 3.31184388299149e-02 1.29941104651181e-02 3.31183996329175e-02 1.29940780690686e-02 2.88800002591192e-01 4.39772826405624e-01 3.31184226053683e-02 1.29940970226337e-02
 -6.55294594006173e-03 -8.89441932876581e-03 9.60171027350805e-02 1.18605506817297e-01 7.06358646833602e-02 9.98915492625617e-02 -1.73018872585173e-01 8.70966182571625e-02 1.23169952192305e-01 -2.13338630604023e-01 1.29941104651181e-02 -8.70813383298696e-03 1.29940780690686e-02 -8.70815141079992e-03 4.39772826405624e-01 8.19200000728884e-01 1.29940970226337e-02 -8.70814124739124e-03
 5.08308258522250e-03 1.11287161345902e-02 1.04634350625789e-01 1.20596680132581e-01 -1.45420848718479e-01 1.79172636151847e-06 0.00000000000000e+00 -1.95412819410123e-01 2.40727921689504e-06 0.00000000000000e+00 3.31184145923753e-02 1.29940904470676e-02 3.31184226053683e-02 1.29940970226337e-02 3.31184226053683e-02 1.29940970226337e-02 2.88800002591192e-01 4.39772826405624e-01
 -6.55294629156218e-03 -8.89441940153905e-03 9.60170993916604e-02 1.18605505235858e-01 -2.11903927888162e-01 2.61077438934371e-06 0.00000000000000e+00 -2.61285338763238e-01 3.21920474100784e-06 0.00000000000000e+00 1.29940904470676e-02 -8.70814490704282e-03 1.29940970226337e-02 -8.70814124739124e-03 1.29940970226337e-02 -8.70814124739124e-03 4.39772826405624e-01 8.19200000728884e-01
