S:
 1.00000000000000e+00 9.33746665827803e-01 1.86830126295597e-01 7.97603841182616e-02 0.00000000000000e+00 0.00000000000000e+00 0.00000000000000e+00 0.00000000000000e+00 0.00000000000000e+00 0.00000000000000e+00 0.00000000000000e+00 0.00000000000000e+00 0.00000000000000e+00 0.00000000000000e+00 0.00000000000000e+00 5.32229386243738e-02 4.13705389791287e-02 -3.42240870537530e-02 9.68040749478216e-02 0.00000000000000e+00 5.32229360467786e-02 4.13705354863716e-02 -3.42258518874574e-02 -4.84013797569639e-02 -8.38344413068617e-02 5.32229360467786e-02 4.13705354863716e-02 -3.42258518874574e-02 -4.84013797569639e-02 8.38344413068617e-02 5.32229355086653e-02 4.13705347031124e-02 1.02675780115341e-01 -1.26475772942158e-06 0.00000000000000e+00
 9.33746665827803e-01 1.00000000000000e+00 3.60036793224751e-01 1.74953027506644e-01 0.00000000000000e+00 0.00000000000000e+00 0.00000000000000e+00 0.00000000000000e+00 0.00000000000000e+00 0.00000000000000e+00 0.00000000000000e+00 0.00000000000000e+00 0.00000000000000e+00 0.00000000000000e+00 0.00000000000000e+00 1.00274910418071e-01 7.95369255896736e-02 -6.21719094788258e-02 1.75855507181574e-01 0.00000000000000e+00 1.00274905641276e-01 7.95369190669096e-02 -6.21751157394361e-02 -8.79265591356373e-02 -1.52294707208408e-01 1.00274905641276e-01 7.95369190669097e-02 -6.21751157394361e-02 -8.79265591356373e-02 1.52294707208408e-01 1.00274904430352e-01 7.95369175204558e-02 1.86522121587780e-01 -2.29769383452407e-06 0.00000000000000e+00
 1.86830126295597e-01 3.60036793224751e-01 1.00000000000000e+00 8.73147870969765e-01 0.00000000000000e+00 0.00000000000000e+00 0.00000000000000e+00 0.00000000000000e+00 0.00000000000000e+00 0.00000000000000e+00 0.00000000000000e+00 0.00000000000000e+00 0.00000000000000e+00 0.00000000000000e+00 0.00000000000000e+00 5.33686974699489e-01 4.46105527611331e-01 -1.99943297803311e-01 5.65546891499332e-01 0.00000000000000e+00 5.33686957831649e-01 4.46105506178189e-01 -1.99953615359097e-01 -2.82769612104377e-01 -4.89775967206540e-01 5.33686957831649e-01 4.46105506178189e-01 -1.99953615359097e-01 -2.82769612104377e-01 4.89775967206540e-01 5.33686952338611e-01 4.46105500245633e-01 5.99850478670926e-01 -7.38928894965612e-06 0.00000000000000e+00
 7.97603841182616e-02 1.74953027506644e-01 8.73147870969765e-01 1.00000000000000e+00 0.00000000000000e+00 0.00000000000000e+00 0.00000000000000e+00 0.00000000000000e+00 0.00000000000000e+00 0.00000000000000e+00 0.00000000000000e+00 0.00000000000000e+00 0.00000000000000e+00 0.00000000000000e+00 0.00000000000000e+00 7.20096655559260e-01 5.55223287943905e-01 -1.67079642331809e-01 4.72590842175967e-01 0.00000000000000e+00 7.20096640437456e-01 5.55223271204371e-01 -1.67088265645094e-01 -2.36292219980573e-01 -4.09274004015272e-01 7.20096640437456e-01 5.55223271204371e-01 -1.67088265645094e-01 -2.36292219980573e-01 4.09274004015272e-01 7.20096635355264e-01 5.55223266619040e-01 5.01256135010966e-01 -6.17515183978680e-06 0.00000000000000e+00
 0.00000000000000e+00 0.00000000000000e+00 0.00000000000000e+00 0.00000000000000e+00 1.00000000000000e+00 0.00000000000000e+00 0.00000000000000e+00 6.58338631143568e-01 0.00000000000000e+00 0.00000000000000e+00 0.00000000000000e+00 0.00000000000000e+00 0.00000000000000e+00 0.00000000000000e+00 0.00000000000000e+00 9.20397517855990e-02 1.21374902769331e-01 2.75167486800702e-01 1.61746215329774e-01 0.00000000000000e+00 9.20445000994067e-02 1.21381162201424e-01 2.75161566267201e-01 -8.08761868693306e-02 -1.40082987400897e-01 9.20445000994067e-02 1.21381162201424e-01 2.75161566267201e-01 -8.08761868693306e-02 1.40082987400897e-01 -2.76128727047452e-01 -3.64137190587195e-01 -1.82337582323145e-01 6.33987577709018e-06 0.00000000000000e+00
 0.00000000000000e+00 0.00000000000000e+00 0.00000000000000e+00 0.00000000000000e+00 0.00000000000000e+00 1.00000000000000e+00 0.00000000000000e+00 0.00000000000000e+00 6.58338631143568e-01 0.00000000000000e+00 0.00000000000000e+00 0.00000000000000e+00 0.00000000000000e+00 0.00000000000000e+00 0.00000000000000e+00 -2.60337783750061e-01 -3.43313325242102e-01 1.61746213250122e-01 -1.25153845895883e-01 0.00000000000000e+00 1.30167125609112e-01 1.71654331433328e-01 -8.08761863701260e-02 2.17978020909737e-01 -1.98102004221523e-01 1.30167125609112e-01 1.71654331433328e-01 -8.08761863701260e-02 2.17978020909737e-01 1.98102004221523e-01 3.40182443009689e-06 4.48629349100880e-06 6.34039077848553e-06 3.32351181169295e-01 0.00000000000000e+00
 0.00000000000000e+00 0.00000000000000e+00 0.00000000000000e+00 0.00000000000000e+00 0.00000000000000e+00 0.00000000000000e+00 1.00000000000000e+00 0.00000000000000e+00 0.00000000000000e+00 6.58338631143568e-01 0.00000000000000e+00 0.00000000000000e+00 0.00000000000000e+00 0.00000000000000e+00 0.00000000000000e+00 0.00000000000000e+00 0.00000000000000e+00 0.00000000000000e+00 0.00000000000000e+00 3.32351202096271e-01 2.25458207587222e-01 2.97316833491376e-01 -1.40082986127610e-01 -1.98102004044071e-01 -1.07747959555171e-02 -2.25458207587222e-01 -2.97316833491376e-01 1.40082986127610e-01 1.98102004044071e-01 -1.07747959555171e-02 0.00000000000000e+00 0.00000000000000e+00 0.00000000000000e+00 0.00000000000000e+00 3.32351180610701e-01
 0.00000000000000e+00 0.00000000000000e+00 0.00000000000000e+00 0.00000000000000e+00 6.58338631143568e-01 0.00000000000000e+00 0.00000000000000e+00 1.00000000000000e+00 0.00000000000000e+00 0.00000000000000e+00 0.00000000000000e+00 0.00000000000000e+00 0.00000000000000e+00 0.00000000000000e+00 0.00000000000000e+00 1.82001929301901e-01 1.93129364850533e-01 5.62436568388434e-01 1.55801922435779e-01 0.00000000000000e+00 1.82011329836676e-01 1.93139332869467e-01 5.62430863270561e-01 -7.79039285445622e-02 -1.34934839216922e-01 1.82011329836676e-01 1.93139332869467e-01 5.62430863270561e-01 -7.79039285445623e-02 1.34934839216922e-01 -5.46024531974989e-01 -5.79407980472156e-01 1.21745130319326e-01 6.10436250631335e-06 0.00000000000000e+00
 0.00000000000000e+00 0.00000000000000e+00 0.00000000000000e+00 0.00000000000000e+00 0.00000000000000e+00 6.58338631143568e-01 0.00000000000000e+00 0.00000000000000e+00 1.00000000000000e+00 0.00000000000000e+00 0.00000000000000e+00 0.00000000000000e+00 0.00000000000000e+00 0.00000000000000e+00 0.00000000000000e+00 -5.14799070497841e-01 -5.46273429234227e-01 1.55801921043011e-01 1.76827345186522e-01 0.00000000000000e+00 2.57396046029663e-01 2.73133014924798e-01 -7.79039278216277e-02 5.07348861793436e-01 -1.90821612840742e-01 2.57396046029663e-01 2.73133014924798e-01 -7.79039278216277e-02 5.07348861793436e-01 1.90821612840742e-01 6.72321109639833e-06 7.13554827937821e-06 6.10127131426411e-06 6.17518721391637e-01 0.00000000000000e+00
 0.00000000000000e+00 0.00000000000000e+00 0.00000000000000e+00 0.00000000000000e+00 0.00000000000000e+00 0.00000000000000e+00 6.58338631143568e-01 0.00000000000000e+00 0.00000000000000e+00 1.00000000000000e+00 0.00000000000000e+00 0.00000000000000e+00 0.00000000000000e+00 0.00000000000000e+00 0.00000000000000e+00 0.00000000000000e+00 0.00000000000000e+00 0.00000000000000e+00 0.00000000000000e+00 6.17518746538364e-01 4.45827255452873e-01 4.73084732773231e-01 -1.34934837813087e-01 -1.90821612617989e-01 2.87002870669369e-01 -4.45827255452873e-01 -4.73084732773231e-01 1.34934837813087e-01 1.90821612617989e-01 2.87002870669369e-01 0.00000000000000e+00 0.00000000000000e+00 0.00000000000000e+00 0.00000000000000e+00 6.17518722345007e-01
 0.00000000000000e+00 0.00000000000000e+00 0.00000000000000e+00 0.00000000000000e+00 0.00000000000000e+00 0.00000000000000e+00 0.00000000000000e+00 0.00000000000000e+00 0.00000000000000e+00 0.00000000000000e+00 1.00000000000000e+00 0.00000000000000e+00 0.00000000000000e+00 0.00000000000000e+00 0.00000000000000e+00 -1.05188246995791e-01 -1.84730338616289e-01 -3.07346499349485e-01 -6.66698488993228e-02 0.00000000000000e+00 5.25961257667255e-02 9.23686844554805e-02 1.53667506816820e-01 8.36162033209964e-02 -8.67673703199584e-02 5.25961257667255e-02 9.23686844554805e-02 1.53667506816820e-01 8.36162033209964e-02 8.67673703199583e-02 -4.12565571901799e-06 -7.24349442824958e-06 -3.39089489404553e-06 -4.01125752271788e-01 0.00000000000000e+00
 0.00000000000000e+00 0.00000000000000e+00 0.00000000000000e+00 0.00000000000000e+00 0.00000000000000e+00 0.00000000000000e+00 0.00000000000000e+00 0.00000000000000e+00 0.00000000000000e+00 0.00000000000000e+00 0.00000000000000e+00 1.00000000000000e+00 0.00000000000000e+00 0.00000000000000e+00 0.00000000000000e+00 0.00000000000000e+00 0.00000000000000e+00 0.00000000000000e+00 0.00000000000000e+00 -3.78186617308612e-01 1.28831471375142e-01 2.26252282303622e-01 -8.67673713140303e-02 2.04813534188377e-01 -2.34414120926721e-02 -1.28831471375142e-01 -2.26252282303622e-01 8.67673713140303e-02 -2.04813534188377e-01 -2.34414120926720e-02 0.00000000000000e+00 0.00000000000000e+00 0.00000000000000e+00 0.00000000000000e+00 4.94193181523905e-06
 0.00000000000000e+00 0.00000000000000e+00 0.00000000000000e+00 0.00000000000000e+00 0.00000000000000e+00 0.00000000000000e+00 0.00000000000000e+00 0.00000000000000e+00 0.00000000000000e+00 0.00000000000000e+00 0.00000000000000e+00 0.00000000000000e+00 1.00000000000000e+00 0.00000000000000e+00 0.00000000000000e+00 -9.66244767049935e-02 -1.69690749619725e-01 -1.21212832295472e-02 3.42854876172582e-02 0.00000000000000e+00 9.66245542222706e-02 1.69690883603579e-01 -1.42274189872660e-01 -2.01200749883545e-01 2.18784374825098e-01 9.66245542222706e-02 1.69690883603579e-01 -1.42274189872660e-01 -2.01200749883545e-01 -2.18784374825098e-01 -9.66244774642054e-02 -1.69690746614607e-01 3.63650802152417e-02 -4.48667883511303e-07 0.00000000000000e+00
 0.00000000000000e+00 0.00000000000000e+00 0.00000000000000e+00 0.00000000000000e+00 0.00000000000000e+00 0.00000000000000e+00 0.00000000000000e+00 0.00000000000000e+00 0.00000000000000e+00 0.00000000000000e+00 0.00000000000000e+00 0.00000000000000e+00 0.00000000000000e+00 1.00000000000000e+00 0.00000000000000e+00 0.00000000000000e+00 0.00000000000000e+00 0.00000000000000e+00 0.00000000000000e+00 1.33703997813281e-01 9.11000243278368e-02 1.59988768425901e-01 2.66162445295114e-01 -8.67673727684318e-02 -1.65760218925090e-02 -9.11000243278368e-02 -1.59988768425901e-01 -2.66162445295114e-01 8.67673727684318e-02 -1.65760218925090e-02 0.00000000000000e+00 0.00000000000000e+00 0.00000000000000e+00 0.00000000000000e+00 -4.01125751745052e-01
 0.00000000000000e+00 0.00000000000000e+00 0.00000000000000e+00 0.00000000000000e+00 0.00000000000000e+00 0.00000000000000e+00 0.00000000000000e+00 0.00000000000000e+00 0.00000000000000e+00 0.00000000000000e+00 0.00000000000000e+00 0.00000000000000e+00 0.00000000000000e+00 0.00000000000000e+00 1.00000000000000e+00 -1.30170279909195e-01 -2.28603483731563e-01 2.21368523677358e-01 1.30224321562599e-01 0.00000000000000e+00 -1.85940626195210e-02 -3.26546642565629e-02 1.46233906415266e-01 -1.71381002807318e-01 3.06744592288692e-02 -1.85940626195210e-02 -3.26546642565629e-02 1.46233906415266e-01 -1.71381002807318e-01 -3.06744592288692e-02 1.67358502885101e-01 2.93912992842482e-01 -6.29861684558219e-02 -9.10618064602798e-06 0.00000000000000e+00
 5.32229386243738e-02 1.00274910418071e-01 5.33686974699489e-01 7.20096655559260e-01 9.20397517855990e-02 -2.60337783750061e-01 0.00000000000000e+00 1.82001929301901e-01 -5.14799070497841e-01 0.00000000000000e+00 -1.05188246995791e-01 0.00000000000000e+00 -9.66244767049935e-02 0.00000000000000e+00 -1.30170279909195e-01 1.00000000000000e+00 9.04138336591563e-01 0.00000000000000e+00 0.00000000000000e+00 0.00000000000000e+00 4.56046094854219e-01 2.80152287241596e-01 -4.19243773151575e-06 -3.44390814369153e-01 -1.98834213880320e-01 4.56046094854219e-01 2.80152287241596e-01 -4.19243773150552e-06 -3.44390814369153e-01 1.98834213880320e-01 4.56045976676106e-01 2.80152185205292e-01 3.24691945918168e-01 -2.29597814776467e-01 0.00000000000000e+00
 4.13705389791287e-02 7.95369255896736e-02 4.46105527611331e-01 5.55223287943905e-01 1.21374902769331e-01 -3.43313325242102e-01 0.00000000000000e+00 1.93129364850533e-01 -5.46273429234227e-01 0.00000000000000e+00 -1.84730338616289e-01 0.00000000000000e+00 -1.69690749619725e-01 0.00000000000000e+00 -2.28603483731563e-01 9.04138336591563e-01 1.00000000000000e+00 0.00000000000000e+00 0.00000000000000e+00 0.00000000000000e+00 2.80152287241596e-01 1.63283954821133e-01 -3.73760786573710e-06 -3.07044995701066e-01 -1.77272586519662e-01 2.80152287241596e-01 1.63283954821133e-01 -3.73760786573710e-06 -3.07044995701066e-01 1.77272586519662e-01 2.80152185205292e-01 1.63283865130406e-01 2.89482234774233e-01 -2.04700146308615e-01 0.00000000000000e+00
 -3.42240870537530e-02 -6.21719094788258e-02 -1.99943297803311e-01 -1.67079642331809e-01 2.75167486800702e-01 1.61746213250122e-01 0.00000000000000e+00 5.62436568388434e-01 1.55801921043011e-01 0.00000000000000e+00 -3.07346499349485e-01 0.00000000000000e+00 -1.21212832295472e-02 0.00000000000000e+00 2.21368523677358e-01 0.00000000000000e+00 0.00000000000000e+00 1.00000000000000e+00 0.00000000000000e+00 0.00000000000000e+00 4.19243773152597e-06 3.73760786574269e-06 2.68138563905018e-01 -5.42015021648570e-06 -3.12943000616991e-06 4.19243773151575e-06 3.73760786574548e-06 2.68138563905018e-01 -5.42015021648907e-06 3.12943000618171e-06 -3.24691945918168e-01 -2.89482234774233e-01 -1.27626229864385e-01 2.79855126894556e-01 0.00000000000000e+00
 9.68040749478216e-02 1.75855507181574e-01 5.65546891499332e-01 4.72590842175967e-01 1.61746215329774e-01 -1.25153845895883e-01 0.00000000000000e+00 1.55801922435779e-01 1.76827345186522e-01 0.00000000000000e+00 -6.66698488993228e-02 0.00000000000000e+00 3.42854876172582e-02 0.00000000000000e+00 1.30224321562599e-01 0.00000000000000e+00 0.00000000000000e+00 0.00000000000000e+00 1.00000000000000e+00 0.00000000000000e+00 3.44390814369153e-01 3.07044995701066e-01 -5.42015021648907e-06 -1.77104339702983e-01 -2.57061220169877e-01 3.44390814369153e-01 3.07044995701066e-01 -5.42015021647559e-06 -1.77104339702983e-01 2.57061220169877e-01 2.29597814776467e-01 2.04700146308615e-01 2.79855126894556e-01 7.02458710079353e-02 0.00000000000000e+00
 0.00000000000000e+00 0.00000000000000e+00 0.00000000000000e+00 0.00000000000000e+00 0.00000000000000e+00 0.00000000000000e+00 3.32351202096271e-01 0.00000000000000e+00 0.00000000000000e+00 6.17518746538364e-01 0.00000000000000e+00 -3.78186617308612e-01 0.00000000000000e+00 1.33703997813281e-01 0.00000000000000e+00 0.00000000000000e+00 0.00000000000000e+00 0.00000000000000e+00 0.00000000000000e+00 1.00000000000000e+00 1.98834213880320e-01 1.77272586519662e-01 -3.12943000617497e-06 -2.57061220169877e-01 1.19724136619476e-01 -1.98834213880320e-01 -1.77272586519662e-01 3.12943000618339e-06 2.57061220169877e-01 1.19724136619476e-01 0.00000000000000e+00 0.00000000000000e+00 0.00000000000000e+00 0.00000000000000e+00 2.68138448024036e-01
 5.32229360467786e-02 1.00274905641276e-01 5.33686957831649e-01 7.20096640437456e-01 9.20445000994067e-02 1.30167125609112e-01 2.25458207587222e-01 1.82011329836676e-01 2.57396046029663e-01 4.45827255452873e-01 5.25961257667255e-02 1.28831471375142e-01 9.66245542222706e-02 9.11000243278368e-02 -1.85940626195210e-02 4.56046094854219e-01 2.80152287241596e-01 4.19243773152597e-06 3.44390814369153e-01 1.98834213880320e-01 1.00000000000000e+00 9.04138336591563e-01 0.00000000000000e+00 0.00000000000000e+00 0.00000000000000e+00 4.56045904685760e-01 2.80152122730584e-01 0.00000000000000e+00 0.00000000000000e+00 3.97668176126268e-01 4.56046016226050e-01 2.80152219178051e-01 3.24696180999362e-01 1.14792872772135e-01 1.98834161865848e-01
 4.13705354863716e-02 7.95369190669096e-02 4.46105506178189e-01 5.55223271204371e-01 1.21381162201424e-01 1.71654331433328e-01 2.97316833491376e-01 1.93139332869467e-01 2.73133014924798e-01 4.73084732773231e-01 9.23686844554805e-02 2.26252282303622e-01 1.69690883603579e-01 1.59988768425901e-01 -3.26546642565629e-02 2.80152287241596e-01 1.63283954821133e-01 3.73760786574269e-06 3.07044995701066e-01 1.77272586519662e-01 9.04138336591563e-01 1.00000000000000e+00 0.00000000000000e+00 0.00000000000000e+00 0.00000000000000e+00 2.80152122730584e-01 1.63283809878582e-01 0.00000000000000e+00 0.00000000000000e+00 3.54544865388197e-01 2.80152219178051e-01 1.63283895007851e-01 2.89486024876936e-01 1.02344697051452e-01 1.77272523293633e-01
 -3.42258518874574e-02 -6.21751157394361e-02 -1.99953615359097e-01 -1.67088265645094e-01 2.75161566267201e-01 -8.08761863701260e-02 -1.40082986127610e-01 5.62430863270561e-01 -7.79039278216277e-02 -1.34934837813087e-01 1.53667506816820e-01 -8.67673713140303e-02 -1.42274189872660e-01 2.66162445295114e-01 1.46233906415266e-01 -4.19243773151575e-06 -3.73760786573710e-06 2.68138563905018e-01 -5.42015021648907e-06 -3.12943000617497e-06 0.00000000000000e+00 0.00000000000000e+00 1.00000000000000e+00 0.00000000000000e+00 0.00000000000000e+00 0.00000000000000e+00 0.00000000000000e+00 2.68138375971599e-01 0.00000000000000e+00 0.00000000000000e+00 -3.24696180999361e-01 -2.89486024876936e-01 -1.27636481894263e-01 -1.39922020907740e-01 -2.42360670826468e-01
 -4.84013797569639e-02 -8.79265591356373e-02 -2.82769612104377e-01 -2.36292219980573e-01 -8.08761868693306e-02 2.17978020909737e-01 -1.98102004044071e-01 -7.79039285445622e-02 5.07348861793436e-01 -1.90821612617989e-01 8.36162033209964e-02 2.04813534188377e-01 -2.01200749883545e-01 -8.67673727684318e-02 -1.71381002807318e-01 -3.44390814369153e-01 -3.07044995701066e-01 -5.42015021648570e-06 -1.77104339702983e-01 -2.57061220169877e-01 0.00000000000000e+00 0.00000000000000e+00 0.00000000000000e+00 1.00000000000000e+00 0.00000000000000e+00 0.00000000000000e+00 0.00000000000000e+00 0.00000000000000e+00 2.68138376096640e-01 0.00000000000000e+00 -1.14792872772135e-01 -1.02344697051452e-01 -1.39922020907740e-01 2.18670546463450e-01 -8.56840320787557e-02
 -8.38344413068617e-02 -1.52294707208408e-01 -4.89775967206540e-01 -4.09274004015272e-01 -1.40082987400897e-01 -1.98102004221523e-01 -1.07747959555171e-02 -1.34934839216922e-01 -1.90821612840742e-01 2.87002870669369e-01 -8.67673703199584e-02 -2.34414120926721e-02 2.18784374825098e-01 -1.65760218925090e-02 3.06744592288692e-02 -1.98834213880320e-01 -1.77272586519662e-01 -3.12943000616991e-06 -2.57061220169877e-01 1.19724136619476e-01 0.00000000000000e+00 0.00000000000000e+00 0.00000000000000e+00 0.00000000000000e+00 1.00000000000000e+00 -3.97668176126268e-01 -3.54544865388197e-01 0.00000000000000e+00 0.00000000000000e+00 -3.25518829048652e-01 -1.98834161865848e-01 -1.77272523293633e-01 -2.42360670826468e-01 -8.56840320787557e-02 1.19724110997902e-01
 5.32229360467786e-02 1.00274905641276e-01 5.33686957831649e-01 7.20096640437456e-01 9.20445000994067e-02 1.30167125609112e-01 -2.25458207587222e-01 1.82011329836676e-01 2.57396046029663e-01 -4.45827255452873e-01 5.25961257667255e-02 -1.28831471375142e-01 9.66245542222706e-02 -9.11000243278368e-02 -1.85940626195210e-02 4.56046094854219e-01 2.80152287241596e-01 4.19243773151575e-06 3.44390814369153e-01 -1.98834213880320e-01 4.56045904685760e-01 2.80152122730584e-01 0.00000000000000e+00 0.00000000000000e+00 -3.97668176126268e-01 1.00000000000000e+00 9.04138336591563e-01 0.00000000000000e+00 0.00000000000000e+00 0.00000000000000e+00 4.56046016226050e-01 2.80152219178051e-01 3.24696180999361e-01 1.14792872772135e-01 -1.98834161865848e-01
 4.13705354863716e-02 7.95369190669097e-02 4.46105506178189e-01 5.55223271204371e-01 1.21381162201424e-01 1.71654331433328e-01 -2.97316833491376e-01 1.93139332869467e-01 2.73133014924798e-01 -4.73084732773231e-01 9.23686844554805e-02 -2.26252282303622e-01 1.69690883603579e-01 -1.59988768425901e-01 -3.26546642565629e-02 2.80152287241596e-01 1.63283954821133e-01 3.73760786574548e-06 3.07044995701066e-01 -1.77272586519662e-01 2.80152122730584e-01 1.63283809878582e-01 0.00000000000000e+00 0.00000000000000e+00 -3.54544865388197e-01 9.04138336591563e-01 1.00000000000000e+00 0.00000000000000e+00 0.00000000000000e+00 0.00000000000000e+00 2.80152219178051e-01 1.63283895007851e-01 2.89486024876936e-01 1.02344697051452e-01 -1.77272523293633e-01
 -3.42258518874574e-02 -6.21751157394361e-02 -1.99953615359097e-01 -1.67088265645094e-01 2.75161566267201e-01 -8.08761863701260e-02 1.40082986127610e-01 5.62430863270561e-01 -7.79039278216277e-02 1.34934837813087e-01 1.53667506816820e-01 8.67673713140303e-02 -1.42274189872660e-01 -2.66162445295114e-01 1.46233906415266e-01 -4.19243773150552e-06 -3.73760786573710e-06 2.68138563905018e-01 -5.42015021647559e-06 3.12943000618339e-06 0.00000000000000e+00 0.00000000000000e+00 2.68138375971599e-01 0.00000000000000e+00 0.00000000000000e+00 0.00000000000000e+00 0.00000000000000e+00 1.00000000000000e+00 0.00000000000000e+00 0.00000000000000e+00 -3.24696180999362e-01 -2.89486024876936e-01 -1.27636481894263e-01 -1.39922020907740e-01 2.42360670826468e-01
 -4.84013797569639e-02 -8.79265591356373e-02 -2.82769612104377e-01 -2.36292219980573e-01 -8.08761868693306e-02 2.17978020909737e-01 1.98102004044071e-01 -7.79039285445623e-02 5.07348861793436e-01 1.90821612617989e-01 8.36162033209964e-02 -2.04813534188377e-01 -2.01200749883545e-01 8.67673727684318e-02 -1.71381002807318e-01 -3.44390814369153e-01 -3.07044995701066e-01 -5.42015021648907e-06 -1.77104339702983e-01 2.57061220169877e-01 0.00000000000000e+00 0.00000000000000e+00 0.00000000000000e+00 2.68138376096640e-01 0.00000000000000e+00 0.00000000000000e+00 0.00000000000000e+00 0.00000000000000e+00 1.00000000000000e+00 0.00000000000000e+00 -1.14792872772135e-01 -1.02344697051452e-01 -1.39922020907740e-01 2.18670546463450e-01 8.56840320787557e-02
 8.38344413068617e-02 1.52294707208408e-01 4.89775967206540e-01 4.09274004015272e-01 1.40082987400897e-01 1.98102004221523e-01 -1.07747959555171e-02 1.34934839216922e-01 1.90821612840742e-01 2.87002870669369e-01 8.67673703199583e-02 -2.34414120926720e-02 -2.18784374825098e-01 -1.65760218925090e-02 -3.06744592288692e-02 1.98834213880320e-01 1.77272586519662e-01 3.12943000618171e-06 2.57061220169877e-01 1.19724136619476e-01 3.97668176126268e-01 3.54544865388197e-01 0.00000000000000e+00 0.00000000000000e+00 -3.25518829048652e-01 0.00000000000000e+00 0.00000000000000e+00 0.00000000000000e+00 0.00000000000000e+00 1.00000000000000e+00 1.98834161865848e-01 1.77272523293633e-01 2.42360670826468e-01 8.56840320787557e-02 1.19724110997902e-01
 5.32229355086653e-02 1.00274904430352e-01 5.33686952338611e-01 7.20096635355264e-01 -2.76128727047452e-01 3.40182443009689e-06 0.00000000000000e+00 -5.46024531974989e-01 6.72321109639833e-06 0.00000000000000e+00 -4.12565571901799e-06 0.00000000000000e+00 -9.66244774642054e-02 0.00000000000000e+00 1.67358502885101e-01 4.56045976676106e-01 2.80152185205292e-01 -3.24691945918168e-01 2.29597814776467e-01 0.00000000000000e+00 4.56046016226050e-01 2.80152219178051e-01 -3.24696180999361e-01 -1.14792872772135e-01 -1.98834161865848e-01 4.56046016226050e-01 2.80152219178051e-01 -3.24696180999362e-01 -1.14792872772135e-01 1.98834161865848e-01 1.00000000000000e+00 9.04138336591563e-01 0.00000000000000e+00 0.00000000000000e+00 0.00000000000000e+00
 4.13705347031124e-02 7.95369175204558e-02 4.46105500245633e-01 5.55223266619040e-01 -3.64137190587195e-01 4.48629349100880e-06 0.00000000000000e+00 -5.79407980472156e-01 7.13554827937821e-06 0.00000000000000e+00 -7.24349442824958e-06 0.00000000000000e+00 -1.69690746614607e-01 0.00000000000000e+00 2.93912992842482e-01 2.80152185205292e-01 1.63283865130406e-01 -2.89482234774233e-01 2.04700146308615e-01 0.00000000000000e+00 2.80152219178051e-01 1.63283895007851e-01 -2.89486024876936e-01 -1.02344697051452e-01 -1.77272523293633e-01 2.80152219178051e-01 1.63283895007851e-01 -2.89486024876936e-01 -1.02344697051452e-01 1.77272523293633e-01 9.04138336591563e-01 1.00000000000000e+00 0.00000000000000e+00 0.00000000000000e+00 0.00000000000000e+00
 1.02675780115341e-01 1.86522121587780e-01 5.99850478670926e-01 5.01256135010966e-01 -1.82337582323145e-01 6.34039077848553e-06 0.00000000000000e+00 1.21745130319326e-01 6.10127131426411e-06 0.00000000000000e+00 -3.39089489404553e-06 0.00000000000000e+00 3.63650802152417e-02 0.00000000000000e+00 -6.29861684558219e-02 3.24691945918168e-01 2.89482234774233e-01 -1.27626229864385e-01 2.79855126894556e-01 0.00000000000000e+00 3.24696180999362e-01 2.89486024876936e-01 -1.27636481894263e-01 -1.39922020907740e-01 -2.42360670826468e-01 3.24696180999361e-01 2.89486024876936e-01 -1.27636481894263e-01 -1.39922020907740e-01 2.42360670826468e-01 0.00000000000000e+00 0.00000000000000e+00 1.00000000000000e+00 0.00000000000000e+00 0.00000000000000e+00
 -1.26475772942158e-06 -2.29769383452407e-06 -7.38928894965612e-06 -6.17515183978680e-06 6.33987577709018e-06 3.32351181169295e-01 0.00000000000000e+00 6.10436250631335e-06 6.17518721391637e-01 0.00000000000000e+00 -4.01125752271788e-01 0.00000000000000e+00 -4.48667883511303e-07 0.00000000000000e+00 -9.10618064602798e-06 -2.29597814776467e-01 -2.04700146308615e-01 2.79855126894556e-01 7.02458710079353e-02 0.00000000000000e+00 1.14792872772135e-01 1.02344697051452e-01 -1.39922020907740e-01 2.18670546463450e-01 -8.56840320787557e-02 1.14792872772135e-01 1.02344697051452e-01 -1.39922020907740e-01 2.18670546463450e-01 8.56840320787557e-02 0.00000000000000e+00 0.00000000000000e+00 0.00000000000000e+00 1.00000000000000e+00 0.00000000000000e+00
 0.00000000000000e+00 0.00000000000000e+00 0.00000000000000e+00 0.00000000000000e+00 0.00000000000000e+00 0.00000000000000e+00 3.32351180610701e-01 0.00000000000000e+00 0.00000000000000e+00 6.17518722345007e-01 0.00000000000000e+00 4.94193181523905e-06 0.00000000000000e+00 -4.01125751745052e-01 0.00000000000000e+00 0.00000000000000e+00 0.00000000000000e+00 0.00000000000000e+00 0.00000000000000e+00 2.68138448024036e-01 1.98834161865848e-01 1.77272523293633e-01 -2.42360670826468e-01 -8.56840320787557e-02 1.19724110997902e-01 -1.98834161865848e-01 -1.77272523293633e-01 2.42360670826468e-01 8.56840320787557e-02 1.19724110997902e-01 0.00000000000000e+00 0.00000000000000e+00 0.00000000000000e+00 0.00000000000000e+00 1.00000000000000e+00
En:
 -4.80582248509264e+01 -3.73668866122408e+01 -3.97915139552171e+00 -1.58070969082897e+00 0.00000000000000e+00 0.00000000000000e+00 0.00000000000000e+00 0.00000000000000e+00 0.00000000000000e+00 0.00000000000000e+00 0.00000000000000e+00 0.00000000000000e+00 0.00000000000000e+00 0.00000000000000e+00 0.00000000000000e+00 -1.33547633834031e+00 -1.02988672640749e+00 8.69124469153953e-01 -2.45835016642734e+00 0.00000000000000e+00 -1.33547627223421e+00 -1.02988663876354e+00 8.69169285493461e-01 1.22915838188103e+00 2.12898488921214e+00 -1.33547627223421e+00 -1.02988663876354e+00 8.69169285493461e-01 1.22915838188103e+00 -2.12898488921214e+00 -1.33547625888022e+00 -1.02988661834969e+00 -2.60746276407143e+00 3.21182670998714e-05 0.00000000000000e+00
 -3.73668866122408e+01 -3.19782293704008e+01 -5.73832710964651e+00 -2.52947032247459e+00 0.00000000000000e+00 0.00000000000000e+00 0.00000000000000e+00 0.00000000000000e+00 0.00000000000000e+00 0.00000000000000e+00 0.00000000000000e+00 0.00000000000000e+00 0.00000000000000e+00 0.00000000000000e+00 0.00000000000000e+00 -1.71598256534452e+00 -1.34016444104968e+00 1.09420974435745e+00 -3.09501205760976e+00 0.00000000000000e+00 -1.71598247660678e+00 -1.34016432247205e+00 1.09426616734460e+00 1.54748500019980e+00 2.68034797545958e+00 -1.71598247660678e+00 -1.34016432247205e+00 1.09426616734460e+00 1.54748500019980e+00 -2.68034797545958e+00 -1.71598245813248e+00 -1.34016429743442e+00 -3.28274173426460e+00 4.04374995992815e-05 0.00000000000000e+00
 -3.97915139552171e+00 -5.73832710964651e+00 -7.88896043279178e+00 -5.87271467498025e+00 0.00000000000000e+00 0.00000000000000e+00 0.00000000000000e+00 0.00000000000000e+00 0.00000000000000e+00 0.00000000000000e+00 0.00000000000000e+00 0.00000000000000e+00 0.00000000000000e+00 0.00000000000000e+00 0.00000000000000e+00 -3.40582485693516e+00 -2.89203914342605e+00 1.51007184460131e+00 -4.27129511667210e+00 0.00000000000000e+00 -3.40582488383315e+00 -2.89203913930885e+00 1.51015031246409e+00 2.13561860550403e+00 3.69903479596469e+00 -3.40582488383315e+00 -2.89203913930885e+00 1.51015031246409e+00 2.13561860550403e+00 -3.69903479596469e+00 -3.40582457156843e+00 -2.89203890981829e+00 -4.53037263851997e+00 5.53806770446797e-05 0.00000000000000e+00
 -1.58070969082897e+00 -2.52947032247459e+00 -5.87271467498025e+00 -5.48409070026382e+00 0.00000000000000e+00 0.00000000000000e+00 0.00000000000000e+00 0.00000000000000e+00 0.00000000000000e+00 0.00000000000000e+00 0.00000000000000e+00 0.00000000000000e+00 0.00000000000000e+00 0.00000000000000e+00 0.00000000000000e+00 -3.58848952191681e+00 -2.95964861820864e+00 1.14374940602080e+00 -3.23513952199630e+00 0.00000000000000e+00 -3.58848944153394e+00 -2.95964868133166e+00 1.14380907619280e+00 1.61754786095289e+00 2.80170143639726e+00 -3.58848944153394e+00 -2.95964868133166e+00 1.14380907619280e+00 1.61754786095289e+00 -2.80170143639726e+00 -3.58848911339868e+00 -2.95964840294104e+00 -3.43136827416637e+00 4.17667392261867e-05 0.00000000000000e+00
 0.00000000000000e+00 0.00000000000000e+00 0.00000000000000e+00 0.00000000000000e+00 -8.56285653249031e+00 0.00000000000000e+00 0.00000000000000e+00 -4.36412029861415e+00 0.00000000000000e+00 0.00000000000000e+00 -2.99317456309337e-06 0.00000000000000e+00 -5.39384734054231e-02 0.00000000000000e+00 9.34219822331450e-02 -5.52143516313243e-01 -7.52051375888579e-01 -1.57242335036084e+00 -1.07500920111204e+00 0.00000000000000e+00 -5.52171777483461e-01 -7.52089930039632e-01 -1.57238434211681e+00 5.37525083922470e-01 9.31029481263901e-01 -5.52171777483461e-01 -7.52089930039632e-01 -1.57238434211681e+00 5.37525083922470e-01 -9.31029481263901e-01 1.65648635042295e+00 2.25623059305087e+00 1.46827868759272e+00 -4.18436955751918e-05 0.00000000000000e+00
 0.00000000000000e+00 0.00000000000000e+00 0.00000000000000e+00 0.00000000000000e+00 0.00000000000000e+00 -8.56285647776441e+00 0.00000000000000e+00 0.00000000000000e+00 -4.36412024534593e+00 0.00000000000000e+00 -6.22806126412773e-02 0.00000000000000e+00 -7.62785612463603e-02 0.00000000000000e+00 -4.40425433432578e-02 1.56175694713269e+00 2.12720371334884e+00 -1.07500837260442e+00 1.08822042131469e+00 0.00000000000000e+00 -7.80867953532547e-01 -1.06358748912433e+00 5.37525012236632e-01 -1.19232701899724e+00 1.31663949901219e+00 -7.80867953532547e-01 -1.06358748912433e+00 5.37525012236632e-01 -1.19232701899724e+00 -1.31663949901219e+00 -2.07042068044814e-05 -2.80151893155661e-05 -4.24138356491227e-05 -1.95248129594035e+00 0.00000000000000e+00
 0.00000000000000e+00 0.00000000000000e+00 0.00000000000000e+00 0.00000000000000e+00 0.00000000000000e+00 0.00000000000000e+00 -8.56285658289040e+00 0.00000000000000e+00 0.00000000000000e+00 -4.36412034389415e+00 0.00000000000000e+00 -8.80787930069599e-02 0.00000000000000e+00 -6.22828072596562e-02 0.00000000000000e+00 0.00000000000000e+00 0.00000000000000e+00 0.00000000000000e+00 0.00000000000000e+00 -1.95248230372722e+00 -1.35251586640682e+00 -1.84220504893268e+00 9.31029418627875e-01 1.31663958702329e+00 3.28026194404223e-01 1.35251586640682e+00 1.84220504893268e+00 -9.31029418627875e-01 -1.31663958702329e+00 3.28026194404223e-01 0.00000000000000e+00 0.00000000000000e+00 0.00000000000000e+00 0.00000000000000e+00 -1.95248202641778e+00
 0.00000000000000e+00 0.00000000000000e+00 0.00000000000000e+00 0.00000000000000e+00 -4.36412029861415e+00 0.00000000000000e+00 0.00000000000000e+00 -4.44583342009090e+00 0.00000000000000e+00 0.00000000000000e+00 -3.60865013769015e-06 0.00000000000000e+00 -6.47417626284876e-02 0.00000000000000e+00 1.12133386700980e-01 -7.59310258271096e-01 -9.10036786804010e-01 -2.25109055136942e+00 -8.47629592246423e-01 0.00000000000000e+00 -7.59349348608172e-01 -9.10083422800957e-01 -2.25105991670562e+00 4.23831089892960e-01 7.34103516233777e-01 -7.59349348608172e-01 -9.10083422800957e-01 -2.25105991670562e+00 4.23831089892960e-01 -7.34103516233777e-01 2.27800779501365e+00 2.73020251314641e+00 1.46459570929285e-01 -3.28992336554535e-05 0.00000000000000e+00
 0.00000000000000e+00 0.00000000000000e+00 0.00000000000000e+00 0.00000000000000e+00 0.00000000000000e+00 -4.36412024534593e+00 0.00000000000000e+00 0.00000000000000e+00 -4.44583333776696e+00 0.00000000000000e+00 -7.47547324003283e-02 0.00000000000000e+00 -9.15563117939998e-02 0.00000000000000e+00 -5.28637688524101e-02 2.14773563231599e+00 2.57407046224660e+00 -8.47628164252986e-01 -1.53210779631310e-01 0.00000000000000e+00 -1.07385318581755e+00 -1.28701791192394e+00 4.23830859098189e-01 -1.95139018671703e+00 1.03815148919589e+00 -1.07385318581755e+00 -1.28701791192394e+00 4.23830859098189e-01 -1.95139018671703e+00 -1.03815148919589e+00 -2.83176123841601e-05 -3.39467173492194e-05 -3.37099968516529e-05 -2.55076039304857e+00 0.00000000000000e+00
 0.00000000000000e+00 0.00000000000000e+00 0.00000000000000e+00 0.00000000000000e+00 0.00000000000000e+00 0.00000000000000e+00 -4.36412034389415e+00 0.00000000000000e+00 0.00000000000000e+00 -4.44583348764081e+00 0.00000000000000e+00 -1.05720024392037e-01 0.00000000000000e+00 -7.47573688566177e-02 0.00000000000000e+00 0.00000000000000e+00 0.00000000000000e+00 0.00000000000000e+00 0.00000000000000e+00 -2.55076280647744e+00 -1.85998612706729e+00 -2.22920157306147e+00 7.34103189733007e-01 1.03815159987763e+00 -7.52613044668147e-01 1.85998612706729e+00 2.22920157306147e+00 -7.34103189733007e-01 -1.03815159987763e+00 -7.52613044668147e-01 0.00000000000000e+00 0.00000000000000e+00 0.00000000000000e+00 0.00000000000000e+00 -2.55076191608132e+00
 0.00000000000000e+00 0.00000000000000e+00 0.00000000000000e+00 0.00000000000000e+00 -2.99317456309337e-06 -6.22806126412773e-02 0.00000000000000e+00 -3.60865013769015e-06 -7.47547324003283e-02 0.00000000000000e+00 -6.27602943627486e+00 0.00000000000000e+00 -4.95875739586561e-02 0.00000000000000e+00 -2.86273985453763e-02 5.71032241766749e-01 1.03669312102300e+00 1.41770865925869e+00 4.60267595975375e-01 0.00000000000000e+00 -2.85526502385016e-01 -5.18365875208556e-01 -7.08826510780375e-01 -3.82475747910852e-01 4.86559443735359e-01 -2.85526502385016e-01 -5.18365875208556e-01 -7.08826510780375e-01 -3.82475747910852e-01 -4.86559443735359e-01 2.29900064884234e-05 4.10588792529091e-05 2.25995573552043e-05 1.90334663548537e+00 0.00000000000000e+00
 0.00000000000000e+00 0.00000000000000e+00 0.00000000000000e+00 0.00000000000000e+00 0.00000000000000e+00 0.00000000000000e+00 -8.80787930069599e-02 0.00000000000000e+00 0.00000000000000e+00 -1.05720024392037e-01 0.00000000000000e+00 -6.31651710153908e+00 0.00000000000000e+00 -5.72587016192552e-02 0.00000000000000e+00 0.00000000000000e+00 0.00000000000000e+00 0.00000000000000e+00 0.00000000000000e+00 1.78427421698720e+00 -6.99382387940996e-01 -1.26971023173818e+00 4.86559466889565e-01 -8.83711348421725e-01 2.53653232599361e-01 6.99382387940995e-01 1.26971023173818e+00 -4.86559466889565e-01 8.83711348421725e-01 2.53653232599361e-01 0.00000000000000e+00 0.00000000000000e+00 0.00000000000000e+00 0.00000000000000e+00 -3.07062370667050e-02
 0.00000000000000e+00 0.00000000000000e+00 0.00000000000000e+00 0.00000000000000e+00 -5.39384734054231e-02 -7.62785612463603e-02 0.00000000000000e+00 -6.47417626284876e-02 -9.15563117939998e-02 0.00000000000000e+00 -4.95875739586561e-02 0.00000000000000e+00 -6.32664063303753e+00 0.00000000000000e+00 1.75304863522081e-02 5.24540971515726e-01 9.52290867950897e-01 -1.32303616280103e-02 -4.22932528147709e-02 0.00000000000000e+00 -5.24541930404406e-01 -9.52292052829911e-01 7.16614638531436e-01 1.01341910473803e+00 -9.21088656158005e-01 -5.24541930404407e-01 -9.52292052829911e-01 7.16614638531436e-01 1.01341910473803e+00 9.21088656158005e-01 5.24541038919860e-01 9.52290957444321e-01 -3.54650637322673e-02 -2.65709670444211e-02 0.00000000000000e+00
 0.00000000000000e+00 0.00000000000000e+00 0.00000000000000e+00 0.00000000000000e+00 0.00000000000000e+00 0.00000000000000e+00 -6.22828072596562e-02 0.00000000000000e+00 0.00000000000000e+00 -7.47573688566177e-02 0.00000000000000e+00 -5.72587016192552e-02 0.00000000000000e+00 -6.27603233396436e+00 0.00000000000000e+00 0.00000000000000e+00 0.00000000000000e+00 0.00000000000000e+00 0.00000000000000e+00 -6.63355719537674e-01 -4.94551334429353e-01 -8.97844610362267e-01 -1.22773325949670e+00 4.86559568731776e-01 1.79364680218600e-01 4.94551334429353e-01 8.97844610362267e-01 1.22773325949670e+00 -4.86559568731776e-01 1.79364680218600e-01 0.00000000000000e+00 0.00000000000000e+00 0.00000000000000e+00 0.00000000000000e+00 1.90334727840984e+00
 0.00000000000000e+00 0.00000000000000e+00 0.00000000000000e+00 0.00000000000000e+00 9.34219822331450e-02 -4.40425433432578e-02 0.00000000000000e+00 1.12133386700980e-01 -5.28637688524101e-02 0.00000000000000e+00 -2.86273985453763e-02 0.00000000000000e+00 1.75304863522081e-02 0.00000000000000e+00 -6.34688570211026e+00 7.06649801605151e-01 1.28290462627352e+00 -1.10070470566566e+00 -4.39817959542111e-01 0.00000000000000e+00 1.00940784200944e-01 1.83255397034672e-01 -6.79372709075654e-01 7.92813700763190e-01 -1.72010917649295e-01 1.00940784200944e-01 1.83255397034672e-01 -6.79372709075654e-01 7.92813700763189e-01 1.72010917649295e-01 -9.08533204900158e-01 -1.64941734194537e+00 6.14252805445122e-02 -1.52945093119888e-02 0.00000000000000e+00
 -1.33547633834031e+00 -1.71598256534452e+00 -3.40582485693516e+00 -3.58848952191681e+00 -5.52143516313243e-01 1.56175694713269e+00 0.00000000000000e+00 -7.59310258271096e-01 2.14773563231599e+00 0.00000000000000e+00 5.71032241766749e-01 0.00000000000000e+00 5.24540971515726e-01 0.00000000000000e+00 7.06649801605151e-01 -4.26660367062015e+00 -4.28950171632417e+00 4.23459365199948e-01 -1.19777027627486e+00 0.00000000000000e+00 -2.06876771582382e+00 -1.42506969851451e+00 2.37966578659068e-01 1.71683627264053e+00 1.37978275991972e+00 -2.06876771484820e+00 -1.42506969845563e+00 2.37966578895236e-01 1.71683627265074e+00 -1.37978276005299e+00 -2.06876595729479e+00 -1.42506787420606e+00 -2.01521455794613e+00 9.20242492215223e-01 0.00000000000000e+00
 -1.02988672640749e+00 -1.34016444104968e+00 -2.89203914342605e+00 -2.95964861820864e+00 -7.52051375888579e-01 2.12720371334884e+00 0.00000000000000e+00 -9.10036786804010e-01 2.57407046224660e+00 0.00000000000000e+00 1.03669312102300e+00 0.00000000000000e+00 9.52290867950897e-01 0.00000000000000e+00 1.28290462627352e+00 -4.28950171632417e+00 -5.09475433716898e+00 3.56497378964869e-01 -1.00836585217799e+00 0.00000000000000e+00 -1.42506991446317e+00 -9.04954150161528e-01 1.42447657171760e-01 1.59044268755277e+00 1.15082876246216e+00 -1.42506991199326e+00 -9.04954149297090e-01 1.42447657313594e-01 1.59044268454768e+00 -1.15082876073849e+00 -1.42506715236207e+00 -9.04951965315888e-01 -1.73685211394915e+00 9.26029798658232e-01 0.00000000000000e+00
 8.69124469153953e-01 1.09420974435745e+00 1.51007184460131e+00 1.14374940602080e+00 -1.57242335036084e+00 -1.07500837260442e+00 0.00000000000000e+00 -2.25109055136942e+00 -8.47628164252986e-01 0.00000000000000e+00 1.41770865925869e+00 0.00000000000000e+00 -1.32303616280103e-02 0.00000000000000e+00 -1.10070470566566e+00 4.23459365199948e-01 3.56497378964869e-01 -3.95725819319534e+00 3.09671779401342e-01 0.00000000000000e+00 2.37920956706981e-01 1.42406479501975e-01 -1.14770090469925e+00 -2.20060110728810e-01 -2.27376350051856e-01 2.37920956860421e-01 1.42406479525565e-01 -1.14770090350229e+00 -2.20060110542421e-01 2.27376349985470e-01 1.53931230257306e+00 1.45198902457108e+00 1.08481814326344e+00 -1.13848405836278e+00 0.00000000000000e+00
