pVp:
 -3.06245303280228e+03 -1.57340880066791e+03 8.93992921654258e+01 4.13906922492817e+01 2.11864731711239e-02 6.03797400890435e-02 6.93782744345199e-02 2.31587367096871e-02 6.60004544077115e-02 7.58367152843308e-02 3.19030228838229e-03 1.17318786672078e-02 5.38127407763548e-03 5.77021619243947e-03 -4.46093787651771e-03 -2.30046367482177e-01 2.66471780240757e-01 7.23168037965840e-01 -1.99492298730981e+00 2.91716508564754e-02 -2.20327024850653e-01 2.79393050868105e-01 7.14065432740394e-01 1.02321204757226e+00 -1.69749221901769e+00 -2.20349358303241e-01 2.79362844302589e-01 -2.10639984863811e+00 2.60867267964250e-02 2.96359915546437e-02 2.40924209300117e-05 1.77676697802945e-03 3.47397077880364e-01 5.48290925557074e-02 -1.73466701544303e-01 -2.43618718672754e-01 -4.23924155119996e-01 1.62403360356240e-01 2.35609967557079e-01 4.01214340956887e-01 5.60524805467119e-02 1.35358467745885e-01 1.05556164265665e-01 1.00016187364501e-01 -1.72340311592194e-02 5.47720797934304e-02 6.84137671221665e-02 -8.28177805087982e-03 -1.06551677669757e-02 -1.23999759362541e-01 5.47720575013043e-02 6.84137173301043e-02 -9.34596744027603e-02 -4.05669855959107e-02 -7.19559771686468e-02 0.00000000000000e+00 2.03884276944676e-07 2.50708649440305e-02 6.43845880482875e-02 2.77295860063704e-06 -2.22382519982799e-02 -1.27767312183023e-02 7.28227379586048e-04 -4.27423670240457e-02 -2.33740340207878e-02 -5.60905129134797e-05 6.33317507350861e-02 -1.08684339264786e-02 -2.90565991591319e-05 -5.51746523772750e-02 3.20754775706814e-02 1.88601612515255e-02 2.82666797570239e-02 -5.65854210051955e-02 -3.21717664001514e-02 1.41837914471722e-02 3.72477749155172e-03 -2.32803613038176e-03 -1.76380910687100e-02 -1.39525491263251e-02 3.20639418814622e-02 1.88455489387515e-02 -9.23144323940392e-03 -6.97135239637713e-02 -9.27135211710570e-03
 -1.57340880066791e+03 -8.96037219001453e+02 4.15927499503195e+01 2.48165622842084e+01 -5.22506103969093e-02 -1.48876905177455e-01 -1.71083449017451e-01 2.23799714418048e-02 6.38039352422918e-02 7.32996952765222e-02 1.79387750772761e-03 6.63928138058362e-03 3.02062312447558e-03 3.24719476282294e-03 -2.54454801867205e-03 -3.62998884394806e-01 2.91822748613855e-01 1.04720913604072e+00 -2.88388147745760e+00 4.50913946853043e-02 -3.47331271677398e-01 3.13133509961214e-01 1.03533924713220e+00 1.48583782196687e+00 -2.45545451989516e+00 -3.47368543365726e-01 3.13081393928060e-01 -3.05045322971425e+00 4.13725592892659e-02 4.65058652727770e-02 1.81706216639014e-03 9.26976514123746e-03 4.93980580713147e-01 6.57615210747345e-02 -2.42927567751696e-01 -3.39179238040499e-01 -5.92530690783084e-01 2.35597912158249e-01 3.44509295923436e-01 5.83598131940452e-01 2.78277259908978e-02 6.44846169872809e-02 5.64713845769050e-02 5.43438398421989e-02 -4.76109028264104e-03 8.00332692656093e-02 1.01599053344808e-01 -1.06558818142842e-02 -1.27225829565130e-02 -1.72883408480855e-01 8.00332305711502e-02 1.01598975261925e-01 -1.31604296160117e-01 -5.51962393748636e-02 -9.89835949946735e-02 2.03884279058516e-07 2.35295673131612e-06 3.89790553885193e-02 9.39541504549507e-02 7.53180062880189e-05 -3.54102654229822e-02 -2.02285560023710e-02 1.69977588677331e-03 -6.16215177397764e-02 -3.26349745365685e-02 -4.45918779219712e-04 9.44439017559745e-02 -1.66673355987160e-02 -2.06477912742541e-04 -8.27814888722494e-02 4.69401038849098e-02 2.82192702756529e-02 4.13606035967184e-02 -8.18453055486443e-02 -4.61609142473707e-02 2.10648241060416e-02 5.66950500665466e-03 -3.42475115887713e-03 -2.62757638198242e-02 -2.07144341552638e-02 4.69238460095208e-02 2.81977927396170e-02 -1.32088122978106e-02 -1.00952531264088e-01 -1.28362479012512e-02
 8.93992921654258e+01 4.15927499503195e+01 -1.53334549533959e+01 -6.68118514857464e+00 -2.40760457044205e-01 -6.76609564586514e-01 -7.82924078622253e-01 -8.74059746834301e-02 -2.45116908563180e-01 -2.83934693910696e-01 -7.07702204996242e-02 -2.46104152135724e-01 -1.21094159710218e-01 -1.27108505525686e-01 8.69262748845218e-02 -1.69432635759500e+00 -1.40798923762115e+00 1.94706269944272e+00 -5.61042939726560e+00 -5.94555485785459e-02 -1.71252864884403e+00 -1.44206697377113e+00 1.98335433941520e+00 2.77069686231926e+00 -4.96817194960670e+00 -1.71247792885828e+00 -1.44196605877245e+00 -6.02350800056379e+00 -6.01137672462230e-02 -6.48095766305320e-02 3.50106882244897e-01 4.96526411596331e-01 3.25996919412827e-01 -5.11135517295180e-01 3.61298314774215e-01 5.10539127338561e-01 8.84751374307290e-01 9.68005915856666e-01 1.37892621910020e+00 2.37682478705172e+00 -9.44075598012276e-01 -2.29971360824421e+00 -1.76442306188127e+00 -1.67148548671757e+00 3.11577816382653e-01 1.82106130661252e-01 3.85882639160604e-01 5.87507593080373e-02 1.00008821449966e-01 1.08547825365305e-01 1.82106033641960e-01 3.85882320606414e-01 2.19376168474738e-02 8.70736833599716e-02 1.31044170187215e-01 2.50708660188874e-02 3.89790563924053e-02 2.82525975103293e-01 2.88470966185514e-01 1.25312431872890e-02 -2.26839624652040e-01 -1.09866108395493e-01 3.18946642940679e-02 4.10843755539092e-02 7.58045737714785e-02 -3.53636240770472e-02 1.26620928176683e-01 -5.66550414684572e-02 -3.15311270602445e-03 -1.55256712812602e-01 1.62664022348525e-01 1.61183545417393e-01 1.20895586758658e-01 -1.81665721694809e-01 -8.69344288625459e-02 1.07016343879530e-01 5.43749054928022e-02 -1.46860524028943e-02 -1.38452410210055e-01 -1.03658813646857e-01 1.62651346004882e-01 1.61107163211052e-01 -2.64570507646880e-02 -2.33423878024721e-01 3.00221716619312e-03
 4.13906922492817e+01 2.48165622842084e+01 -6.68118514857464e+00 -4.71056619043038e+00 -1.34310271859693e-01 -3.74371296589034e-01 -4.34989984189886e-01 -1.03245574066459e-01 -3.08530026083041e-01 -3.46305378699215e-01 -6.71664763022070e-02 -2.34939129518000e-01 -1.14727414544604e-01 -1.20678388019401e-01 8.36761180641779e-02 -1.67463336314370e+00 -1.61764315083869e+00 1.08417969453432e+00 -3.28147601907789e+00 -1.23895149778216e-01 -1.72367365274905e+00 -1.68456790479734e+00 1.12202680558353e+00 1.50125734129718e+00 -2.98260514511463e+00 -1.72353215304440e+00 -1.68436351953132e+00 -3.51685221908531e+00 -1.38765323116173e-01 -1.41633243617088e-01 4.45675104745707e-02 4.60745639711082e-02 -5.70378223640278e-01 -9.37991463563425e-01 7.26509585162160e-01 9.47203835947496e-01 1.73344806551804e+00 9.69804063461328e-01 1.29330082078316e+00 2.33055514592368e+00 -6.08114272603809e-01 -1.50197434852704e+00 -1.19731324066884e+00 -1.16033246217697e+00 1.93097465972962e-01 -2.73709498364748e-02 2.16512695123550e-01 1.08443677427179e-01 1.50500373716523e-01 7.45589635917682e-01 -2.73708840557972e-02 2.16512564454683e-01 5.01671963493906e-01 2.88583800437374e-01 5.05329263519434e-01 6.43845932179130e-02 9.39541557285988e-02 2.88471003113060e-01 1.72509546767735e-01 1.96121105775082e-02 1.12296556528413e-02 3.85525408615740e-02 3.73340906964410e-02 4.61337408160687e-01 3.26247076980999e-01 -4.22061460195662e-02 -2.24009699115644e-01 1.50367761018101e-03 2.98643721481168e-03 1.43110906648298e-01 1.32190711704865e-01 1.97645612057292e-01 2.66157950220619e-02 4.96600717586887e-02 4.97884787160158e-02 1.63703880707166e-01 1.29294606127978e-01 -2.05481748019085e-02 -1.47477393959412e-01 -1.18465731461990e-01 1.32252344714583e-01 1.97629990157612e-01 8.35194622834949e-03 4.30099649131838e-02 6.08893856780594e-02
 2.11864731711239e-02 -5.22506103969093e-02 -2.40760457044205e-01 -1.34310271859693e-01 -8.13830212428795e+01 -3.79488623468648e-02 -6.82668857783682e-02 -1.98006148957222e+01 -1.45381640136458e-02 -2.60617024262287e-02 -1.00112395993871e+00 -2.87416720315556e-02 1.43279735524564e-01 -1.15648597284401e+00 -2.83172380906878e-01 -1.24352949432626e+00 -1.67904533572233e+00 -3.24885847723728e+00 -4.41047827375967e+00 -3.27092822042045e-02 -1.25455089607541e+00 -1.70178869122573e+00 -3.27227410658201e+00 2.18357586039935e+00 -3.87286295808314e+00 3.60697103490985e+00 5.00803079320656e+00 8.87976328794097e+00 8.93716722643733e-02 9.52505719680102e-02 1.73270462710502e-01 2.40607525958748e-01 -3.52877393454449e-01 -6.77312383545004e-01 1.39615573442669e-01 5.85450544026211e-01 1.02211487472958e+00 -8.98029191106941e-01 9.36765551295123e-01 1.62779849102086e+00 2.07745030906333e-01 -2.50336078249696e+00 -2.40527022866003e+00 3.54780179846354e-01 1.22935046402607e+00 1.00095978214707e-03 3.67413213604910e-02 -1.12877457715843e-01 3.55390059046338e-02 6.85241079091964e-02 -2.35671469889754e-01 8.74531366094657e-02 5.48497733431672e-01 3.47041838553162e-01 5.96295171068508e-01 5.02251535600267e-05 1.50752776296728e-04 1.29971541671220e-02 1.95627125472398e-02 4.65281227735459e-02 -1.42980979785118e-02 -2.62248885549898e-03 -1.10348531967349e-01 -1.90297709098127e-02 6.54216473129088e-03 -7.56856608352893e-02 3.86326880245475e-03 -1.35510713853546e-02 -3.41342271836023e-02 -1.76923000806875e-02 3.61631206984129e-02 -2.97274325814712e-02 3.65970133594002e-02 -5.07377071743097e-02 -2.67135688207910e-02 7.39966112886065e-03 6.02129580418112e-03 1.23541292178493e-02 -1.58262448284843e-02 -9.05476399943640e-03 -3.19348279465119e-03 1.56903874686593e-02 1.20395048910175e-02 6.61045021933653e-03 8.39533011303514e-03
 6.03797400890435e-02 -1.48876905177455e-01 -6.76609564586514e-01 -3.74371296589034e-01 -3.79488623468648e-02 -8.14790821503702e+01 -1.33635857594250e-01 -1.45381654540274e-02 -1.98353748055174e+01 -4.99905896465563e-02 -4.02050174687088e-01 -1.19315609567240e+00 4.95478068205144e-01 -2.87416723678654e-02 9.82609184512116e-01 3.29740024709929e+00 4.61311128825034e+00 -4.16368164230054e+00 7.12723554730750e+00 7.97031377663021e-02 -1.82791059769377e+00 -2.43982672255071e+00 2.25421699461877e+00 -1.66655446409981e+00 -5.60853123293155e+00 -1.09141418421815e-01 -6.75743982956032e-02 -3.09509516013201e-01 -4.83213367544173e+00 -4.71139835329885e-03 2.49353547709053e-01 3.49007583863831e-01 -4.84751700413510e-01 -9.73523534976438e-01 5.90142979378032e-01 5.56634115756165e-01 1.44631386521332e+00 9.67717142342290e-01 -1.87266731941072e-01 2.37489206319810e+00 -5.91311961266453e-01 -1.44316283159349e+00 -3.43750386848474e+00 -2.57608730317111e+00 -7.31819525477923e-01 3.59839581041797e-03 5.99770638847605e-02 3.52100064015746e-02 -7.99719631278857e-02 1.04037208370883e-01 -7.95212278451349e-02 7.77806590645704e-02 2.76121237059034e-01 3.24797077825918e-02 2.84093129792957e-01 2.22006540614449e-02 3.52498901870813e-02 2.08729012564137e-01 -3.90198285068583e-02 8.97926303313620e-03 -1.73650736050467e-01 -1.09887002001664e-01 2.11346687859157e-02 5.25493191769265e-01 4.06150822199600e-01 -2.29267127870824e-02 -7.74049704244553e-03 6.57900236556570e-03 -3.64967069842459e-03 8.81183075515687e-03 -4.32132064700800e-02 8.38292056171594e-02 -1.22773511035209e-02 8.31650428778156e-02 5.46802089751316e-02 1.63021499421696e-02 3.24561616634355e-02 -5.85503132986028e-03 -4.58599635115701e-02 -4.30483013004968e-02 -5.69384007292936e-02 9.97408914492830e-02 1.75697943843243e-02 1.16542801996170e-01 4.34326053691610e-02
 6.93782744345199e-02 -1.71083449017451e-01 -7.82924078622253e-01 -4.34989984189886e-01 -6.82668857783682e-02 -1.33635857594250e-01 -8.15431718188652e+01 -2.60617041981382e-02 -4.99905897888717e-02 -1.98611821247683e+01 -2.87416709262080e-02 -1.12553996722576e+00 -1.36312574732178e+00 -4.37054778968770e-01 1.83350602631543e-02 -1.26855573576249e-01 -7.85063083149160e-02 1.09622068570635e-01 -3.22886262816133e-01 -4.79548489925994e+00 2.85035861917540e+00 4.03049973969536e+00 -3.61625003335241e+00 -5.07260360636618e+00 4.15117620713621e+00 -1.26747949448820e-01 -7.85125095207683e-02 -3.50507216037846e-01 -4.70590535478494e-03 -4.83559990672131e+00 4.26899049585720e-01 5.94382398435360e-01 -8.56148002231546e-01 -1.66805640192095e+00 1.02481183633478e+00 1.43863396242012e+00 2.22480791309951e+00 1.64558820971538e+00 2.32423554987094e+00 2.46545383019746e+00 -2.52314645118461e+00 -4.92768622495921e+00 -2.19301209692085e+00 -3.53538642790115e+00 8.61504801690302e-01 -2.86157579988214e-01 1.56713519310443e-01 1.44623461531201e-01 2.17838471940717e-01 1.12436343368065e+00 -1.41546118052640e-01 1.25731048943970e-01 4.79231617156522e-01 2.86911281828587e-01 3.50535528620692e-01 1.28418538747607e-02 2.05063314767890e-02 1.41234175472626e-01 9.58072190838541e-03 1.07559974139607e-02 -1.47980463074617e-01 -2.43363732398383e-02 2.96263910025907e-02 3.40439967998168e-01 1.23143233285548e-01 -3.47302899067680e-02 -4.18327778843874e-02 -7.67672815083764e-02 -1.25886203728069e-03 -6.26852322358580e-02 -1.38481719300734e-02 5.51349353439977e-02 7.64709615273931e-03 2.97042171316405e-02 3.99343419916150e-02 2.14782334757902e-02 2.85151971310484e-02 -3.31913834857155e-03 -5.93532059834565e-02 -2.72410680578514e-02 1.01896463880091e-02 2.73901564457208e-02 2.43783108633192e-03 -1.24572748847685e-02 3.08593569376553e-02
 2.31587367096871e-02 2.23799714418048e-02 -8.74059746834301e-02 -1.03245574066459e-01 -1.98006148957222e+01 -1.45381654540274e-02 -2.60617041981382e-02 -9.44762170700143e+00 -1.65622859421882e-02 -3.05507645277979e-02 -6.32086620066120e-01 -2.15151441179135e-02 1.18930744042807e-01 -7.31278515767004e-01 -2.32484099203727e-01 -1.12621809041577e+00 -1.48908019704008e+00 -3.29062884980085e+00 -2.40294185710199e+00 -7.64696925328922e-02 -1.15364734856696e+00 -1.53407275934453e+00 -3.37369788766453e+00 1.11533142385431e+00 -2.15743088352687e+00 3.32357375973907e+00 4.55220452998826e+00 3.23040733224845e+00 2.25885569349575e-01 2.28758794253674e-01 -1.80714806761742e-01 -2.68345076664887e-01 -1.01812357967661e+00 -9.51486128977619e-01 -9.26455850729625e-01 9.14660595284636e-01 1.68375204103707e+00 -1.79876079503474e+00 9.05818650266753e-01 1.65142324750250e+00 7.04979140700948e-01 -1.58032140985012e+00 -1.83940410887999e+00 1.30031021750718e+00 1.26846824368915e+00 -2.87769548865734e-02 1.77689658941060e-02 -5.66760941023596e-01 7.03991249388133e-02 1.87034207677193e-01 -7.83498698046598e-01 -4.96079519259043e-01 1.13913915887797e+00 7.10057359672586e-01 1.30287743869402e+00 8.18348747495787e-04 1.82856615956211e-03 3.17560245973634e-02 3.62937848576271e-02 -1.10371047157134e-01 -3.48701031005434e-02 -2.61280867115370e-03 -4.41447772464534e-01 -3.04083243296851e-02 2.15774030618037e-02 2.49263552553188e-01 -7.98973915641496e-03 -2.34139326967716e-02 1.54145822898183e-01 -4.50757083151831e-02 1.70343422707644e-01 5.25726690387086e-02 9.81827071739349e-02 -3.63264450190719e-01 -1.91840090442597e-01 1.10159553393290e-02 1.58115909126280e-02 9.63444946127440e-03 -7.39040347506087e-03 6.10981513079692e-03 -4.13299484606599e-02 -4.67202261603879e-03 -1.08548295093081e-01 1.35168493423980e-01 1.94379301696811e-02
 6.60004544077115e-02 6.38039352422918e-02 -2.45116908563180e-01 -3.08530026083041e-01 -1.45381640136458e-02 -1.98353748055174e+01 -4.99905897888717e-02 -1.65622859421882e-02 -9.51891087814980e+00 -7.54668449623288e-02 -2.18916279465979e-01 -7.62540988583026e-01 3.54059942923245e-01 -2.15151435926320e-02 6.50695135822391e-01 2.98471300933730e+00 4.14137714015356e+00 -2.16878889031301e+00 2.35098452206188e+00 1.78661263096463e-01 -1.69773395528605e+00 -2.19161920615536e+00 1.19929240269149e+00 -2.58585921332334e+00 -3.15320863455123e+00 -1.14742368567028e-01 -3.97234822719273e-02 -2.02274067211805e-01 -4.22093486956821e+00 -2.13966366519902e-02 -2.38552782362331e-01 -3.50379719013516e-01 -1.42878337932278e+00 -1.39847731118410e+00 1.00205733434279e+00 -3.19554400507572e-01 2.39551257409412e+00 1.02997641256180e+00 -1.14438613459284e+00 2.45892346151891e+00 1.28378459902641e-01 2.34540658472682e-01 -2.56222796899271e+00 -1.71847140101283e+00 -1.05466831866055e+00 -4.61316967143077e-02 3.98958259925405e-02 7.81700812724994e-02 -5.06604110009092e-01 3.02010848282217e-01 -3.11172719921567e-01 -1.40556448022973e-01 7.49096731697348e-01 -2.56718271158961e-01 6.49953594272444e-01 4.16451255112565e-02 5.91183834864820e-02 -8.62396994900886e-02 -5.13570394556600e-01 5.28409010683845e-03 5.47990353962420e-01 3.93160174479682e-01 4.45078260683028e-04 1.37213328905726e+00 1.05677382963909e+00 9.28466957716347e-03 -8.01914324614694e-01 2.36003636408855e-02 1.23403730357391e-02 5.68926422200984e-01 -2.46919498866453e-01 5.73045064005484e-03 -3.31809640216762e-01 6.01518149503244e-01 4.24074629854127e-01 4.92887871404173e-02 1.40307143035999e-01 -9.86022221478220e-03 6.71235889882104e-02 2.05039849521313e-02 -3.20925905093057e-01 -1.41756187159195e-02 1.44240995728849e-01 9.68423599467776e-01 1.63135882757946e-01
 7.58367152843308e-02 7.32996952765222e-02 -2.83934693910696e-01 -3.46305378699215e-01 -2.60617024262287e-02 -4.99905896465563e-02 -1.98611821247683e+01 -3.05507645277979e-02 -7.54668449623288e-02 -9.52814580918026e+00 -2.15151435593943e-02 -6.69531947207314e-01 -8.64792814867379e-01 -2.45406284894276e-01 1.56312382779857e-02 -1.15809093555509e-01 -4.06801565422323e-02 5.85700079978728e-02 -2.03303438765717e-01 -4.11500231656747e+00 2.61983702347119e+00 3.68423123994376e+00 -1.90528262805732e+00 -2.59096858855758e+00 7.49478903774637e-01 -1.22008427609056e-01 -4.30636162562725e-02 -2.21687905504844e-01 -2.13910880362405e-02 -4.21905177036288e+00 -4.32875256285961e-01 -6.40567969997015e-01 -2.48750540063940e+00 -2.36102464589052e+00 1.73398273962572e+00 2.25247387372893e+00 2.49850429381518e+00 1.72278266480282e+00 2.25572027822479e+00 1.62638178911489e+00 -1.57085562548284e+00 -2.54235220075201e+00 -1.69107378773590e-01 -1.88496617382686e+00 5.20443134475111e-01 -9.97955513268377e-01 -5.77323273263664e-01 2.37008701409393e-01 2.66984662064317e-01 2.43874675346354e+00 -5.36815896565963e-01 -2.63358481433293e-01 1.27980149211167e+00 6.08371093782053e-01 4.82960097896909e-01 2.52745051703530e-02 3.69704873599396e-02 2.40567126461244e-03 -2.35778117397578e-01 2.04655012918536e-02 3.27440871776331e-01 1.00668729097509e-01 3.93101695222859e-02 1.00628934527365e+00 1.77400897110461e-01 -4.83929393273233e-02 -2.74950657461927e-01 2.34659991181227e-01 5.63734733383589e-03 4.31170991256062e-01 -1.22313347162662e-01 1.92237685534912e-02 -1.63677686932997e-01 4.03524402700377e-01 1.15316744280720e-01 4.63420700541144e-02 1.06532955898089e-01 4.70026982665823e-03 2.46259523949077e-02 2.51269638110412e-02 6.98791820131339e-03 5.42101157428803e-02 1.45567383689858e-02 1.17244606816824e-01 -4.52539495078148e-02
 3.19030228838229e-03 1.79387750772761e-03 -7.07702204996242e-02 -6.71664763022070e-02 -1.00112395993871e+00 -4.02050174687088e-01 -2.87416709262080e-02 -6.32086620066120e-01 -2.18916279465979e-01 -2.15151435593943e-02 -5.77624630893039e+01 -1.46018571587163e-01 6.67741432679445e-02 -2.62477532031976e-01 6.61770841481215e-03 1.90653248820769e+00 3.80404463487094e+00 4.62450537192905e+00 4.00428581751640e+00 8.72640220262183e-02 -1.08342867907213e+00 -2.04847854855254e+00 -2.57375000923986e+00 -8.92226310276112e-01 -3.17809553840931e+00 1.41501674461242e-01 1.63063560599515e-01 2.26485189764334e-01 7.62293750003202e+00 3.70274074806441e-02 5.15116335649341e-02 1.82528668375959e-02 -9.70031561920051e-01 -6.53315250179483e-01 -2.00391302019118e-01 5.71162453360767e-01 2.58265391486960e+00 -7.68478160107249e-01 -3.74471222468200e-02 1.66420795512822e+00 1.25163690581288e-01 -1.17413198705914e+00 -4.59161496449798e+00 9.83508767797602e-01 5.80824666033188e-01 2.47523592075120e-02 3.72879620083384e-02 -4.35798751432743e-02 -1.00368345955833e-03 8.54587202657152e-03 -2.21349679807030e-01 -7.21402435144175e-02 6.74360531504131e-01 -7.92750113707115e-03 7.39182863276559e-01 2.88130187385703e-04 7.52872042695083e-04 2.09781858033557e-02 1.78125475722215e-02 6.74598990706810e-02 -2.34103439800348e-02 -3.46299182505965e-03 -2.58240836075212e-01 -6.20937417629629e-03 2.50374770143993e-02 8.31460330786552e-02 -8.73806491597363e-03 -1.75813593446199e-02 5.43630091088826e-02 -1.79028990224383e-02 6.93325822618926e-02 -3.23307829154286e-02 7.59682819101964e-02 -2.07933733088053e-01 -1.25850519704806e-01 9.67100138846663e-03 1.15865125038869e-02 1.73731560979177e-02 -1.67679908108526e-02 -8.98263483557265e-03 -2.21920920318708e-02 2.10008434515305e-02 -3.27875172986339e-02 1.03146311790354e-01 2.48492143295048e-02
 1.17318786672078e-02 6.63928138058362e-03 -2.46104152135724e-01 -2.34939129518000e-01 -2.87416720315556e-02 -1.19315609567240e+00 -1.12553996722576e+00 -2.15151441179135e-02 -7.62540988583026e-01 -6.69531947207314e-01 -1.46018571587163e-01 -5.81040876024299e+01 -1.83658249188377e-01 -1.02220545780790e-01 2.60600680574352e-01 8.83626627348187e-02 1.29629816809676e-01 -9.41086347687949e-02 1.02191013127722e-01 6.93523014099719e+00 2.37763576479116e+00 4.79202486494038e+00 -2.85434332554464e+00 2.05119898311749e+00 3.35543995922764e+00 -7.70378299699305e-02 -4.23390194442664e-02 -1.53356323349812e-01 -2.46763667413780e-01 -2.22747353010482e-01 1.31784948123602e-01 5.48185214309554e-02 -2.38704870677921e+00 -1.63422970165481e+00 2.61757794786047e+00 1.41425481545399e+00 5.08594938428591e+00 1.71134931014340e+00 -8.79742379037178e-02 2.71019802039689e+00 -1.17712074355247e+00 -2.28631579731815e+00 -4.88750263601782e+00 -5.19278379886069e+00 -2.34490284245499e+00 -4.47716516742833e-02 5.76981498246506e-02 1.12407444044676e-01 -4.32350676847715e-01 4.60809580272933e-01 -1.28076309413570e-01 1.29297548873243e-02 6.35496223504472e-01 1.08125465262126e-02 4.36512521246198e-01 6.36141607883095e-02 9.54273896883041e-02 1.72843581928602e-01 -1.74777786606932e-01 1.95931597691630e-02 -4.90351963845715e-02 4.29864151775150e-02 3.51413274856319e-02 7.65337203628356e-01 3.23594022236094e-01 -4.45582898770084e-02 -4.71037878719258e-01 9.62888628461380e-02 4.39734156735225e-03 4.21308253703836e-01 -5.18180847672711e-02 7.50627201987070e-02 -8.89920930627459e-02 2.37234768222094e-01 1.26744580013388e-01 3.61155410376805e-02 6.37905594938799e-02 -5.19993589951904e-03 -5.52751503897941e-02 -3.15260921455372e-02 -7.97427097506283e-03 4.83151421118196e-02 1.66773914056628e-02 1.04411648256838e-01 8.86468621288037e-03
 5.38127407763548e-03 3.02062312447558e-03 -1.21094159710218e-01 -1.14727414544604e-01 1.43279735524564e-01 4.95478068205144e-01 -1.36312574732178e+00 1.18930744042807e-01 3.54059942923245e-01 -8.64792814867379e-01 6.67741432679445e-02 -1.83658249188377e-01 -5.80468882672109e+01 -1.02352706257287e-01 -1.02737166264580e-01 1.66291098353405e+00 3.41044220121378e+00 -5.29065297746162e-01 1.82667261604396e+00 -2.04415664855601e-01 -1.61623685581387e+00 -3.36749638496326e+00 3.47900876889146e+00 4.96002934692010e+00 2.08211767209765e+00 1.73830418662423e+00 3.53437264968824e+00 1.97786217707172e+00 2.00112795797122e-01 -2.03357617858586e-01 8.81026237649550e-02 2.28364833735340e-02 -1.76431626186222e+00 -1.17022476494565e+00 2.45653219925958e+00 3.40058544953432e+00 2.19422944157410e+00 1.80608350929951e+00 2.55006019797559e+00 1.70641834515678e-01 -4.51797433524811e+00 -4.81717419035891e+00 2.78906581955788e+00 -3.41350740184208e+00 1.53172187193419e+00 -4.96344258107454e-01 -1.84325574210925e-01 2.56077756224637e-01 3.57378342488298e-01 1.99730094452433e+00 4.22172762584676e-02 7.14768831112792e-02 2.17131618348463e-01 1.76869394681600e-01 -3.25464898313094e-01 -1.04457787865618e-02 -1.51954795242488e-02 1.25266661678171e-02 7.52043264586929e-02 1.00935865881599e-02 -7.01696147921519e-02 4.14673897611219e-02 3.80636503165515e-02 -2.71697894784431e-02 -2.50657553957343e-01 -4.14578916113099e-02 1.17596026928706e-01 3.14646021672945e-02 9.37493308043168e-04 -7.79399305398536e-02 2.68692496068690e-02 -7.14653774524956e-03 3.89998585258277e-02 -5.73966537797473e-02 -6.23835917562079e-02 1.59203127301982e-02 9.72835189225109e-03 2.64531210389062e-03 -3.83391524627682e-02 4.61882484569494e-03 6.89612560440035e-02 -2.91107795401903e-02 -2.24848063191238e-02 -2.34251145689691e-01 -3.58142051475569e-02
 5.77021619243947e-03 3.24719476282294e-03 -1.27108505525686e-01 -1.20678388019401e-01 -1.15648597284401e+00 -2.87416723678654e-02 -4.37054778968770e-01 -7.31278515767004e-01 -2.15151435926320e-02 -2.45406284894276e-01 -2.62477532031976e-01 -1.02220545780790e-01 -1.02352706257287e-01 -5.78914487492376e+01 -1.17313810953489e-01 -9.61778032901316e-02 -8.12658192472285e-02 -1.55934304642625e-01 -2.38098004417081e-01 -2.59840458730459e+00 1.64693831259866e+00 3.34204639171494e+00 4.03006069616603e+00 -2.75806472280413e+00 2.35175842623733e+00 1.42474265742328e-01 1.70440252093928e-01 2.24196087708461e-01 3.70184068888151e-02 7.62790983274949e+00 8.19696560557462e-02 1.99399627721830e-02 -1.65952729356896e+00 -1.10010437387919e+00 -3.53801050506453e-01 2.51698534732810e+00 3.55079725507642e+00 -1.28829945538776e+00 1.60835798786617e+00 1.84254559956860e+00 9.55278205912429e-01 -4.96509928139876e+00 -3.45423411094694e+00 1.24647965865009e+00 3.49015798042954e+00 -2.02963126640876e-02 3.81345195225670e-02 -5.18237526659970e-01 1.06500123919258e-01 2.82181046027578e-01 -3.72710257046245e-01 -1.27427499286748e-01 1.14360975792723e+00 7.17211098709513e-01 8.26069739357398e-01 1.69989364812060e-04 4.86738167241390e-04 2.94253564319343e-02 3.76863028635310e-02 4.83883862754240e-02 -3.47316453400674e-02 -7.59713723509998e-04 -1.38355316354769e-01 -3.58384059375266e-02 2.46888440687082e-02 1.27831934506244e-02 -8.02317627370054e-03 -3.48359913485013e-02 4.42331377667420e-02 -4.03933613517219e-02 5.00481585586373e-02 -1.55628243938348e-02 5.70802418292685e-02 -1.45791117493903e-01 -5.04547830361185e-02 1.71061384892847e-02 1.28654090799912e-02 1.54206693617140e-02 -3.00510299228414e-02 -1.09642951824050e-02 4.79821429877715e-03 9.40926822418511e-03 -4.43572235323920e-04 3.84883449392379e-03 1.12572108742910e-02
 -4.46093787651771e-03 -2.54454801867205e-03 8.69262748845218e-02 8.36761180641779e-02 -2.83172380906878e-01 9.82609184512116e-01 1.83350602631543e-02 -2.32484099203727e-01 6.50695135822391e-01 1.56312382779857e-02 6.61770841481215e-03 2.60600680574352e-01 -1.02737166264580e-01 -1.17313810953489e-01 -5.77518959328871e+01 2.25326951374143e+00 4.57021550403105e+00 -5.28874771701774e+00 8.88788905121324e-01 6.99327169650390e-02 4.35027541036878e-01 7.69750134232752e-01 -3.10846174435235e+00 3.16194018728503e+00 1.24099869442248e+00 -3.04465082671004e+00 -6.14020816877366e+00 -3.49022730163723e+00 8.48625153208459e-02 -1.29793089292786e-01 -2.53064756806072e-02 -1.88140550827962e-02 3.58808938955515e-01 2.70130241195119e-01 -1.27815253733425e+00 7.28158041504898e-01 -9.45282976283894e-01 -1.27106019386826e+00 1.07259425466396e+00 -6.77086072147766e-01 5.04841379713620e-01 -2.31456037014537e+00 1.68233300753237e+00 3.60122845814035e+00 1.48637199274897e+00 -6.88812412490915e-03 -1.53156354521485e-02 -6.56747127300815e-02 5.74773560449846e-02 -1.37107921752614e-02 -2.08180922061816e-01 -1.16900875390801e-01 3.19386526963513e-01 5.23670643511622e-01 5.50242982823121e-01 -5.49298896914135e-02 -8.19290846165520e-02 -1.15195980772783e-01 1.85776729526775e-01 -3.72484791862415e-03 -2.72538205644692e-02 1.03963850918469e-02 -1.18146836221934e-02 -5.49865499304394e-01 -4.76900901156677e-01 -8.97131459706718e-04 4.61325261913459e-01 -3.65092298336294e-02 -1.84282924871979e-03 -3.42231276020723e-01 4.27291337208101e-02 -4.84698354563510e-02 8.70070236618014e-02 -1.46297010183340e-01 -1.10555237699885e-01 -1.41269935826034e-02 -3.70907015945930e-02 8.94685793999985e-03 1.02608479046504e-02 2.62901699296933e-02 8.47368217747854e-02 -7.49418380866387e-02 -5.99656551700710e-02 -3.62203469890809e-01 -7.99955319662966e-02
 -2.30046367482177e-01 -3.62998884394806e-01 -1.69432635759500e+00 -1.67463336314370e+00 -1.24352949432626e+00 3.29740024709929e+00 -1.26855573576249e-01 -1.12621809041577e+00 2.98471300933730e+00 -1.15809093555509e-01 1.90653248820769e+00 8.83626627348187e-02 1.66291098353405e+00 -9.61778032901316e-02 2.25326951374143e+00 -4.15528095348692e+00 -6.75379369178072e+00 1.94654833883269e-01 -8.76750383652906e-01 -1.88097390297570e-01 -3.02811022772709e-01 -2.35316077358899e-02 -6.11445234543234e-02 1.11532493100936e+00 -5.97419644863351e-01 -3.02780423845193e-01 -2.34947291396964e-02 -9.93120911404710e-01 7.85793761942829e-01 -2.66358848171019e-02 5.11321832704330e-02 7.31213001014969e-02 1.52641886283261e-01 -3.73899960895715e-02 6.66891450505435e-03 2.57237735109878e-01 1.59453551790967e-01 3.36522841439876e-02 8.03831667955384e-01 5.19089909949275e-01 -3.04310964297884e-02 -3.83427776435168e-01 3.93006895948985e-02 4.41810193640062e-03 2.95804438208506e-01 4.40405704439767e-02 1.43154261328412e-01 -1.98488412895206e-02 1.75117329034564e-01 1.89582961858485e-01 4.35786937151135e-02 1.42978941888458e-01 7.96656972000965e-02 2.10674653724465e-01 1.29967320197093e-01 1.41838059252286e-02 2.10648455211327e-02 1.07016398865211e-01 1.63703887963116e-01 7.35160278634022e-03 -2.67686277839450e-02 -3.34996009427637e-03 1.08573509559724e-02 -6.48332034935183e-02 -1.94181868677250e-02 -1.95229249390983e-02 1.21615867533818e-02 -1.99311303944094e-02 2.25216696172519e-04 -3.48877118694284e-02 1.12809072298183e-01 7.40110160858228e-02 5.79762095796474e-02 -8.31298892232879e-02 -3.19992137385546e-02 8.39153456160439e-02 4.65204153920518e-02 -3.86951211297015e-03 -7.37471611928742e-02 -4.87835026428667e-02 1.12797754266395e-01 7.40327413697388e-02 -6.60575403298689e-03 -1.05768707283022e-01 7.42647600699437e-03
 2.66471780240757e-01 2.91822748613855e-01 -1.40798923762115e+00 -1.61764315083869e+00 -1.67904533572233e+00 4.61311128825034e+00 -7.85063083149160e-02 -1.48908019704008e+00 4.14137714015356e+00 -4.06801565422323e-02 3.80404463487094e+00 1.29629816809676e-01 3.41044220121378e+00 -8.12658192472285e-02 4.57021550403105e+00 -6.75379369178072e+00 -1.31559749355066e+01 2.35744536787451e-01 -9.85721376239591e-01 -1.83916813503104e-01 -1.06611688242393e-02 3.20092565678236e-01 -9.74250614640720e-02 9.19257586737370e-01 -3.61202989446499e-01 -1.06653647583505e-02 3.20089027976151e-01 -6.95740445016760e-01 7.07705245352579e-01 5.21035421667572e-03 6.81712926558468e-02 1.00830664693389e-01 3.72389262462370e-01 2.16064355136698e-01 -3.62041296522188e-02 -9.39767565709002e-02 -1.13382930510052e-01 -2.27516026547428e-02 4.82843730267292e-01 2.41589908925458e-01 1.34133565172477e-02 -1.19021832187066e-01 7.01560710442710e-02 4.96179203754626e-02 1.34875400497463e-01 1.49483799070280e-01 1.99858909062740e-01 1.41437214434324e-03 2.43215624835195e-02 -1.01184739060131e-01 1.49329124889819e-01 2.00048770157200e-01 -9.41306564072107e-02 -8.82118579443381e-03 -4.21509141662571e-02 3.72478449166191e-03 5.66951560526993e-03 5.43749665632492e-02 1.29294677127975e-01 5.95982503836189e-03 -4.09444911548818e-02 -1.38133055199914e-02 1.55251755761878e-02 -1.62513822176840e-01 -6.80703844525305e-02 -1.67600862637499e-02 4.05718252085708e-02 -2.50355002904506e-02 -3.52148017741424e-03 -5.72120222869479e-02 8.48010116345199e-02 3.68002979311741e-02 5.19205163178966e-02 -9.73734461775040e-02 -4.03255380271079e-02 4.65204059393554e-02 1.46685138209736e-02 -1.05368834371204e-03 -4.93487419445054e-02 -3.01354329909822e-02 8.48160849683496e-02 3.68267213434722e-02 -4.65367708498597e-03 -1.17282163963137e-01 -5.79007790639727e-03
 7.23168037965840e-01 1.04720913604072e+00 1.94706269944272e+00 1.08417969453432e+00 -3.24885847723728e+00 -4.16368164230054e+00 1.09622068570635e-01 -3.29062884980085e+00 -2.16878889031301e+00 5.85700079978728e-02 4.62450537192905e+00 -9.41086347687949e-02 -5.29065297746162e-01 -1.55934304642625e-01 -5.28874771701774e+00 1.94654833883269e-01 2.35744536787451e-01 -1.18261103454994e+01 5.17177744927954e-02 -5.87769289834085e-03 -6.26530301151471e-02 -9.78628539345436e-02 -9.86629705016178e-01 -2.55982092999563e-02 -9.56235502580548e-02 1.08415552546450e+00 9.16081149481450e-01 2.06458514683499e+00 -1.99361823454821e+00 6.33528813791120e-02 6.88055486814717e-03 8.05446524290852e-03 -6.51940412988622e-02 -1.06774806503460e-01 -1.24494198004709e-01 1.10535579947750e-01 1.07203388681490e-01 -5.45816768128267e-01 1.49698163650538e-01 1.74598298865240e-01 4.26923956875983e-01 -2.14511898120426e-01 -9.65911502153144e-02 2.98621494569583e-01 1.62548714881968e-01 1.92538139898578e-02 -2.36599938169459e-03 -1.07329703751950e-01 -4.48885684672340e-02 -7.08850987813390e-02 -1.73030212272590e-01 -2.43251355438071e-02 2.28579587740475e-01 4.11346815606220e-01 3.25061586953524e-01 -2.29948704109907e-03 -3.38239379106118e-03 -1.44893546537006e-02 -2.03879266420558e-02 1.23835044965952e-02 5.70244254389394e-03 3.37769218226468e-03 9.66482821919399e-03 1.08334189231185e-03 1.09944157147780e-02 -2.21060265416772e-02 -8.43854890879769e-03 -2.24513752619193e-03 -7.33388690065598e-03 6.03937080053773e-03 -2.71443128941121e-02 -3.15977978352149e-02 8.44584985775546e-03 3.21229053156103e-02 1.62778415993360e-02 -3.79438842097844e-03 -9.97521458834332e-04 1.52954680193256e-02 1.99226209587312e-03 3.07843020789823e-03 -1.18044911919389e-02 -3.83568482286511e-03 2.66236207858146e-02 1.53126750854958e-02 2.61562547314446e-03
 -1.99492298730981e+00 -2.88388147745760e+00 -5.61042939726560e+00 -3.28147601907789e+00 -4.41047827375967e+00 7.12723554730750e+00 -3.22886262816133e-01 -2.40294185710199e+00 2.35098452206188e+00 -2.03303438765717e-01 4.00428581751640e+00 1.02191013127722e-01 1.82667261604396e+00 -2.38098004417081e-01 8.88788905121324e-01 -8.76750383652906e-01 -9.85721376239591e-01 5.17177744927954e-02 -1.20694199900111e+01 -6.85882044687857e-02 -1.07719055542545e+00 -7.87429115287470e-01 -6.85350201066438e-02 2.40198395441850e+00 -2.01352018419890e+00 -6.71685923901515e-01 -4.28871940047059e-01 -2.11638994560230e+00 6.00755664693166e-01 -4.25540548973887e-02 9.71930208473394e-02 1.33866892725564e-01 -6.87165628727902e-02 -5.46749120527613e-01 5.29276441930118e-02 6.89963416712239e-01 5.72060575825375e-01 1.30305391419386e-01 1.39562718837150e+00 1.36489389156336e+00 -1.65798188519196e-01 -1.40198449172089e+00 -2.73917922225730e-01 -1.16058250492112e-01 7.46155696288701e-01 -6.46598076347823e-02 1.01293813226994e-01 -3.85141490754022e-02 2.38323211489255e-01 4.41273611117524e-01 -1.33037939246233e-01 9.31305606210125e-02 3.42948706804137e-01 4.91783962353009e-01 4.22078081423010e-01 2.09122934520548e-02 3.10919228643742e-02 1.59065901353500e-01 1.76388484363136e-01 1.56240094808900e-02 -7.63207807308270e-02 -2.54369166603944e-02 -1.62006482584466e-03 5.52346295860718e-02 2.74654298548039e-02 -2.91184181611435e-02 2.80640549827931e-02 -2.50585276879948e-02 -1.64036128784776e-03 -5.12287091122312e-02 1.01255351071108e-01 9.22324216623973e-02 7.49299268000530e-02 -8.44847987885317e-02 -4.22882333782616e-02 7.91472628457938e-02 5.07918463283258e-02 -3.77186363740637e-03 -8.88449733500189e-02 -6.54430666930866e-02 1.06598667260782e-01 1.02035775450667e-01 -9.09859406363918e-03 -1.22020485517716e-01 8.11487586730047e-03
 2.91716508564754e-02 4.50913946853043e-02 -5.94555485785459e-02 -1.23895149778216e-01 -3.27092822042045e-02 7.97031377663021e-02 -4.79548489925994e+00 -7.64696925328922e-02 1.78661263096463e-01 -4.11500231656747e+00 8.72640220262183e-02 6.93523014099719e+00 -2.04415664855601e-01 -2.59840458730459e+00 6.99327169650390e-02 -1.88097390297570e-01 -1.83916813503104e-01 -5.87769289834085e-03 -6.85882044687857e-02 -1.18533909425483e+01 6.80428358522762e-01 6.27495846192351e-01 -7.08317062224973e-02 -1.82815892703074e+00 1.97148742761635e-01 -2.18760414783356e-02 6.53365624470407e-03 -5.69665810369002e-02 4.25268534453066e-02 -1.05288530670522e+00 6.73395258779202e-02 9.04222982042428e-02 -1.46172327625712e-01 -4.90023502024089e-01 7.39389736916466e-02 6.66072507036857e-01 3.54266173366958e-01 1.63389334253555e-01 1.39641922053873e+00 4.73238809014503e-01 -2.08219007254211e-01 -8.97786387811627e-01 3.24160217659055e-01 -1.24578064826893e-01 8.75447271625022e-01 -2.40669111554850e-01 2.82000477362383e-02 -7.29263141269711e-02 5.21132162182420e-01 7.96941842614009e-01 -1.24231342220575e-01 4.09500605720054e-02 2.91203756184119e-01 4.44409326911366e-01 2.09689696516550e-01 8.28163255651628e-03 1.23728512039782e-02 6.79560937892247e-02 6.83910073228998e-02 9.10340293994554e-03 -4.17756957244198e-02 3.19047549094011e-03 9.49056749409194e-03 3.14110850065621e-02 3.69863521013634e-02 -2.26752465046560e-02 -1.25125189613305e-02 -3.12554605360388e-02 1.59054751164032e-03 -3.43497326191344e-02 3.27743745919662e-02 3.54292577426050e-02 2.95414686312705e-02 -3.42795485506601e-02 1.58931052146878e-02 3.94304385546860e-02 2.76359797722664e-02 -2.41795945599956e-04 -5.60982172006203e-02 -1.85753914826252e-02 2.34130684989697e-02 1.84902766361391e-02 4.11305348586347e-05 -3.04824003248855e-02 3.54840055636702e-02
 -2.20327024850653e-01 -3.47331271677398e-01 -1.71252864884403e+00 -1.72367365274905e+00 -1.25455089607541e+00 -1.82791059769377e+00 2.85035861917540e+00 -1.15364734856696e+00 -1.69773395528605e+00 2.61983702347119e+00 -1.08342867907213e+00 2.37763576479116e+00 -1.61623685581387e+00 1.64693831259866e+00 4.35027541036878e-01 -3.02811022772709e-01 -1.06611688242393e-02 -6.26530301151471e-02 -1.07719055542545e+00 6.80428358522762e-01 -4.33745301323936e+00 -7.03290777808225e+00 2.06706170072798e-01 1.41328625930933e-01 -8.74141390667678e-01 -3.12879096312712e-01 -1.94517974515824e-02 -1.01731539106464e+00 -4.43280704080055e-01 6.92954791707678e-01 5.46072587150651e-02 7.94202763884989e-02 1.67740795202904e-01 -3.60978696401107e-02 3.92551916032965e-03 -7.85696104230727e-03 3.10188551604353e-01 3.47748001150690e-02 3.06974825234873e-02 1.00746945937130e+00 3.39488279591574e-02 -1.82974638074221e-03 -5.10651648687011e-01 -3.60507712766693e-02 -4.36577885011452e-03 1.63700127811275e-01 1.69294214795606e-01 1.25866864089218e-02 2.60423558389802e-02 -9.30489383142784e-02 4.71387220526170e-02 1.51292193070382e-01 7.82945067732215e-02 5.83715489066931e-03 2.55201447872176e-01 3.20997345864610e-02 4.69748480211042e-02 1.62705607094645e-01 1.32074541033334e-01 -3.09587614701230e-03 1.98574638274192e-02 5.46030194852277e-02 -4.06788659226508e-02 1.55325663395815e-01 2.82068667247803e-01 6.83310135889534e-03 -9.28761646254061e-02 -5.77344035894921e-02 2.13306684854089e-02 1.19307286432705e-02 1.11206172190869e-01 1.20279638916927e-01 3.59610338903330e-02 -2.54553900563604e-02 9.24541644289666e-03 1.12844391353364e-01 8.48684385353709e-02 -1.19226231586928e-02 -7.36318794115870e-02 -8.06229694375125e-02 1.40175782728313e-02 1.08489244359391e-01 -2.52384992335607e-03 2.01152660272790e-01 1.42033406648892e-01
