pVp:
 -3.06245299695168e+03 -1.57340878839511e+03 8.93992914660182e+01 4.13906920320655e+01 2.11864731069478e-02 6.03797400479364e-02 6.93782743795816e-02 2.31587367087849e-02 6.60004544007557e-02 7.58367152768195e-02 3.19030228401771e-03 1.17318786715073e-02 5.38127406167759e-03 5.77021616572844e-03 -4.46093784184597e-03 -2.30046365784398e-01 2.66471776837275e-01 7.23168031535496e-01 -1.99492296919954e+00 2.91716508445525e-02 -2.20327023066120e-01 2.79393047659847e-01 7.14065426270256e-01 1.02321203849188e+00 -1.69749220329708e+00 -2.20349356576856e-01 2.79362840968696e-01 -2.10639982938719e+00 2.60867267069305e-02 2.96359915540121e-02 2.40924209126468e-05 1.77676696963208e-03 3.47397074709941e-01 5.48290921344916e-02 -1.73466699943240e-01 -2.43618716441119e-01 -4.23924151229346e-01 1.62403358757635e-01 2.35609965276218e-01 4.01214337038539e-01 5.60524798910262e-02 1.35358466150302e-01 1.05556163041792e-01 1.00016186211500e-01 -1.72340309371956e-02 5.47720793279391e-02 6.84137665120970e-02 -8.28177797122341e-03 -1.06551676538570e-02 -1.23999758260475e-01 5.47720570377908e-02 6.84137167216395e-02 -9.34596735883180e-02 -4.05669852223149e-02 -7.19559765201661e-02 0.00000000000000e+00 2.03884276015771e-07 2.50708647252542e-02 6.43845874801163e-02 2.77295878767486e-06 -2.22382518067460e-02 -1.27767311079190e-02 7.28227379948761e-04 -4.27423666940600e-02 -2.33740338305620e-02 -5.60905139203492e-05 6.33317501715622e-02 -1.08684338316794e-02 -2.90565996878180e-05 -5.51746518887204e-02 3.20754772921883e-02 1.88601610837292e-02 2.82666795092034e-02 -5.65854204991289e-02 -3.21717661089903e-02 1.41837913252202e-02 3.72477745885945e-03 -2.32803610965443e-03 -1.76380909134966e-02 -1.39525490032081e-02 3.20639416028878e-02 1.88455487710397e-02 -9.23144315594958e-03 -6.97135233420978e-02 -9.27135202804648e-03
 -1.57340878839511e+03 -8.96037214799604e+02 4.15927497119964e+01 2.48165622104330e+01 -5.22506107183204e-02 -1.48876905425737e-01 -1.71083449421505e-01 2.23799713951069e-02 6.38039351168019e-02 7.32996951196585e-02 1.79387729829540e-03 6.63928093326168e-03 3.02062275825635e-03 3.24719441374115e-03 -2.54454781803901e-03 -3.62998883736100e-01 2.91822747504531e-01 1.04720913283088e+00 -2.88388146844148e+00 4.50913946136784e-02 -3.47331271156394e-01 3.13133508489462e-01 1.03533924358189e+00 1.48583781760372e+00 -2.45545451250732e+00 -3.47368543164142e-01 3.13081392019871e-01 -3.05045322033275e+00 4.13725589875210e-02 4.65058652281018e-02 1.81706215784671e-03 9.26976513996840e-03 4.93980579653554e-01 6.57615209590248e-02 -2.42927567438195e-01 -3.39179237712759e-01 -5.92530690093857e-01 2.35597911505088e-01 3.44509294956016e-01 5.83598130425219e-01 2.78277258202489e-02 6.44846165241240e-02 5.64713840580151e-02 5.43438393642605e-02 -4.76109036510027e-03 8.00332691283264e-02 1.01599053136642e-01 -1.06558818116306e-02 -1.27225829448252e-02 -1.72883408152226e-01 8.00332304344206e-02 1.01598975054852e-01 -1.31604295915745e-01 -5.51962392605488e-02 -9.89835948025843e-02 2.03884278110401e-07 2.35295672888495e-06 3.89790553110628e-02 9.39541502688236e-02 7.53180050109334e-05 -3.54102653546959e-02 -2.02285559653104e-02 1.69977588621199e-03 -6.16215176641359e-02 -3.26349744944932e-02 -4.45918774342548e-04 9.44439015675514e-02 -1.66673355618565e-02 -2.06477913847953e-04 -8.27814887023543e-02 4.69401037946314e-02 2.82192702179719e-02 4.13606035193030e-02 -8.18453053789674e-02 -4.61609141535287e-02 2.10648240663932e-02 5.66950499476741e-03 -3.42475115280895e-03 -2.62757637664673e-02 -2.07144341134512e-02 4.69238459208850e-02 2.81977926833262e-02 -1.32088122748616e-02 -1.00952531062058e-01 -1.28362478679649e-02
 8.93992914660182e+01 4.15927497119964e+01 -1.53334548693439e+01 -6.68118508781631e+00 -2.40760464600226e-01 -6.76609575387812e-01 -7.82924097266661e-01 -8.74059729070757e-02 -2.45116906294548e-01 -2.83934689686192e-01 -7.07702263152791e-02 -2.46104166344697e-01 -1.21094170018045e-01 -1.27108515666904e-01 8.69262771975926e-02 -1.69432634562878e+00 -1.40798923066466e+00 1.94706262450736e+00 -5.61042918083844e+00 -5.94555477756423e-02 -1.71252863707761e+00 -1.44206696719053e+00 1.98335426248738e+00 2.77069675549037e+00 -4.96817176209985e+00 -1.71247791748665e+00 -1.44196605241639e+00 -6.02350777288807e+00 -6.01137672305532e-02 -6.48095754892703e-02 3.50106879054700e-01 4.96526410518339e-01 3.25996923550707e-01 -5.11135508784405e-01 3.61297851147990e-01 5.10538470874294e-01 8.84750237234187e-01 9.68005852628498e-01 1.37892612983324e+00 2.37682463212372e+00 -9.44075596593363e-01 -2.29971360618202e+00 -1.76442305950948e+00 -1.67148548594914e+00 3.11577815072852e-01 1.82106126321907e-01 3.85882631015326e-01 5.87507418273983e-02 1.00008796770820e-01 1.08547808898021e-01 1.82106029345774e-01 3.85882312483022e-01 2.19376207984301e-02 8.70736667876425e-02 1.31044140894551e-01 2.50708657996175e-02 3.89790563143053e-02 2.82525972268740e-01 2.88470962893801e-01 1.25312406683247e-02 -2.26839676603806e-01 -1.09866142404232e-01 3.18946575725796e-02 4.10843692175188e-02 7.58045592784162e-02 -3.53636139552274e-02 1.26620937838876e-01 -5.66550363910797e-02 -3.15311589636770e-03 -1.55256709619291e-01 1.62664022688574e-01 1.61183545415853e-01 1.20895586813031e-01 -1.81665724786275e-01 -8.69344322496014e-02 1.07016340098041e-01 5.43749030266718e-02 -1.46860528657782e-02 -1.38452404171318e-01 -1.03658810917461e-01 1.62651346381796e-01 1.61107163223766e-01 -2.64570519860021e-02 -2.33423881673523e-01 3.00221460686491e-03
 4.13906920320655e+01 2.48165622104330e+01 -6.68118508781631e+00 -4.71056613766007e+00 -1.34310273811285e-01 -3.74371299222021e-01 -4.34989988882224e-01 -1.03245567398843e-01 -3.08530015400849e-01 -3.46305361624058e-01 -6.71664735229994e-02 -2.34939123029253e-01 -1.14727409605217e-01 -1.20678383745947e-01 8.36761172669934e-02 -1.67463335091974e+00 -1.61764314404958e+00 1.08417964233131e+00 -3.28147586223567e+00 -1.23895145625889e-01 -1.72367364057232e+00 -1.68456789839791e+00 1.12202675232611e+00 1.50125726718452e+00 -2.98260500717704e+00 -1.72353214111549e+00 -1.68436351344092e+00 -3.51685205530806e+00 -1.38765320832262e-01 -1.41633239515899e-01 4.45675100670877e-02 4.60745639270225e-02 -5.70378215077182e-01 -9.37991452006093e-01 7.26508907138071e-01 9.47202875619140e-01 1.73344640319065e+00 9.69803972552275e-01 1.29330069713137e+00 2.33055492586453e+00 -6.08114274809637e-01 -1.50197435229766e+00 -1.19731324486839e+00 -1.16033246620001e+00 1.93097464696491e-01 -2.73709572104872e-02 2.16512683131824e-01 1.08443650767520e-01 1.50500336989724e-01 7.45589595739297e-01 -2.73708915366456e-02 2.16512552323627e-01 5.01671956708599e-01 2.88583771428865e-01 5.05329211347677e-01 6.43845926490630e-02 9.39541555421411e-02 2.88470999874855e-01 1.72509541949546e-01 1.96121063660022e-02 1.12293234581989e-02 3.85523430753420e-02 3.73340806526547e-02 4.61337367888052e-01 3.26247037362836e-01 -4.22061301019475e-02 -2.24009684456204e-01 1.50368640280675e-03 2.98643277901372e-03 1.43110912552439e-01 1.32190712025222e-01 1.97645612170357e-01 2.66157980639334e-02 4.96600554088856e-02 4.97884671358715e-02 1.63703871220832e-01 1.29294597769027e-01 -2.05481717330545e-02 -1.47477386419780e-01 -1.18465722124747e-01 1.32252345028037e-01 1.97629990186398e-01 8.35194360845655e-03 4.30099462559556e-02 6.08893777705719e-02
 2.11864731069478e-02 -5.22506107183204e-02 -2.40760464600226e-01 -1.34310273811285e-01 -8.13830210922424e+01 -3.79488678218006e-02 -6.82668960531245e-02 -1.98006148392266e+01 -1.45381628339882e-02 -2.60617005607872e-02 -1.00112396943757e+00 -2.87416779729734e-02 1.43279776870155e-01 -1.15648598962758e+00 -2.83172459210780e-01 -1.24352844365842e+00 -1.67904398360475e+00 -3.24885549155543e+00 -4.41047490850729e+00 -3.27092820390723e-02 -1.25454984705747e+00 -1.70178734188043e+00 -3.27227112158891e+00 2.18357417772660e+00 -3.87286004261345e+00 3.60696788298555e+00 5.00802673645328e+00 8.87975674607879e+00 8.93716741226052e-02 9.52505736298381e-02 1.73270461110130e-01 2.40607525688502e-01 -3.52876928948620e-01 -6.77311704706461e-01 1.39615773816901e-01 5.85449845919349e-01 1.02211366556808e+00 -8.98028064501136e-01 9.36764800550361e-01 1.62779719075547e+00 2.07744783053968e-01 -2.50335929385317e+00 -2.40526876288174e+00 3.54779750562648e-01 1.22934964420558e+00 1.00100234909406e-03 3.67413357305411e-02 -1.12877149962902e-01 3.55389788172114e-02 6.85239951479815e-02 -2.35670973276895e-01 8.74533592904114e-02 5.48497166595883e-01 3.47041427354895e-01 5.96294456080852e-01 5.02251532924786e-05 1.50752774028673e-04 1.29971517874609e-02 1.95627091466998e-02 4.65281337844535e-02 -1.42980950157035e-02 -2.62248990042028e-03 -1.10348258175549e-01 -1.90297667966061e-02 6.54216002060083e-03 -7.56857013075710e-02 3.86327392001674e-03 -1.35510674099796e-02 -3.41342548558444e-02 -1.76922949909984e-02 3.61630066758078e-02 -2.97274615505934e-02 3.65970119882404e-02 -5.07375449943916e-02 -2.67134768894046e-02 7.39967015560032e-03 6.02129637226149e-03 1.23541427152200e-02 -1.58262511951796e-02 -9.05477099127402e-03 -3.19344517441794e-03 1.56903969337253e-02 1.20395764418061e-02 6.61038354970842e-03 8.39531986580796e-03
 6.03797400479364e-02 -1.48876905425737e-01 -6.76609575387812e-01 -3.74371299222021e-01 -3.79488678218006e-02 -8.14790820040929e+01 -1.33635871134625e-01 -1.45381643957779e-02 -1.98353747483008e+01 -4.99905868993178e-02 -4.02050133657887e-01 -1.19315611706700e+00 4.95478127164743e-01 -2.87416783192533e-02 9.82609227817252e-01 3.29739727493627e+00 4.61310746320455e+00 -4.16367827409172e+00 7.12723019383809e+00 7.97031395206012e-02 -1.82790911273049e+00 -2.43982481178551e+00 2.25421531099014e+00 -1.66655266838472e+00 -5.60852711082511e+00 -1.09141419644208e-01 -6.75744000777209e-02 -3.09509518466620e-01 -4.83212950063049e+00 -4.71139814734677e-03 2.49353545472925e-01 3.49007583501149e-01 -4.84751044523211e-01 -9.73522575360318e-01 5.90142282122906e-01 5.56633823936118e-01 1.44631215477775e+00 9.67716392082281e-01 -1.87266134841479e-01 2.37489022386982e+00 -5.91311707567063e-01 -1.44316220973933e+00 -3.43750179373437e+00 -2.57608581514647e+00 -7.31818973414710e-01 3.59845690884050e-03 5.99770845028854e-02 3.52099792884947e-02 -7.99716747242844e-02 1.04037046752922e-01 -7.95210067536602e-02 7.77807533756562e-02 2.76120843304433e-01 3.24798404737276e-02 2.84092792041661e-01 2.22006538695216e-02 3.52498901220267e-02 2.08729068027258e-01 -3.90194910260241e-02 8.97926223086383e-03 -1.73650818690009e-01 -1.09887058106452e-01 2.11346644660128e-02 5.25492518997036e-01 4.06150268643481e-01 -2.29267095511209e-02 -7.74031383662518e-03 6.57899473068309e-03 -3.64967294215097e-03 8.81169882350603e-03 -4.32129739920369e-02 8.38292642087319e-02 -1.22771891581585e-02 8.31647905979599e-02 5.46800164627811e-02 1.63022291975480e-02 3.24561703504706e-02 -5.85504131209884e-03 -4.58600192072106e-02 -4.30483585688876e-02 -5.69381150876800e-02 9.97409634697013e-02 1.75697265468047e-02 1.16542379824853e-01 4.34325329977167e-02
 6.93782743795816e-02 -1.71083449421505e-01 -7.82924097266661e-01 -4.34989988882224e-01 -6.82668960531245e-02 -1.33635871134625e-01 -8.15431716893892e+01 -2.60617022391686e-02 -4.99905871188990e-02 -1.98611820642118e+01 -2.87416767204476e-02 -1.12553991855286e+00 -1.36312577235770e+00 -4.37054744536243e-01 1.83350627309609e-02 -1.26855574735204e-01 -7.85063101851995e-02 1.09622070524924e-01 -3.22886266641769e-01 -4.79548072316187e+00 2.85035604518231e+00 4.03049642666300e+00 -3.61624711241843e+00 -5.07259947853543e+00 4.15117323631164e+00 -1.26747950651281e-01 -7.85125116641756e-02 -3.50507220702895e-01 -4.70590527063536e-03 -4.83559573174068e+00 4.26899045682740e-01 5.94382397711765e-01 -8.56146865663707e-01 -1.66805473936517e+00 1.02481062791652e+00 1.43863225227764e+00 2.22480564656330e+00 1.64558690948535e+00 2.32423371043729e+00 2.46545230318865e+00 -2.52314496169034e+00 -4.92768343447949e+00 -2.19301107387524e+00 -3.53538445567049e+00 8.61504274034296e-01 -2.86156918647709e-01 1.56713810307676e-01 1.44623327474312e-01 2.17838279850088e-01 1.12436214349488e+00 -1.41545734305072e-01 1.25731212466797e-01 4.79230933275424e-01 2.86910944471282e-01 3.50535269209877e-01 1.28418537641238e-02 2.05063314353767e-02 1.41234203413187e-01 9.58091020143076e-03 1.07559942032240e-02 -1.47980512895547e-01 -2.43363944730951e-02 2.96263815050351e-02 3.40439428529456e-01 1.23143185560144e-01 -3.47302766792685e-02 -4.18326972443674e-02 -7.67673240794766e-02 -1.25886526771088e-03 -6.26853284970480e-02 -1.38480393769776e-02 5.51349685630708e-02 7.64718715423378e-03 2.97040262482702e-02 3.99343112072151e-02 2.14782938232724e-02 2.85152030619154e-02 -3.31914741375459e-03 -5.93532573623978e-02 -2.72410969305739e-02 1.01896864025016e-02 2.73901662390098e-02 2.43782083337800e-03 -1.24573460515614e-02 3.08594230701079e-02
 2.31587367087849e-02 2.23799713951069e-02 -8.74059729070757e-02 -1.03245567398843e-01 -1.98006148392266e+01 -1.45381643957779e-02 -2.60617022391686e-02 -9.44762165617428e+00 -1.65622811915897e-02 -3.05507558777094e-02 -6.32086622076884e-01 -2.15151343985179e-02 1.18930757216689e-01 -7.31278519345429e-01 -2.32484110037069e-01 -1.12621795379111e+00 -1.48908002418641e+00 -3.29062835259011e+00 -2.40294135039224e+00 -7.64696897999943e-02 -1.15364721309785e+00 -1.53407258851428e+00 -3.37369739000530e+00 1.11533117292394e+00 -2.15743044418094e+00 3.32357336093540e+00 4.55220401813672e+00 3.23040640857730e+00 2.25885570182267e-01 2.28758795720827e-01 -1.80714805163110e-01 -2.68345076013107e-01 -1.01812351667918e+00 -9.51486039038604e-01 -9.26454724187142e-01 9.14659843315219e-01 1.68375074039488e+00 -1.79876050831008e+00 9.05818470940918e-01 1.65142293561394e+00 7.04979106007577e-01 -1.58032122518811e+00 -1.83940392532730e+00 1.30031015779172e+00 1.26846813999878e+00 -2.87769643321782e-02 1.77689485160134e-02 -5.66760875198683e-01 7.03990849288090e-02 1.87034204221187e-01 -7.83498616609119e-01 -4.96079469014150e-01 1.13913902930553e+00 7.10057274299513e-01 1.30287728895840e+00 8.18348747434039e-04 1.82856615407005e-03 3.17560178737319e-02 3.62937749382097e-02 -1.10370773422864e-01 -3.48700945896502e-02 -2.61281085060970e-03 -4.41447700981560e-01 -3.04083089540562e-02 2.15773938173714e-02 2.49263551950712e-01 -7.98972830492417e-03 -2.34139217608544e-02 1.54145813920446e-01 -4.50756872125201e-02 1.70343399849250e-01 5.25726579463048e-02 9.81826948401620e-02 -3.63264412642798e-01 -1.91840073667266e-01 1.10159542738531e-02 1.58115911862522e-02 9.63445756299695e-03 -7.39040029916078e-03 6.10981143210569e-03 -4.13299428481725e-02 -4.67201978407535e-03 -1.08548273466496e-01 1.35168478472683e-01 1.94379297857634e-02
 6.60004544007557e-02 6.38039351168019e-02 -2.45116906294548e-01 -3.08530015400849e-01 -1.45381628339882e-02 -1.98353747483008e+01 -4.99905871188990e-02 -1.65622811915897e-02 -9.51891082112902e+00 -7.54668313598607e-02 -2.18916274722666e-01 -7.62540985577464e-01 3.54059961293670e-01 -2.15151337200485e-02 6.50695142014766e-01 2.98471263458359e+00 4.14137665739756e+00 -2.16878838743153e+00 2.35098377706867e+00 1.78661265659531e-01 -1.69773376178373e+00 -2.19161896292637e+00 1.19929215126194e+00 -2.58585889247159e+00 -3.15320801123238e+00 -1.14742364904085e-01 -3.97234816063869e-02 -2.02274063525133e-01 -4.22093419150356e+00 -2.13966328050347e-02 -2.38552780086373e-01 -3.50379718065696e-01 -1.42878328829506e+00 -1.39847717961580e+00 1.00205658369397e+00 -3.19553802247180e-01 2.39551073535275e+00 1.02997622939210e+00 -1.14438596745111e+00 2.45892301786581e+00 1.28378484817443e-01 2.34540729443171e-01 -2.56222771214812e+00 -1.71847121787567e+00 -1.05466825068554e+00 -4.61317084769917e-02 3.98958021391569e-02 7.81700409818491e-02 -5.06604070313440e-01 3.02010841468204e-01 -3.11172699442459e-01 -1.40556447777885e-01 7.49096677313748e-01 -2.56718228322911e-01 6.49953502168960e-01 4.16451251791209e-02 5.91183834126315e-02 -8.62396836316947e-02 -5.13570340199318e-01 5.28408980411078e-03 5.47989675030386e-01 3.93159624219752e-01 4.45077881188811e-04 1.37213310391047e+00 1.05677367526887e+00 9.28466557637956e-03 -8.01914286413679e-01 2.36003577576796e-02 1.23403700358740e-02 5.68926394602491e-01 -2.46919464613232e-01 5.73046024418592e-03 -3.31809602817338e-01 6.01518082618511e-01 4.24074577424782e-01 4.92887860763743e-02 1.40307129490529e-01 -9.86021307026474e-03 6.71235807812611e-02 2.05039885621523e-02 -3.20925860972597e-01 -1.41756045017062e-02 1.44240979322603e-01 9.68423491316716e-01 1.63135864430842e-01
 7.58367152768195e-02 7.32996951196585e-02 -2.83934689686192e-01 -3.46305361624058e-01 -2.60617005607872e-02 -4.99905868993178e-02 -1.98611820642118e+01 -3.05507558777094e-02 -7.54668313598607e-02 -9.52814573967263e+00 -2.15151336543169e-02 -6.69531924034721e-01 -8.64792808580363e-01 -2.45406268577504e-01 1.56312348739484e-02 -1.15809088072726e-01 -4.06801549740954e-02 5.85700089328316e-02 -2.03303431247710e-01 -4.11500163618988e+00 2.61983670192414e+00 3.68423082293671e+00 -1.90528219149342e+00 -2.59096797080126e+00 7.49478520088228e-01 -1.22008421821825e-01 -4.30636145086680e-02 -2.21687898601722e-01 -2.13910843102831e-02 -4.21905108994084e+00 -4.32875252363668e-01 -6.40567968506431e-01 -2.48750524561289e+00 -2.36102442333674e+00 1.73398144040285e+00 2.25247203353608e+00 2.49850276672026e+00 1.72278235084282e+00 2.25571984134655e+00 1.62638143877656e+00 -1.57085544172961e+00 -2.54235185811373e+00 -1.69107261943055e-01 -1.88496593316142e+00 5.20443066537993e-01 -9.97955423828613e-01 -5.77323232033201e-01 2.37008658389626e-01 2.66984602623817e-01 2.43874649604168e+00 -5.36815862873221e-01 -2.63358482080654e-01 1.27980139975686e+00 6.08371003317220e-01 4.82960033340075e-01 2.52745049790070e-02 3.69704873174556e-02 2.40566933321118e-03 -2.35778102465245e-01 2.04654941052757e-02 3.27440335596450e-01 1.00668687250227e-01 3.93101512544644e-02 1.00628921694073e+00 1.77400875632557e-01 -4.83929098645654e-02 -2.74950637262920e-01 2.34659999610758e-01 5.63734292801734e-03 4.31170988335541e-01 -1.22313330133957e-01 1.92237728433720e-02 -1.63677671153019e-01 4.03524352094430e-01 1.15316737156433e-01 4.63420675721480e-02 1.06532948503816e-01 4.70026963325718e-03 2.46259463400536e-02 2.51269713837155e-02 6.98791783049066e-03 5.42101115522665e-02 1.45567380270226e-02 1.17244589999628e-01 -4.52539491020586e-02
 3.19030228401771e-03 1.79387729829540e-03 -7.07702263152791e-02 -6.71664735229994e-02 -1.00112396943757e+00 -4.02050133657887e-01 -2.87416767204476e-02 -6.32086622076884e-01 -2.18916274722666e-01 -2.15151336543169e-02 -5.77624629144390e+01 -1.46018578589935e-01 6.67741803056512e-02 -2.62477545153846e-01 6.61772101792612e-03 1.90653249748579e+00 3.80404463817589e+00 4.62450518916857e+00 4.00428547571820e+00 8.72640244585195e-02 -1.08342868424547e+00 -2.04847855331188e+00 -2.57374991861787e+00 -8.92226298353513e-01 -3.17809533629191e+00 1.41501676482234e-01 1.63063561288910e-01 2.26485191615214e-01 7.62293713532729e+00 3.70274112800470e-02 5.15116329190649e-02 1.82528667139988e-02 -9.70031560417169e-01 -6.53315251937042e-01 -2.00391054528869e-01 5.71162199377300e-01 2.58265242447895e+00 -7.68478125582308e-01 -3.74471507915977e-02 1.66420777076241e+00 1.25163691929553e-01 -1.17413199126612e+00 -4.59161496425276e+00 9.83508765228690e-01 5.80824669902815e-01 2.47523407421158e-02 3.72879388776360e-02 -4.35798891098924e-02 -1.00371551338938e-03 8.54589112388761e-03 -2.21349677160603e-01 -7.21402387813985e-02 6.74360514722781e-01 -7.92750329946902e-03 7.39182823975819e-01 2.88130186342636e-04 7.52872038742864e-04 2.09781835536083e-02 1.78125435008777e-02 6.74599432559430e-02 -2.34103413742507e-02 -3.46299438586814e-03 -2.58240828144167e-01 -6.20936726687196e-03 2.50374672664025e-02 8.31460345221952e-02 -8.73805287763551e-03 -1.75813557577582e-02 5.43630035987231e-02 -1.79028933237107e-02 6.93325779215694e-02 -3.23307851940169e-02 7.59682785419738e-02 -2.07933726173599e-01 -1.25850517951049e-01 9.67099856042026e-03 1.15865115587663e-02 1.73731567644839e-02 -1.67679854374528e-02 -8.98263493456879e-03 -2.21920911850043e-02 2.10008443856035e-02 -3.27875142632980e-02 1.03146307244355e-01 2.48492135805945e-02
 1.17318786715073e-02 6.63928093326168e-03 -2.46104166344697e-01 -2.34939123029253e-01 -2.87416779729734e-02 -1.19315611706700e+00 -1.12553991855286e+00 -2.15151343985179e-02 -7.62540985577464e-01 -6.69531924034721e-01 -1.46018578589935e-01 -5.81040874239039e+01 -1.83658246487940e-01 -1.02220513850713e-01 2.60600696733131e-01 8.83626664394774e-02 1.29629817933700e-01 -9.41086329128630e-02 1.02191017225373e-01 6.93522980485377e+00 2.37763577887458e+00 4.79202487187142e+00 -2.85434311969250e+00 2.05119897054341e+00 3.35543964437506e+00 -7.70378281586590e-02 -4.23390205654428e-02 -1.53356324055542e-01 -2.46763667173461e-01 -2.22747343133683e-01 1.31784946535846e-01 5.48185210440016e-02 -2.38704870590574e+00 -1.63422970655305e+00 2.61757646125628e+00 1.41425419288719e+00 5.08594659400554e+00 1.71134912623727e+00 -8.79743061071712e-02 2.71019767829173e+00 -1.17712074652243e+00 -2.28631580376322e+00 -4.88750264039712e+00 -5.19278380494063e+00 -2.34490283997134e+00 -4.47716773645736e-02 5.76981201900842e-02 1.12407390125365e-01 -4.32350712744391e-01 4.60809583343847e-01 -1.28076334017288e-01 1.29297255241161e-02 6.35496259275201e-01 1.08125369218985e-02 4.36512463531407e-01 6.36141602238968e-02 9.54273894965570e-02 1.72843581661968e-01 -1.74777788361350e-01 1.95931565606012e-02 -4.90353723761427e-02 4.29863386793813e-02 3.51413154876151e-02 7.65337181661006e-01 3.23593994141639e-01 -4.45582775965759e-02 -4.71037856513037e-01 9.62888635933932e-02 4.39733351049572e-03 4.21308246751499e-01 -5.18180837128505e-02 7.50627211144706e-02 -8.89920904851827e-02 2.37234758543791e-01 1.26744574362260e-01 3.61155334554686e-02 6.37905544663284e-02 -5.19993673575390e-03 -5.52751405416085e-02 -3.15260871817726e-02 -7.97427042079451e-03 4.83151422631002e-02 1.66773902300385e-02 1.04411640653379e-01 8.86468286058617e-03
 5.38127406167759e-03 3.02062275825635e-03 -1.21094170018045e-01 -1.14727409605217e-01 1.43279776870155e-01 4.95478127164743e-01 -1.36312577235770e+00 1.18930757216689e-01 3.54059961293670e-01 -8.64792808580363e-01 6.67741803056512e-02 -1.83658246487940e-01 -5.80468880938714e+01 -1.02352704552084e-01 -1.02737179503581e-01 1.66291099262030e+00 3.41044220461198e+00 -5.29065208864929e-01 1.82667239045219e+00 -2.04415664811667e-01 -1.61623686134668e+00 -3.36749638919350e+00 3.47900854999896e+00 4.96002903947997e+00 2.08211770456687e+00 1.73830419682563e+00 3.53437265494314e+00 1.97786193626164e+00 2.00112803727914e-01 -2.03357617689997e-01 8.81026225027136e-02 2.28364827565942e-02 -1.76431626117249e+00 -1.17022476864652e+00 2.45653073438634e+00 3.40058337503135e+00 2.19422842009019e+00 1.80608332716055e+00 2.55005993754871e+00 1.70641716671442e-01 -4.51797433560878e+00 -4.81717419763923e+00 2.78906581595476e+00 -3.41350740964358e+00 1.53172187253401e+00 -4.96344249715272e-01 -1.84325562087103e-01 2.56077734684965e-01 3.57378312321267e-01 1.99730087048745e+00 4.22172517245501e-02 7.14768541949176e-02 2.17131659449474e-01 1.76869352383329e-01 -3.25464909727548e-01 -1.04457786915762e-02 -1.51954794953910e-02 1.25266560800046e-02 7.52043106234021e-02 1.00935790532865e-02 -7.01695952451096e-02 4.14674375372267e-02 3.80636272284658e-02 -2.71697718927887e-02 -2.50657552106243e-01 -4.14578602794512e-02 1.17596034656275e-01 3.14646176849039e-02 9.37490272235572e-04 -7.79399200716271e-02 2.68692479365512e-02 -7.14653833638507e-03 3.89998531704264e-02 -5.73966544261577e-02 -6.23835908404907e-02 1.59203058859330e-02 9.72834958017536e-03 2.64530790651123e-03 -3.83391407904212e-02 4.61882953958407e-03 6.89612482703078e-02 -2.91107830262245e-02 -2.24848088334047e-02 -2.34251132282284e-01 -3.58142085983214e-02
 5.77021616572844e-03 3.24719441374115e-03 -1.27108515666904e-01 -1.20678383745947e-01 -1.15648598962758e+00 -2.87416783192533e-02 -4.37054744536243e-01 -7.31278519345429e-01 -2.15151337200485e-02 -2.45406268577504e-01 -2.62477545153846e-01 -1.02220513850713e-01 -1.02352704552084e-01 -5.78914485906644e+01 -1.17313826544020e-01 -9.61778023307628e-02 -8.12658202576261e-02 -1.55934304569537e-01 -2.38098005654985e-01 -2.59840445827131e+00 1.64693832340809e+00 3.34204639866549e+00 4.03006053892680e+00 -2.75806451701636e+00 2.35175820294177e+00 1.42474268693528e-01 1.70440252840487e-01 2.24196090633069e-01 3.70184108258112e-02 7.62790947293701e+00 8.19696549345108e-02 1.99399625557678e-02 -1.65952729150376e+00 -1.10010437695169e+00 -3.53800621110387e-01 2.51698385744732e+00 3.55079528037195e+00 -1.28829939592655e+00 1.60835780365806e+00 1.84254535777989e+00 9.55278202832961e-01 -4.96509928456101e+00 -3.45423411438372e+00 1.24647965822214e+00 3.49015797985605e+00 -2.02963311063999e-02 3.81344982688569e-02 -5.18237525005685e-01 1.06500070176824e-01 2.82181048867042e-01 -3.72710252936897e-01 -1.27427491811386e-01 1.14360972860099e+00 7.17211060074618e-01 8.26069692022520e-01 1.69989363962729e-04 4.86738157763250e-04 2.94253461341093e-02 3.76862870713984e-02 4.83884073692277e-02 -3.47316324715781e-02 -7.59717084381030e-04 -1.38355320076769e-01 -3.58383832849944e-02 2.46888283212361e-02 1.27832117446531e-02 -8.02316020665125e-03 -3.48359741826426e-02 4.42331316492600e-02 -4.03933388693585e-02 5.00481527105507e-02 -1.55628272128375e-02 5.70802339507596e-02 -1.45791109074417e-01 -5.04547854118237e-02 1.71061312842205e-02 1.28654060914233e-02 1.54206691424547e-02 -3.00510167934575e-02 -1.09642916025033e-02 4.79821285750594e-03 9.40926766405293e-03 -4.43571684016791e-04 3.84883590501524e-03 1.12572052044324e-02
 -4.46093784184597e-03 -2.54454781803901e-03 8.69262771975926e-02 8.36761172669934e-02 -2.83172459210780e-01 9.82609227817252e-01 1.83350627309609e-02 -2.32484110037069e-01 6.50695142014766e-01 1.56312348739484e-02 6.61772101792612e-03 2.60600696733131e-01 -1.02737179503581e-01 -1.17313826544020e-01 -5.77518957285791e+01 2.25326952322628e+00 4.57021551011990e+00 -5.28874739618995e+00 8.88788670775400e-01 6.99327146002890e-02 4.35027542506344e-01 7.69750134769675e-01 -3.10846160001499e+00 3.16194005925598e+00 1.24099862350983e+00 -3.04465084207178e+00 -6.14020817862497e+00 -3.49022688342530e+00 8.48625206830089e-02 -1.29793088874824e-01 -2.53064754711489e-02 -1.88140551519249e-02 3.58808937837367e-01 2.70130241019007e-01 -1.27815171807156e+00 7.28157489913930e-01 -9.45282448977549e-01 -1.27106008942456e+00 1.07259418078520e+00 -6.77086006845648e-01 5.04841382354267e-01 -2.31456036989784e+00 1.68233300718184e+00 3.60122846014419e+00 1.48637199751871e+00 -6.88811767167178e-03 -1.53156273004136e-02 -6.56746891418109e-02 5.74773537321310e-02 -1.37107990360849e-02 -2.08180908959738e-01 -1.16900859736127e-01 3.19386497938265e-01 5.23670623446028e-01 5.50242982977992e-01 -5.49298892020885e-02 -8.19290844529367e-02 -1.15195986398247e-01 1.85776721431711e-01 -3.72484894331575e-03 -2.72536832911967e-02 1.03964871003693e-02 -1.18146821853714e-02 -5.49865470833394e-01 -4.76900883175499e-01 -8.97126021853380e-04 4.61325257473636e-01 -3.65092218095835e-02 -1.84282783378849e-03 -3.42231261942101e-01 4.27291293326744e-02 -4.84698371444492e-02 8.70070186912685e-02 -1.46297001130410e-01 -1.10555232874330e-01 -1.41269926538246e-02 -3.70906993103735e-02 8.94685666761025e-03 1.02608490208623e-02 2.62901681675054e-02 8.47368182047513e-02 -7.49418398499275e-02 -5.99656530175235e-02 -3.62203457293709e-01 -7.99955308631140e-02
 -2.30046365784398e-01 -3.62998883736100e-01 -1.69432634562878e+00 -1.67463335091974e+00 -1.24352844365842e+00 3.29739727493627e+00 -1.26855574735204e-01 -1.12621795379111e+00 2.98471263458359e+00 -1.15809088072726e-01 1.90653249748579e+00 8.83626664394774e-02 1.66291099262030e+00 -9.61778023307628e-02 2.25326952322628e+00 -4.15528090019631e+00 -6.75379362588922e+00 1.94654801008902e-01 -8.76750287385251e-01 -1.88097388444209e-01 -3.02811036371823e-01 -2.35316270816801e-02 -6.11444865138568e-02 1.11532485423455e+00 -5.97419658917398e-01 -3.02780437645280e-01 -2.34947487444043e-02 -9.93120899451155e-01 7.85793676801568e-01 -2.66358835182374e-02 5.11321828061377e-02 7.31212999545421e-02 1.52641881630319e-01 -3.73900036732734e-02 6.66887153931227e-03 2.57237192962694e-01 1.59453168449229e-01 3.36522929452505e-02 8.03831585783581e-01 5.19089876882146e-01 -3.04311029452590e-02 -3.83427780401024e-01 3.93006650129478e-02 4.41807680882788e-03 2.95804425846341e-01 4.40405694764098e-02 1.43154260159869e-01 -1.98488396851637e-02 1.75117304668664e-01 1.89582942243518e-01 4.35786928831981e-02 1.42978940819339e-01 7.96656920157077e-02 2.10674627026454e-01 1.29967304640886e-01 1.41838058030506e-02 2.10648454822033e-02 1.07016395076305e-01 1.63703878453566e-01 7.35161169835453e-03 -2.67687196825965e-02 -3.34999848895140e-03 1.08573498531663e-02 -6.48332007772377e-02 -1.94181871653189e-02 -1.95229172588685e-02 1.21615877474907e-02 -1.99311243482243e-02 2.25215513940900e-04 -3.48877034731103e-02 1.12809067033932e-01 7.40110143813783e-02 5.79762062717666e-02 -8.31298881662080e-02 -3.19992127580075e-02 8.39153411483729e-02 4.65204128546571e-02 -3.86951097820337e-03 -7.37471578392975e-02 -4.87834988711376e-02 1.12797749000891e-01 7.40327396827936e-02 -6.60575262036399e-03 -1.05768704559423e-01 7.42647411603100e-03
 2.66471776837275e-01 2.91822747504531e-01 -1.40798923066466e+00 -1.61764314404958e+00 -1.67904398360475e+00 4.61310746320455e+00 -7.85063101851995e-02 -1.48908002418641e+00 4.14137665739756e+00 -4.06801549740954e-02 3.80404463817589e+00 1.29629817933700e-01 3.41044220461198e+00 -8.12658202576261e-02 4.57021551011990e+00 -6.75379362588922e+00 -1.31559748491787e+01 2.35744495302426e-01 -9.85721258168324e-01 -1.83916812791011e-01 -1.06611881556551e-02 3.20092539983153e-01 -9.74250135633695e-02 9.19257515063003e-01 -3.61203025861690e-01 -1.06653846017965e-02 3.20089001654777e-01 -6.95740457674914e-01 7.07705153096626e-01 5.21035465961063e-03 6.81712920473186e-02 1.00830664486841e-01 3.72389254015104e-01 2.16064342701527e-01 -3.62041442550217e-02 -9.39769978055955e-02 -1.13383093717399e-01 -2.27515853973569e-02 4.82843683179158e-01 2.41589909545522e-01 1.34133502853499e-02 -1.19021834845442e-01 7.01560424539053e-02 4.96178898151365e-02 1.34875385663381e-01 1.49483797885317e-01 1.99858908224747e-01 1.41437413827082e-03 2.43215489128875e-02 -1.01184744344248e-01 1.49329123828866e-01 2.00048769329232e-01 -9.41306550232982e-02 -8.82119968142308e-03 -4.21509191586984e-02 3.72478445893017e-03 5.66951559358263e-03 5.43749640853572e-02 1.29294668733660e-01 5.95982559409785e-03 -4.09445006246531e-02 -1.38133100711840e-02 1.55251758577691e-02 -1.62513808938787e-01 -6.80703764321837e-02 -1.67600831844842e-02 4.05718234472322e-02 -2.50354976807058e-02 -3.52148086219353e-03 -5.72120171428133e-02 8.48010060336677e-02 3.68002964103215e-02 5.19205126192771e-02 -9.73734405092966e-02 -4.03255342937631e-02 4.65204033863410e-02 1.46685130337378e-02 -1.05368811079468e-03 -4.93487392786583e-02 -3.01354310854961e-02 8.48160793731548e-02 3.68267198249079e-02 -4.65367545091924e-03 -1.17282156428419e-01 -5.79007741104852e-03
 7.23168031535496e-01 1.04720913283088e+00 1.94706262450736e+00 1.08417964233131e+00 -3.24885549155543e+00 -4.16367827409172e+00 1.09622070524924e-01 -3.29062835259011e+00 -2.16878838743153e+00 5.85700089328316e-02 4.62450518916857e+00 -9.41086329128630e-02 -5.29065208864929e-01 -1.55934304569537e-01 -5.28874739618995e+00 1.94654801008902e-01 2.35744495302426e-01 -1.18261102449365e+01 5.17177396275081e-02 -5.87769258940645e-03 -6.26529930126840e-02 -9.78628059128456e-02 -9.86629620868765e-01 -2.55982030245844e-02 -9.56234511500128e-02 1.08415544059518e+00 9.16081065944349e-01 2.06458494226827e+00 -1.99361804300784e+00 6.33528814949659e-02 6.88055478992239e-03 8.05446524096965e-03 -6.51940240565270e-02 -1.06774780176281e-01 -1.24493890375733e-01 1.10535476818655e-01 1.07203297557439e-01 -5.45816701991552e-01 1.49698146519754e-01 1.74598242678175e-01 4.26923948036609e-01 -2.14511865587845e-01 -9.65910964798726e-02 2.98621505717959e-01 1.62548710399304e-01 1.92538125560810e-02 -2.36600123327721e-03 -1.07329683946397e-01 -4.48885657968208e-02 -7.08850946775002e-02 -1.73030188542025e-01 -2.43251221567519e-02 2.28579559289940e-01 4.11346785636557e-01 3.25061552904125e-01 -2.29948702058691e-03 -3.38239378457637e-03 -1.44893551195808e-02 -2.03879235927830e-02 1.23835180256929e-02 5.70245525612792e-03 3.37769622703341e-03 9.66483626974989e-03 1.08333751157489e-03 1.09944077087032e-02 -2.21060267156700e-02 -8.43854563462910e-03 -2.24513552339761e-03 -7.33388754999612e-03 6.03937310317644e-03 -2.71443128792341e-02 -3.15977980142220e-02 8.44585033641642e-03 3.21229067727147e-02 1.62778403351960e-02 -3.79438728354920e-03 -9.97521232557168e-04 1.52954685376245e-02 1.99226186828054e-03 3.07842909297611e-03 -1.18044863593807e-02 -3.83568357319088e-03 2.66236218771171e-02 1.53126681610130e-02 2.61562417136582e-03
 -1.99492296919954e+00 -2.88388146844148e+00 -5.61042918083844e+00 -3.28147586223567e+00 -4.41047490850729e+00 7.12723019383809e+00 -3.22886266641769e-01 -2.40294135039224e+00 2.35098377706867e+00 -2.03303431247710e-01 4.00428547571820e+00 1.02191017225373e-01 1.82667239045219e+00 -2.38098005654985e-01 8.88788670775400e-01 -8.76750287385251e-01 -9.85721258168324e-01 5.17177396275081e-02 -1.20694197994071e+01 -6.85882024780189e-02 -1.07719052912808e+00 -7.87429111155319e-01 -6.85349373115942e-02 2.40198374495640e+00 -2.01352011026267e+00 -6.71685940755830e-01 -4.28871982360586e-01 -2.11638990437237e+00 6.00755542359690e-01 -4.25540528136470e-02 9.71930199533823e-02 1.33866892434138e-01 -6.87165612334343e-02 -5.46749104510299e-01 5.29275593235553e-02 6.89962673233426e-01 5.72059819057127e-01 1.30305407616108e-01 1.39562703433707e+00 1.36489377467331e+00 -1.65798196680763e-01 -1.40198446276693e+00 -2.73917946885524e-01 -1.16058293478525e-01 7.46155658694101e-01 -6.46598027615737e-02 1.01293811229700e-01 -3.85141468456097e-02 2.38323178675326e-01 4.41273576366451e-01 -1.33037925553037e-01 9.31305639491915e-02 3.42948684725636e-01 4.91783915744106e-01 4.22078037714327e-01 2.09122932678169e-02 3.10919228032636e-02 1.59065895955899e-01 1.76388472499227e-01 1.56240185800519e-02 -7.63208633977436e-02 -2.54369583715367e-02 -1.62006332455701e-03 5.52346320955817e-02 2.74654271890373e-02 -2.91184084199737e-02 2.80640574778805e-02 -2.50585199754709e-02 -1.64036385671544e-03 -5.12286979900953e-02 1.01255344678281e-01 9.22324192488324e-02 7.49299221772116e-02 -8.44847945260760e-02 -4.22882309484772e-02 7.91472578937001e-02 5.07918433473429e-02 -3.77186255111406e-03 -8.88449675203040e-02 -6.54430622320227e-02 1.06598662546026e-01 1.02035773534113e-01 -9.09859143217995e-03 -1.22020481685240e-01 8.11487399975522e-03
 2.91716508445525e-02 4.50913946136784e-02 -5.94555477756423e-02 -1.23895145625889e-01 -3.27092820390723e-02 7.97031395206012e-02 -4.79548072316187e+00 -7.64696897999943e-02 1.78661265659531e-01 -4.11500163618988e+00 8.72640244585195e-02 6.93522980485377e+00 -2.04415664811667e-01 -2.59840445827131e+00 6.99327146002890e-02 -1.88097388444209e-01 -1.83916812791011e-01 -5.87769258940645e-03 -6.85882024780189e-02 -1.18533908510255e+01 6.80428285009821e-01 6.27495766050966e-01 -7.08316512103790e-02 -1.82815873155809e+00 1.97148688807036e-01 -2.18760402162432e-02 6.53365665313717e-03 -5.69665791126337e-02 4.25268541982344e-02 -1.05288515785151e+00 6.73395252316655e-02 9.04222980225399e-02 -1.46172298413783e-01 -4.90023449726943e-01 7.39388929887334e-02 6.66071720513433e-01 3.54265914548932e-01 1.63389297302638e-01 1.39641904899995e+00 4.73238744184265e-01 -2.08218975673032e-01 -8.97786323754320e-01 3.24160229508946e-01 -1.24578025919836e-01 8.75447248050109e-01 -2.40669080398045e-01 2.82000622486677e-02 -7.29263094098084e-02 5.21132118307869e-01 7.96941764166656e-01 -1.24231326461335e-01 4.09500656441921e-02 2.91203725868841e-01 4.44409280509056e-01 2.09689681060325e-01 8.28163248373440e-03 1.23728511778138e-02 6.79560898756985e-02 6.83910054389029e-02 9.10340490131497e-03 -4.17757314317994e-02 3.19047364260149e-03 9.49056288979603e-03 3.14110727224181e-02 3.69863488549962e-02 -2.26752358567612e-02 -1.25125153980635e-02 -3.12554537782462e-02 1.59054680030825e-03 -3.43497259764719e-02 3.27743768005567e-02 3.54292577762139e-02 2.95414683203125e-02 -3.42795536296040e-02 1.58931039831536e-02 3.94304375424452e-02 2.76359784223638e-02 -2.41796304358872e-04 -5.60982148474774e-02 -1.85753896045529e-02 2.34130677867371e-02 1.84902758080715e-02 4.11302278953552e-05 -3.04824002193429e-02 3.54840041705048e-02
 -2.20327023066120e-01 -3.47331271156394e-01 -1.71252863707761e+00 -1.72367364057232e+00 -1.25454984705747e+00 -1.82790911273049e+00 2.85035604518231e+00 -1.15364721309785e+00 -1.69773376178373e+00 2.61983670192414e+00 -1.08342868424547e+00 2.37763577887458e+00 -1.61623686134668e+00 1.64693832340809e+00 4.35027542506344e-01 -3.02811036371823e-01 -1.06611881556551e-02 -6.26529930126840e-02 -1.07719052912808e+00 6.80428285009821e-01 -4.33745295984597e+00 -7.03290771220159e+00 2.06706136625173e-01 1.41328580070986e-01 -8.74141307204744e-01 -3.12879109799112e-01 -1.94518169687932e-02 -1.01731537857030e+00 -4.43280659767240e-01 6.92954718320363e-01 5.46072582505429e-02 7.94202762303621e-02 1.67740791282422e-01 -3.60978760766218e-02 3.92547619957073e-03 -7.85702190754738e-03 3.10187890457386e-01 3.47748086673799e-02 3.06974975995971e-02 1.00746936974620e+00 3.39488083553467e-02 -1.82977121336775e-03 -5.10651641430607e-01 -3.60507896868086e-02 -4.36577369483001e-03 1.63700113204960e-01 1.69294201961556e-01 1.25866807923235e-02 2.60423484219850e-02 -9.30489262791810e-02 4.71387214671993e-02 1.51292192135173e-01 7.82945012170815e-02 5.83715533866818e-03 2.55201416472432e-01 3.20997343072128e-02 4.69748479298270e-02 1.62705607394410e-01 1.32074541234148e-01 -3.09583905450071e-03 1.98572858945074e-02 5.46027920791399e-02 -4.06788602019979e-02 1.55325641361700e-01 2.82068628978439e-01 6.83310201929504e-03 -9.28761570254771e-02 -5.77344009009984e-02 2.13306671834942e-02 1.19307311011140e-02 1.11206171186204e-01 1.20279638101967e-01 3.59610364288140e-02 -2.54553964804686e-02 9.24540514368657e-03 1.12844386064847e-01 8.48684329299593e-02 -1.19226183602936e-02 -7.36318764806780e-02 -8.06229656052869e-02 1.40175827200977e-02 1.08489247424113e-01 -2.52385117804114e-03 2.01152635665128e-01 1.42033397164033e-01
