S:
 1.00000000000000e+00 9.33746665827803e-01 1.86830126295597e-01 7.97603841182616e-02 0.00000000000000e+00 0.00000000000000e+00 0.00000000000000e+00 0.00000000000000e+00 0.00000000000000e+00 0.00000000000000e+00 0.00000000000000e+00 0.00000000000000e+00 0.00000000000000e+00 0.00000000000000e+00 0.00000000000000e+00 5.32229386243738e-02 4.13705389791287e-02 -3.42240870537530e-02 9.68040749478216e-02 0.00000000000000e+00 5.32229399460306e-02 4.13705405822236e-02 -3.42258559487817e-02 -4.84013855050821e-02 8.38344451798949e-02 5.32229355119540e-02 4.13705347033982e-02 1.02675780099529e-01 -1.26515114492214e-06 0.00000000000000e+00 0.00000000000000e+00 4.84321058725632e-06 1.14814294974981e-02 2.93438276469375e-02 -4.60206587908978e-03 -6.50813164794791e-03 -1.12725204472665e-02 -1.98685976246302e-02 -2.80976961878403e-02 -4.86670939646224e-02 1.07590403865596e-02 2.63537085030643e-02 1.97654741457016e-02 1.86353794412239e-02 -3.80359303849929e-03 1.14623990019154e-02 3.11844967741555e-03 -1.21637662478172e-03 -1.74673914931946e-03 -1.67157617547670e-02 1.14623940505458e-02 3.11844740799838e-03 -1.24195403961817e-02 -5.68093071446028e-03 -9.87061705055350e-03 0.00000000000000e+00 0.00000000000000e+00 5.04981353093770e-04 4.96809622151112e-03 -3.78558056905342e-07 -3.54502051595442e-04 -2.04366873548488e-04 -1.56340462758521e-05 -1.46405591011726e-02 -8.44013532248123e-03 2.70814892719503e-06 1.46201071969451e-03 -2.45486364105983e-04 1.56122060371146e-06 -1.26802646390464e-03 4.96460044056986e-03 7.62019769787692e-04 2.12468730959098e-03 -4.33905009700055e-03 -2.49676507891376e-03 1.79063345843336e-03 1.36806218812842e-04 -1.33873415310366e-04 -1.00136290282672e-03 -7.94911875115935e-04 4.96213650671655e-03 7.61382969342220e-04 -7.17618964796909e-04 -5.33303904316319e-03 -7.60635154223144e-04
 9.33746665827803e-01 1.00000000000000e+00 3.60036793224751e-01 1.74953027506644e-01 0.00000000000000e+00 0.00000000000000e+00 0.00000000000000e+00 0.00000000000000e+00 0.00000000000000e+00 0.00000000000000e+00 0.00000000000000e+00 0.00000000000000e+00 0.00000000000000e+00 0.00000000000000e+00 0.00000000000000e+00 1.00274910418071e-01 7.95369255896736e-02 -6.21719094788258e-02 1.75855507181574e-01 0.00000000000000e+00 1.00274912765145e-01 7.95369285141222e-02 -6.21751226976266e-02 -8.79265690246883e-02 1.52294713363822e-01 1.00274904430395e-01 7.95369175093688e-02 1.86522121543426e-01 -2.29828303689143e-06 0.00000000000000e+00 4.84321058725632e-06 4.12826555324528e-05 2.31479573027271e-02 5.58883276872882e-02 -9.38633374157914e-03 -1.32739290060562e-02 -2.29913351445706e-02 -3.70665393057879e-02 -5.24186145544376e-02 -9.07925554680238e-02 2.03928802236600e-02 4.99512969010453e-02 3.74638380001892e-02 3.53218360396678e-02 -7.20939924653044e-03 2.20139331769621e-02 6.21566435476120e-03 -2.34549467561564e-03 -3.36817337853512e-03 -3.22323935840695e-02 2.20139237103197e-02 6.21565985110729e-03 -2.39481468676206e-02 -1.09543315394021e-02 -1.90331509366152e-02 0.00000000000000e+00 0.00000000000000e+00 1.07301021557963e-03 9.70403745437380e-03 -8.30401042518889e-07 -7.77631433689858e-04 -4.48296714747379e-04 -2.98875843548791e-05 -2.79883310133006e-02 -1.61349918255247e-02 5.64435839832589e-06 3.04713913292571e-03 -5.11645429697819e-04 3.25391540446462e-06 -2.64283497172577e-03 9.57260425985683e-03 1.53003054177841e-03 4.15186760565368e-03 -8.47897073834569e-03 -4.87894759665838e-03 3.46298185973943e-03 2.76199048280233e-04 -2.64276247897513e-04 -1.97676611317339e-03 -1.56921616856149e-03 9.56787097830930e-03 1.52875711185147e-03 -1.40231339817663e-03 -1.04213969687747e-02 -1.48637218458816e-03
 1.86830126295597e-01 3.60036793224751e-01 1.00000000000000e+00 8.73147870969765e-01 0.00000000000000e+00 0.00000000000000e+00 0.00000000000000e+00 0.00000000000000e+00 0.00000000000000e+00 0.00000000000000e+00 0.00000000000000e+00 0.00000000000000e+00 0.00000000000000e+00 0.00000000000000e+00 0.00000000000000e+00 5.33686974699489e-01 4.46105527611331e-01 -1.99943297803311e-01 5.65546891499332e-01 0.00000000000000e+00 5.33686982028159e-01 4.46105537178651e-01 -1.99953627921091e-01 -2.82769630157273e-01 4.89775962329945e-01 5.33686952259608e-01 4.46105500086176e-01 5.99850478503142e-01 -7.39037323849388e-06 0.00000000000000e+00 1.14814294974981e-02 2.31479573027271e-02 2.11532065242091e-01 3.45179672221885e-01 -6.87525016860430e-02 -9.72281459503000e-02 -1.68405668727988e-01 -1.71999687813004e-01 -2.43237851004091e-01 -4.21304268102477e-01 7.16621807598199e-02 1.75532776992794e-01 1.31650866256343e-01 1.24123703307854e-01 -2.53343944776610e-02 1.65452949428566e-01 7.25400715678883e-02 -1.62746309002257e-02 -2.33706677459608e-02 -2.23650173254697e-01 1.65452887945529e-01 7.25400291221390e-02 -1.66168485300586e-01 -7.60085824089763e-02 -1.32064910240093e-01 5.04981353093770e-04 1.07301021557963e-03 2.59361068434318e-02 8.93786608760188e-02 -2.34252294301502e-05 -2.19365895999627e-02 -1.26462236130025e-02 -2.02849588132506e-04 -1.89959025212877e-01 -1.09509470847873e-01 7.34603070232754e-05 3.96578930365783e-02 -6.65896071793253e-03 4.23491860787674e-05 -3.43959571730953e-02 7.88675782513347e-02 2.24587194885981e-02 3.73662955677076e-02 -7.63096889734000e-02 -4.39099255815028e-02 3.06106820532709e-02 4.91159508018079e-03 -2.99163113654172e-03 -2.23771722554771e-02 -1.77636697685906e-02 7.88319978628571e-02 2.24425746899874e-02 -1.26223144636812e-02 -9.38036743091808e-02 -1.33789330276981e-02
 7.97603841182616e-02 1.74953027506644e-01 8.73147870969765e-01 1.00000000000000e+00 0.00000000000000e+00 0.00000000000000e+00 0.00000000000000e+00 0.00000000000000e+00 0.00000000000000e+00 0.00000000000000e+00 0.00000000000000e+00 0.00000000000000e+00 0.00000000000000e+00 0.00000000000000e+00 0.00000000000000e+00 7.20096655559260e-01 5.55223287943905e-01 -1.67079642331809e-01 4.72590842175967e-01 0.00000000000000e+00 7.20096660810069e-01 5.55223294328275e-01 -1.67088272342547e-01 -2.36292228680485e-01 4.09273989461458e-01 7.20096635160705e-01 5.55223266295373e-01 5.01256135000110e-01 -6.17545522384489e-06 0.00000000000000e+00 2.93438276469375e-02 5.58883276872882e-02 3.45179672221885e-01 5.25149010448191e-01 -7.24071363281232e-02 -1.02396442486399e-01 -1.77357504842781e-01 -1.91357331209621e-01 -2.70612967890738e-01 -4.68719807116638e-01 4.64869161551784e-02 1.13867278943247e-01 8.54012918978003e-02 8.05184569861550e-02 -1.64343010620860e-02 3.13405525360869e-01 1.69684682397730e-01 -2.35476688630539e-02 -3.38148827707348e-02 -3.23598131297988e-01 3.13405437743757e-01 1.69684614636205e-01 -2.40428250079915e-01 -1.09976391673198e-01 -1.91083978358840e-01 4.96809622151112e-03 9.70403745437380e-03 8.93786608760188e-02 1.98270709398198e-01 -6.18825302695903e-05 -5.79498895418416e-02 -3.34075294555098e-02 -3.23764735832477e-04 -3.03190702059172e-01 -1.74786395748169e-01 1.12761179419913e-04 6.08745348551394e-02 -1.02214489144789e-02 6.50056262521255e-05 -5.27975075734352e-02 1.74816078258670e-01 7.40385943110224e-02 7.24205127681864e-02 -1.47897636584996e-01 -8.51028787343398e-02 7.93863585969861e-02 2.41398037891615e-02 -8.12750873609923e-03 -6.07931440491132e-02 -4.82594191040278e-02 1.74752154662710e-01 7.40001632014634e-02 -2.44677601397329e-02 -1.81833988084157e-01 -2.59344290326345e-02
 0.00000000000000e+00 0.00000000000000e+00 0.00000000000000e+00 0.00000000000000e+00 1.00000000000000e+00 0.00000000000000e+00 0.00000000000000e+00 6.58338631143568e-01 0.00000000000000e+00 0.00000000000000e+00 0.00000000000000e+00 0.00000000000000e+00 0.00000000000000e+00 0.00000000000000e+00 0.00000000000000e+00 9.20397517855990e-02 1.21374902769331e-01 2.75167486800702e-01 1.61746215329774e-01 0.00000000000000e+00 9.20445071848632e-02 1.21381174637740e-01 2.75161585871621e-01 -8.08761952972665e-02 1.40082990967215e-01 -2.76128726978563e-01 -3.64137190491967e-01 -1.82337582209956e-01 6.34161264554609e-06 0.00000000000000e+00 4.60206587908978e-03 9.38633374157914e-03 6.87525016860430e-02 7.24071363281232e-02 3.66406772968878e-02 -4.49829144194478e-02 -7.79134241719972e-02 1.38333198352569e-01 -5.91319761231800e-02 -1.02420547672980e-01 -4.51460644529817e-02 9.59994393730103e-02 1.06432177035712e-01 -7.81960111341594e-02 -7.34932542017940e-02 7.21147920333859e-03 4.62515638824722e-03 5.00788460020828e-02 -1.59630588762870e-03 -1.52761605304201e-02 7.36311967914101e-02 4.72241164219385e-02 -6.46956533480086e-02 -5.30084709434114e-02 -9.21022173168368e-02 3.78558056905342e-07 8.30401042518886e-07 2.34252294301490e-05 6.18825302695844e-05 3.78361461247681e-03 -2.41691841189062e-05 -1.39332845256061e-05 4.22129044486135e-02 -1.34965430393945e-04 -7.78061726039994e-05 -1.39910406017597e-02 5.15224480752291e-05 0.00000000000000e+00 -8.06569443635442e-03 -5.96268932459662e-05 -1.88383518649771e-02 -7.60259520243053e-03 2.19586882642591e-03 2.78542162945434e-02 1.60278015845482e-02 1.95277833646141e-03 4.29540843222213e-04 3.23116901644867e-03 -2.11964643837147e-03 -1.68263883411624e-03 6.36422907627860e-03 2.56767929379953e-03 1.42666221984059e-02 -1.15724062157376e-02 -1.65053713553107e-03
 0.00000000000000e+00 0.00000000000000e+00 0.00000000000000e+00 0.00000000000000e+00 0.00000000000000e+00 1.00000000000000e+00 0.00000000000000e+00 0.00000000000000e+00 6.58338631143568e-01 0.00000000000000e+00 0.00000000000000e+00 0.00000000000000e+00 0.00000000000000e+00 0.00000000000000e+00 0.00000000000000e+00 -2.60337783750061e-01 -3.43313325242102e-01 1.61746213250122e-01 -1.25153845895883e-01 0.00000000000000e+00 1.30167135691732e-01 1.71654348788504e-01 -8.08761945226556e-02 2.17978035754503e-01 1.98102007740578e-01 3.40197150093003e-06 4.48694804826529e-06 6.34202535161705e-06 3.32351181010461e-01 0.00000000000000e+00 6.50813164794791e-03 1.32739290060562e-02 9.72281459503000e-02 1.02396442486399e-01 -4.49829144194478e-02 4.83548041294511e-03 -1.10183303431266e-01 -5.91319758007957e-02 9.65238987541845e-02 -1.44840691399610e-01 -4.21301057639306e-03 -1.03195493682395e-02 1.50513842482365e-01 9.59994391890777e-02 6.47442787727916e-02 1.03558153261189e-02 6.64180899641894e-03 -1.59630583143538e-03 4.88981411931350e-02 -2.19368449820161e-02 3.36802901599703e-02 2.16011965130503e-02 -5.30084701003150e-02 2.69433670926747e-02 -4.21292809956702e-02 3.54502051595442e-04 7.77631433689858e-04 2.19365895999627e-02 5.79498895418416e-02 -2.41691841189064e-05 -1.88496346237816e-02 -1.30478557931647e-02 -1.34964856824634e-04 -8.41751416262796e-02 -7.28615229228900e-02 7.44321900961457e-05 4.01825791076720e-02 -2.35953459860383e-05 5.15225221677224e-05 -2.78554500434049e-02 3.84718037730891e-02 1.55260689063039e-02 2.78542166823391e-02 -4.10489157454503e-02 -3.27320801175816e-02 1.46066320789500e-02 3.21293261308624e-03 -2.11964637351361e-03 -1.23402456849760e-02 -1.25860095329782e-02 4.72962445918471e-02 1.90819010038055e-02 -1.15724063799168e-02 -7.01773870914243e-02 -1.22660903595998e-02
 0.00000000000000e+00 0.00000000000000e+00 0.00000000000000e+00 0.00000000000000e+00 0.00000000000000e+00 0.00000000000000e+00 1.00000000000000e+00 0.00000000000000e+00 0.00000000000000e+00 6.58338631143568e-01 0.00000000000000e+00 0.00000000000000e+00 0.00000000000000e+00 0.00000000000000e+00 0.00000000000000e+00 0.00000000000000e+00 0.00000000000000e+00 0.00000000000000e+00 0.00000000000000e+00 3.32351202096271e-01 -2.25458208819213e-01 -2.97316843647472e-01 1.40082990447032e-01 1.98102009148972e-01 -1.07747557008242e-02 0.00000000000000e+00 0.00000000000000e+00 0.00000000000000e+00 0.00000000000000e+00 3.32351180470276e-01 1.12725204472665e-02 2.29913351445706e-02 1.68405668727988e-01 1.77357504842781e-01 -7.79134241719972e-02 -1.10183303431266e-01 -1.22395627383282e-01 -1.02420547586769e-01 -1.44840691858369e-01 -7.07268649518539e-02 9.59994389004299e-02 1.50807279859060e-01 7.68267080983466e-03 1.06639674227501e-01 -3.39382311196287e-02 9.91019995233401e-02 6.35600892763011e-02 -1.52761597452722e-02 -2.19368448682022e-02 -1.58738460264973e-01 5.85195039372132e-02 3.75320785935245e-02 -9.21022162848563e-02 -4.21292813296197e-02 -2.20091901488289e-02 2.04366873548488e-04 4.48296714747379e-04 1.26462236130025e-02 3.34075294555098e-02 -1.39332845256062e-05 -1.30478557931647e-02 -3.73831737662744e-03 -7.78058083063751e-05 -7.28615224689431e-02 2.09112528115547e-04 5.15224731197926e-05 1.38235406263447e-02 -1.39838904560334e-02 1.47616216229385e-05 -2.41241366715683e-02 2.21373464152256e-02 8.93397077579333e-03 1.60278017250353e-02 -3.27320799514902e-02 -2.99946510232385e-03 1.15951821476337e-02 2.55052216699839e-03 -1.68263877877517e-03 -1.25860095349862e-02 -6.47660429901145e-03 6.74571957434967e-03 2.72159353947070e-03 -1.65053713191202e-03 -1.22660902510611e-02 1.40743413288928e-02
 0.00000000000000e+00 0.00000000000000e+00 0.00000000000000e+00 0.00000000000000e+00 6.58338631143568e-01 0.00000000000000e+00 0.00000000000000e+00 1.00000000000000e+00 0.00000000000000e+00 0.00000000000000e+00 0.00000000000000e+00 0.00000000000000e+00 0.00000000000000e+00 0.00000000000000e+00 0.00000000000000e+00 1.82001929301901e-01 1.93129364850533e-01 5.62436568388434e-01 1.55801922435779e-01 0.00000000000000e+00 1.82011335999504e-01 1.93139342187868e-01 5.62430884523752e-01 -7.79039336380510e-02 1.34934837034904e-01 -5.46024531870394e-01 -5.79407980387081e-01 1.21745130429462e-01 6.10837459094285e-06 0.00000000000000e+00 1.98685976246302e-02 3.70665393057879e-02 1.71999687813004e-01 1.91357331209621e-01 1.38333198352569e-01 -5.91319758007957e-02 -1.02420547586769e-01 4.44253881002616e-01 -9.59935766531658e-02 -1.66267312260930e-01 -8.09245904673361e-02 7.14922721337127e-02 9.85738250465765e-02 -1.40166818596055e-01 -8.81811598511665e-02 3.06699311858642e-02 2.32910383204238e-02 2.14761887626751e-01 -3.99060975683447e-03 -3.81889197410845e-02 3.13148555129990e-01 2.37807980041698e-01 -7.21633131571307e-02 -1.32516074804142e-01 -2.30246676891869e-01 1.56340462758521e-05 2.98875843548789e-05 2.02849588132507e-04 3.23764735832470e-04 4.22129044486135e-02 -1.34964856824634e-04 -7.78058083063755e-05 2.11056430150740e-01 -4.35361767885601e-04 -2.50981466889744e-04 -6.38768581524512e-02 1.32372646387118e-04 1.71552605076808e-05 -3.68243673626179e-02 -1.83021186165022e-04 -1.13526632019394e-01 -7.08442094183352e-02 5.04915064094731e-02 1.16063860597478e-01 6.67851686644902e-02 1.68370570609165e-02 8.23339868512184e-03 3.95374060153552e-02 -1.60995459629789e-02 -1.27803019287829e-02 3.83604600607852e-02 2.39353203960165e-02 1.00786372067931e-01 -4.82346773143525e-02 -6.87956551175991e-03
 0.00000000000000e+00 0.00000000000000e+00 0.00000000000000e+00 0.00000000000000e+00 0.00000000000000e+00 6.58338631143568e-01 0.00000000000000e+00 0.00000000000000e+00 1.00000000000000e+00 0.00000000000000e+00 0.00000000000000e+00 0.00000000000000e+00 0.00000000000000e+00 0.00000000000000e+00 0.00000000000000e+00 -5.14799070497841e-01 -5.46273429234227e-01 1.55801921043011e-01 1.76827345186522e-01 0.00000000000000e+00 2.57396056008381e-01 2.73133029075059e-01 -7.79039330324550e-02 5.07348881017614e-01 1.90821608117733e-01 6.72492875815676e-06 7.13803263041196e-06 6.10783312321908e-06 6.17518721332912e-01 0.00000000000000e+00 2.80976961878403e-02 5.24186145544376e-02 2.43237851004091e-01 2.70612967890738e-01 -5.91319761231800e-02 9.65238987541845e-02 -1.44840691858369e-01 -9.59935766531658e-02 3.76381559066578e-01 -2.35131260735200e-01 -3.65870876051055e-02 -8.96181638526399e-02 1.39400748188279e-01 7.14922716937891e-02 9.55196846858444e-02 4.40425816407541e-02 3.34463571044900e-02 -3.99060970730128e-03 2.11810240407827e-01 -5.48399866435082e-02 1.43240021161810e-01 1.08777829889870e-01 -1.32516073024518e-01 1.56925418174689e-01 -1.05319147305524e-01 1.46405591011726e-02 2.79883310133006e-02 1.89959025212877e-01 3.03190702059172e-01 -1.34965430393952e-04 -8.41751416262796e-02 -7.28615224689431e-02 -4.35361767885608e-04 -1.96639646597022e-01 -2.35032962986901e-01 1.61407708618039e-04 8.71364407761878e-02 1.60651679300704e-02 1.32373944318964e-04 -4.36363115977755e-02 2.31844819123723e-01 1.44678500366983e-01 1.16063860944733e-01 -1.29702276522294e-01 -1.36389102384509e-01 1.25939897759294e-01 6.15851921783640e-02 -1.60995457216749e-02 -7.87335965253984e-02 -9.55956796518092e-02 2.85078625396344e-01 1.77877125250566e-01 -4.82346780487436e-02 -2.51182736773320e-01 -5.11260050746574e-02
 0.00000000000000e+00 0.00000000000000e+00 0.00000000000000e+00 0.00000000000000e+00 0.00000000000000e+00 0.00000000000000e+00 6.58338631143568e-01 0.00000000000000e+00 0.00000000000000e+00 1.00000000000000e+00 0.00000000000000e+00 0.00000000000000e+00 0.00000000000000e+00 0.00000000000000e+00 0.00000000000000e+00 0.00000000000000e+00 0.00000000000000e+00 0.00000000000000e+00 0.00000000000000e+00 6.17518746538364e-01 -4.45827237920456e-01 -4.73084722364955e-01 1.34934835937433e-01 1.90821607894860e-01 2.87002923312883e-01 0.00000000000000e+00 0.00000000000000e+00 0.00000000000000e+00 0.00000000000000e+00 6.17518722156179e-01 4.86670939646224e-02 9.07925554680238e-02 4.21304268102477e-01 4.68719807116638e-01 -1.02420547672980e-01 -1.44840691399610e-01 -7.07268649518539e-02 -1.66267312260930e-01 -2.35131260735200e-01 1.04870268387051e-01 7.14922709521328e-02 6.50049041343753e-02 -8.88867160325743e-02 4.59666254396536e-02 -2.52743261850621e-02 4.21474092110713e-01 3.20071451295376e-01 -3.81889196904620e-02 -5.48399861759089e-02 -3.07261137405402e-01 2.48879537325881e-01 1.89001479036985e-01 -2.30246676217300e-01 -1.05319148442467e-01 3.45487360789851e-02 8.44013532248123e-03 1.61349918255247e-02 1.09509470847873e-01 1.74786395748169e-01 -7.78061726039923e-05 -7.28615229228900e-02 2.09112528115547e-04 -2.50981466889747e-04 -2.35032962986901e-01 7.55627511566515e-02 1.32373342100005e-04 7.58513915468485e-03 -5.45205126037867e-02 8.10002500404516e-06 -6.19804047239160e-02 1.33407550887420e-01 8.32505316089227e-02 6.67851687702932e-02 -1.36389101955196e-01 2.88434193048174e-02 9.99748639641349e-02 4.88881706551756e-02 -1.27803016988406e-02 -9.55956795965733e-02 -3.41969404498168e-02 4.06598983673090e-02 2.53700740191473e-02 -6.87956570651179e-03 -5.11260060225067e-02 9.99849305752170e-02
 0.00000000000000e+00 0.00000000000000e+00 0.00000000000000e+00 0.00000000000000e+00 0.00000000000000e+00 0.00000000000000e+00 0.00000000000000e+00 0.00000000000000e+00 0.00000000000000e+00 0.00000000000000e+00 1.00000000000000e+00 0.00000000000000e+00 0.00000000000000e+00 0.00000000000000e+00 0.00000000000000e+00 -1.05188246995791e-01 -1.84730338616289e-01 -3.07346499349485e-01 -6.66698488993228e-02 0.00000000000000e+00 5.25961295713101e-02 9.23686931967962e-02 1.53667518597914e-01 8.36162100649117e-02 8.67673713318120e-02 -4.12370809975967e-06 -7.24368038089126e-06 -3.39158041931554e-06 -4.01125752022166e-01 0.00000000000000e+00 1.07590403865596e-02 2.03928802236600e-02 7.16621807598199e-02 4.64869161551784e-02 4.51460644529817e-02 4.21301057639306e-03 -9.59994389004299e-02 8.09245904673361e-02 3.65870876051055e-02 -7.14922709521328e-02 1.71276018123567e-02 -7.70667077575997e-03 1.48768114485470e-01 -8.25836764802998e-02 -1.46329077169881e-02 1.32744538278715e-03 1.30631002296968e-03 1.07612543897389e-02 7.30302438943497e-03 -3.54477744085705e-03 4.40804440301257e-02 4.33785908244314e-02 -5.16198366082410e-02 3.83431769535699e-02 -6.95082928283382e-02 2.70814892719503e-06 5.64435839832595e-06 7.34603070232747e-05 1.12761179419910e-04 1.39910406017597e-02 -7.44321900961461e-05 -5.15224731197928e-05 6.38768581524511e-02 -1.61407708618035e-04 -1.32373342100012e-04 -3.62536893402224e-02 1.36003066699941e-04 2.72603639465861e-05 -2.55645467756704e-02 -1.41635111141551e-04 -2.86328492862614e-02 -1.89968719879653e-02 2.29191803264628e-03 4.27229494707321e-02 3.31865545410184e-02 3.01238532552957e-03 1.16633798834544e-03 6.84270972341196e-03 -3.82734512837744e-03 -3.83297295110444e-03 1.18975774498414e-02 7.89166126994053e-03 3.35631790017242e-02 -2.44228745063938e-02 -4.20361914954038e-03
 0.00000000000000e+00 0.00000000000000e+00 0.00000000000000e+00 0.00000000000000e+00 0.00000000000000e+00 0.00000000000000e+00 0.00000000000000e+00 0.00000000000000e+00 0.00000000000000e+00 0.00000000000000e+00 0.00000000000000e+00 1.00000000000000e+00 0.00000000000000e+00 0.00000000000000e+00 0.00000000000000e+00 0.00000000000000e+00 0.00000000000000e+00 0.00000000000000e+00 0.00000000000000e+00 -3.78186617308612e-01 -1.28831474467960e-01 -2.26252291799563e-01 8.67673754434904e-02 -2.04813534602508e-01 -2.34413887357500e-02 0.00000000000000e+00 0.00000000000000e+00 0.00000000000000e+00 0.00000000000000e+00 4.94297547612880e-06 2.63537085030643e-02 4.99512969010453e-02 1.75532776992794e-01 1.13867278943247e-01 -9.59994393730103e-02 1.03195493682395e-02 -1.50807279859060e-01 -7.14922721337127e-02 8.96181638526399e-02 -6.50049041343753e-02 -7.70667077575997e-03 1.39680227676374e-03 9.71852514743455e-02 1.12623347021270e-01 1.18433814471256e-01 1.82420992480660e-02 1.79516502606655e-02 -3.54477794644172e-03 1.00360038945836e-01 -3.76940473812677e-02 3.50335979657146e-02 3.44757896032978e-02 -6.95082927809519e-02 3.04738180542185e-02 -1.94049425117493e-02 1.46201071969451e-03 3.04713913292571e-03 3.96578930365783e-02 6.08745348551394e-02 -5.15224480752299e-05 -4.01825791076720e-02 -1.38235406263447e-02 -1.32372646387119e-04 -8.71364407761878e-02 -7.58513915468485e-03 1.36003066699940e-04 3.71680040495056e-02 -2.95627114926355e-02 4.67875685893315e-05 -5.08977122829669e-02 3.36470680219215e-02 2.23236269198556e-02 3.31865548632915e-02 -5.02046436591074e-02 -8.46534248657119e-03 1.78869032727452e-02 6.92546693141177e-03 -3.83297284176027e-03 -2.27259612490386e-02 -1.52711461519009e-02 1.26107531428544e-02 8.36471070320315e-03 -4.20361920496748e-03 -2.58868533837269e-02 3.30734744019346e-02
 0.00000000000000e+00 0.00000000000000e+00 0.00000000000000e+00 0.00000000000000e+00 0.00000000000000e+00 0.00000000000000e+00 0.00000000000000e+00 0.00000000000000e+00 0.00000000000000e+00 0.00000000000000e+00 0.00000000000000e+00 0.00000000000000e+00 1.00000000000000e+00 0.00000000000000e+00 0.00000000000000e+00 -9.66244767049935e-02 -1.69690749619725e-01 -1.21212832295472e-02 3.42854876172582e-02 0.00000000000000e+00 9.66245441842256e-02 1.69690870195651e-01 -1.42274191087801e-01 -2.01200750143231e-01 -2.18784403345726e-01 -9.66244774323181e-02 -1.69690746511265e-01 3.63650801418361e-02 -4.47074237173428e-07 0.00000000000000e+00 1.97654741457016e-02 3.74638380001892e-02 1.31650866256343e-01 8.54012918978003e-02 -1.06432177035712e-01 -1.50513842482365e-01 -7.68267080983466e-03 -9.85738250465765e-02 -1.39400748188279e-01 8.88867160325743e-02 1.48768114485470e-01 9.71852514743455e-02 -1.51786969372321e-01 6.87221706999217e-02 -5.25932935934033e-02 9.99716754801728e-02 9.83799347891063e-02 -2.38566113889401e-02 -3.42585296877071e-02 -1.45198242112350e-01 1.50420462129699e-03 1.48025473600551e-03 -4.82186222928589e-02 -2.20561018878437e-02 6.95292347911303e-02 -2.45486364105983e-04 -5.11645429697819e-04 -6.65896071793253e-03 -1.02214489144789e-02 0.00000000000000e+00 2.35953459860383e-05 1.39838904560334e-02 -1.71552605076822e-05 -1.60651679300704e-02 5.45205126037867e-02 2.72603639465865e-05 -2.95627114926355e-02 -2.38551563173044e-02 -3.15690127870861e-05 -1.27640282627343e-02 -9.74928599851365e-03 -6.46830250998967e-03 -9.83929310273657e-04 2.00938595882722e-03 3.15869007077098e-02 1.57708389705971e-03 6.10616721926684e-04 -9.15943821467674e-04 -6.85118997214503e-03 4.85729328185935e-03 -2.49477153652062e-02 -1.65478157473040e-02 5.40038481033375e-03 4.01333639222906e-02 1.49951742236814e-02
 0.00000000000000e+00 0.00000000000000e+00 0.00000000000000e+00 0.00000000000000e+00 0.00000000000000e+00 0.00000000000000e+00 0.00000000000000e+00 0.00000000000000e+00 0.00000000000000e+00 0.00000000000000e+00 0.00000000000000e+00 0.00000000000000e+00 0.00000000000000e+00 1.00000000000000e+00 0.00000000000000e+00 0.00000000000000e+00 0.00000000000000e+00 0.00000000000000e+00 0.00000000000000e+00 1.33703997813281e-01 -9.11000265149788e-02 -1.59988774650352e-01 -2.66162447005878e-01 8.67673762378480e-02 -1.65760044115387e-02 0.00000000000000e+00 0.00000000000000e+00 0.00000000000000e+00 0.00000000000000e+00 -4.01125751583123e-01 1.86353794412239e-02 3.53218360396678e-02 1.24123703307854e-01 8.05184569861550e-02 7.81960111341594e-02 -9.59994391890777e-02 -1.06639674227501e-01 1.40166818596055e-01 -7.14922716937891e-02 -4.59666254396536e-02 -8.25836764802998e-02 1.12623347021270e-01 6.87221706999217e-02 -7.82336039516958e-02 -1.34437924328342e-01 1.27032502716721e-02 1.25009899600993e-02 1.02981927502187e-01 -3.54477789837440e-03 -2.62490028559415e-02 7.65897714866529e-02 7.53703012874613e-02 -8.96894658708845e-02 -6.95082935315539e-02 -4.24227085985693e-02 1.56122060371147e-06 3.25391540446463e-06 4.23491860787671e-05 6.50056262521250e-05 8.06569443635442e-03 -5.15225221677224e-05 -1.47616216229387e-05 3.68243673626179e-02 -1.32373944318968e-04 -8.10002500404485e-06 -2.55645467756704e-02 4.67875685893316e-05 -3.15690127870869e-05 -6.64622104101467e-03 -1.08950781648459e-04 -1.64758409626212e-02 -1.09311315274051e-02 1.31880942761650e-03 3.31865554869137e-02 4.14519435437689e-03 2.39132179657252e-03 9.25874049606959e-04 5.43194798868115e-03 -3.83297307352842e-03 -2.04161806532077e-03 1.69691537702940e-03 1.12556369451856e-03 4.78701434490439e-03 -4.20361917139259e-03 4.45039912155068e-03
 0.00000000000000e+00 0.00000000000000e+00 0.00000000000000e+00 0.00000000000000e+00 0.00000000000000e+00 0.00000000000000e+00 0.00000000000000e+00 0.00000000000000e+00 0.00000000000000e+00 0.00000000000000e+00 0.00000000000000e+00 0.00000000000000e+00 0.00000000000000e+00 0.00000000000000e+00 1.00000000000000e+00 -1.30170279909195e-01 -2.28603483731563e-01 2.21368523677358e-01 1.30224321562599e-01 0.00000000000000e+00 -1.85940647026700e-02 -3.26546683184896e-02 1.46233919233701e-01 -1.71381017102210e-01 -3.06744600047153e-02 1.67358503093221e-01 2.93912993123325e-01 -6.29861683724359e-02 -9.10761373408695e-06 0.00000000000000e+00 -3.80359303849929e-03 -7.20939924653044e-03 -2.53343944776610e-02 -1.64343010620860e-02 7.34932542017940e-02 -6.47442787727916e-02 3.39382311196287e-02 8.81811598511665e-02 -9.55196846858444e-02 2.52743261850621e-02 -1.46329077169881e-02 1.18433814471256e-01 -5.25932935934033e-02 -1.34437924328342e-01 -1.90906951838598e-02 -4.90921930423396e-04 -4.83105147109961e-04 7.76883620574170e-03 -1.08822127327558e-02 1.31094442698579e-03 3.81022949560256e-02 3.74956261635038e-02 2.75121903994458e-03 -7.04171846280215e-02 -6.00816426289350e-02 -1.26802646390464e-03 -2.64283497172577e-03 -3.43959571730953e-02 -5.27975075734352e-02 5.96268932459658e-05 2.78554500434049e-02 2.41241366715683e-02 1.83021186165023e-04 4.36363115977755e-02 6.19804047239160e-02 -1.41635111141551e-04 -5.08977122829669e-02 -1.27640282627343e-02 -1.08950781648460e-04 3.00631618078733e-02 -2.22268217395749e-02 -1.47467016856201e-02 -3.68735412566421e-02 1.42376189388242e-02 2.57617271756510e-02 -1.10648410727823e-02 -4.28409488017921e-03 3.37218837233732e-03 1.02472472136364e-02 1.40789546884700e-02 -4.34083940065060e-02 -2.87927811948442e-02 1.95195334731592e-02 7.00027296092231e-02 1.53369339521866e-02
 5.32229386243738e-02 1.00274910418071e-01 5.33686974699489e-01 7.20096655559260e-01 9.20397517855990e-02 -2.60337783750061e-01 0.00000000000000e+00 1.82001929301901e-01 -5.14799070497841e-01 0.00000000000000e+00 -1.05188246995791e-01 0.00000000000000e+00 -9.66244767049935e-02 0.00000000000000e+00 -1.30170279909195e-01 1.00000000000000e+00 9.04138336591563e-01 0.00000000000000e+00 0.00000000000000e+00 0.00000000000000e+00 4.56046105481858e-01 2.80152296562912e-01 -4.19238630993983e-06 -3.44390826893410e-01 1.98834206699974e-01 4.56045976676106e-01 2.80152185205292e-01 3.24691945918168e-01 -2.29597814776467e-01 0.00000000000000e+00 1.14623999932812e-02 2.20139350418004e-02 1.65452960636179e-01 3.13405542254874e-01 -7.28656771747549e-03 -8.06731059828360e-02 -5.84740269993725e-02 -3.09892772203553e-02 -3.43097244829800e-01 -2.48686069350710e-01 1.04486417100394e-02 8.38493784592304e-02 1.42225945439908e-03 7.57345507440409e-03 -5.73691073030291e-02 2.51870699689650e-01 1.23948212967081e-01 1.89712102806161e-02 -1.15898662853880e-01 -2.00557722353678e-01 2.52178761301137e-01 1.24152293655481e-01 -1.15651494023122e-01 -1.63392213823459e-01 -1.18639944803434e-01 1.79063550990773e-03 3.46298582540813e-03 3.06107151927107e-02 7.93864322294377e-02 1.92902144258186e-03 -1.73533425109096e-02 -6.83786785469304e-03 1.66322176416106e-02 -1.49622265247031e-01 -5.89567842428466e-02 -3.53530767847542e-03 1.25317250448166e-02 -6.44335366978179e-03 -1.39304378606348e-03 -1.57051953621954e-02 7.65251044141142e-02 2.61128127073328e-02 2.48982701351734e-02 -5.57498436977184e-02 -2.19320920418811e-02 4.30617023852607e-02 1.26264864416769e-02 -1.62620957210106e-05 -2.94640332137538e-02 -1.69981063973522e-02 7.65771991991091e-02 2.61354922159721e-02 -7.43321052595749e-05 -6.45799110089458e-02 -6.69328771866370e-03
 4.13705389791287e-02 7.95369255896736e-02 4.46105527611331e-01 5.55223287943905e-01 1.21374902769331e-01 -3.43313325242102e-01 0.00000000000000e+00 1.93129364850533e-01 -5.46273429234227e-01 0.00000000000000e+00 -1.84730338616289e-01 0.00000000000000e+00 -1.69690749619725e-01 0.00000000000000e+00 -2.28603483731563e-01 9.04138336591563e-01 1.00000000000000e+00 0.00000000000000e+00 0.00000000000000e+00 0.00000000000000e+00 2.80152296562912e-01 1.63283963042581e-01 -3.73760260840088e-06 -3.07045010988612e-01 1.77272582545234e-01 2.80152185205292e-01 1.63283865130406e-01 2.89482234774233e-01 -2.04700146308615e-01 0.00000000000000e+00 3.11845011272594e-03 6.21566520135649e-03 7.25400790808877e-02 1.69684695307083e-01 -4.67331541958834e-03 -5.17405304974432e-02 -3.75029216873976e-02 -2.35335533101708e-02 -2.60551329805856e-01 -1.88854579882996e-01 1.02822796356206e-02 8.25143388707253e-02 1.39961412650957e-03 7.45287144104586e-03 -5.64556825829396e-02 1.23948212967081e-01 4.80264942410857e-02 1.23090201137042e-02 -7.51981033570306e-02 -1.30127129952223e-01 1.24152293655481e-01 4.81449503219167e-02 -7.50856626709179e-02 -1.06080883227538e-01 -7.70258867717435e-02 1.36806482030970e-04 2.76199579895396e-04 4.91160366278399e-03 2.41398354961736e-02 4.24315509292162e-04 -3.81711259310644e-03 -1.50408552702316e-03 8.13323371614237e-03 -7.31659992932576e-02 -2.88301478748661e-02 -1.36880444424069e-03 4.85204733398048e-03 -2.49474489729092e-03 -5.39360316751158e-04 -6.08075523134234e-03 2.61128127073328e-02 4.65158922465729e-03 8.77614799543266e-03 -1.96507177904137e-02 -7.73062885818983e-03 1.26264864416769e-02 1.55720777555672e-03 -4.28167617918350e-06 -7.75761918763535e-03 -4.47545094967822e-03 2.61354922159721e-02 4.65766312383223e-03 -2.62095291695060e-05 -2.27710036872759e-02 -2.36006641656502e-03
 -3.42240870537530e-02 -6.21719094788258e-02 -1.99943297803311e-01 -1.67079642331809e-01 2.75167486800702e-01 1.61746213250122e-01 0.00000000000000e+00 5.62436568388434e-01 1.55801921043011e-01 0.00000000000000e+00 -3.07346499349485e-01 0.00000000000000e+00 -1.21212832295472e-02 0.00000000000000e+00 2.21368523677358e-01 0.00000000000000e+00 0.00000000000000e+00 1.00000000000000e+00 0.00000000000000e+00 0.00000000000000e+00 4.19238630994494e-06 3.73760260839808e-06 2.68138575243125e-01 -5.42000739851318e-06 3.12910427073878e-06 -3.24691945918168e-01 -2.89482234774233e-01 -1.27626229864385e-01 2.79855126894556e-01 0.00000000000000e+00 1.22904208034420e-03 2.36991700909698e-03 1.64440889989926e-02 2.37928566634427e-02 5.00555815533518e-02 -1.25649045879518e-02 -9.10737916383219e-03 2.14703729489837e-01 -3.14110425678776e-02 -2.27675648448653e-02 -8.37894645242225e-02 1.64631403072000e-02 4.75564154485463e-03 -6.07328473499040e-02 -1.90172954164348e-02 -1.89712102806161e-02 -1.23090201137042e-02 9.61978621335802e-02 1.47438427135174e-02 2.55135950936040e-02 1.15651494023122e-01 7.50856626709179e-02 9.23024517396650e-03 -1.26564362137814e-01 -9.18990485499840e-02 -1.32244840238340e-04 -2.61061316399966e-04 -2.95523722203220e-03 -8.02863267675844e-03 3.23802834194876e-03 2.48759862046982e-03 9.80207154992230e-04 3.95895066186838e-02 1.88942745221942e-02 7.44505271563791e-03 -8.14800271070053e-03 -2.65274341148953e-03 7.92983236874178e-04 -3.21061869064928e-03 4.31344294812057e-03 -2.48982701351734e-02 -8.77614799543266e-03 8.28518701799433e-04 2.79524494437308e-02 1.09965454575654e-02 1.62620957210099e-05 4.28167617918341e-06 5.07582986518777e-03 -1.59747818028780e-05 -9.21601310302134e-06 7.43321052595743e-05 2.62095291695061e-05 1.33273782721989e-02 -9.66087197422463e-05 -1.00128240925222e-05
 9.68040749478216e-02 1.75855507181574e-01 5.65546891499332e-01 4.72590842175967e-01 1.61746215329774e-01 -1.25153845895883e-01 0.00000000000000e+00 1.55801922435779e-01 1.76827345186522e-01 0.00000000000000e+00 -6.66698488993228e-02 0.00000000000000e+00 3.42854876172582e-02 0.00000000000000e+00 1.30224321562599e-01 0.00000000000000e+00 0.00000000000000e+00 0.00000000000000e+00 1.00000000000000e+00 0.00000000000000e+00 3.44390826893410e-01 3.07045010988612e-01 -5.42000739851150e-06 -1.77104351490959e-01 2.57061214018529e-01 2.29597814776467e-01 2.04700146308615e-01 2.79855126894556e-01 7.02458710079353e-02 0.00000000000000e+00 1.36073186115675e-02 2.62384960082410e-02 1.82060446187448e-01 2.63422190990218e-01 -1.25649047697456e-02 -8.79216521280034e-02 -1.00832191664007e-01 -3.14110419292782e-02 -1.30225965446263e-01 -2.52070694416209e-01 1.49598663770942e-02 1.20051538865353e-01 5.26520087565287e-02 1.64631405791008e-02 -3.88677142432361e-02 1.15898662853880e-01 7.51981033570306e-02 1.47438427135174e-02 8.53836470519597e-03 -1.55867312858887e-01 1.63392213823459e-01 1.06080883227538e-01 -1.26564362137814e-01 -7.99954668691080e-02 -1.29834802913476e-01 1.18966528510846e-03 2.34848924877386e-03 2.65851063929514e-02 7.22250152490539e-02 2.48759856837375e-03 -1.88637091278561e-02 -8.81787469166621e-03 1.88942743904030e-02 -1.28281747606255e-01 -6.69751722659349e-02 -5.74327822464525e-03 2.03583922491023e-02 -7.13362110227192e-03 -2.65274339913781e-03 -2.10107007643875e-02 5.57498436977184e-02 1.96507177904137e-02 2.79524494437308e-02 -4.92761942998903e-02 -2.46224213649592e-02 2.94640332137538e-02 7.75761918763535e-03 -1.59747818028782e-05 -2.38675487632912e-02 -1.66977403981154e-02 6.45799110089458e-02 2.27710036872759e-02 -9.66087197422458e-05 -7.06066455014516e-02 -8.69922712799060e-03
 0.00000000000000e+00 0.00000000000000e+00 0.00000000000000e+00 0.00000000000000e+00 0.00000000000000e+00 0.00000000000000e+00 3.32351202096271e-01 0.00000000000000e+00 0.00000000000000e+00 6.17518746538364e-01 0.00000000000000e+00 -3.78186617308612e-01 0.00000000000000e+00 1.33703997813281e-01 0.00000000000000e+00 0.00000000000000e+00 0.00000000000000e+00 0.00000000000000e+00 0.00000000000000e+00 1.00000000000000e+00 -1.98834206699974e-01 -1.77272582545234e-01 3.12910427075058e-06 2.57061214018529e-01 1.19724161473510e-01 0.00000000000000e+00 0.00000000000000e+00 0.00000000000000e+00 0.00000000000000e+00 2.68138448024036e-01 9.86294884200395e-03 1.90183644053688e-02 1.31962285934889e-01 1.90935456681930e-01 -9.10737934508623e-03 -1.00832191921137e-01 -2.18954007436481e-02 -2.27675642747142e-02 -2.52070694252781e-01 3.48332557889046e-02 1.64631401158796e-02 4.62741995419884e-02 -6.96043296209038e-02 4.17958452539690e-03 -9.03921951380877e-02 2.00557722353678e-01 1.30127129952223e-01 2.55135950936040e-02 -1.55867312858887e-01 -1.71110524159538e-01 1.18639944803434e-01 7.70258867717435e-02 -9.18990485499840e-02 -1.29834802913476e-01 4.54069306001462e-03 4.68772743909344e-04 9.25392850207323e-04 1.04755290945578e-02 2.84593651885844e-02 9.80207133124297e-04 -8.81787471984899e-03 3.99798025976529e-05 7.44505279332428e-03 -6.69751731108231e-02 1.52990898117987e-02 -2.65274335807936e-03 5.06904805215049e-04 -8.88262047692859e-03 -5.63482387962252e-05 -1.17845054315321e-02 2.19320920418811e-02 7.73062885818983e-03 1.09965454575654e-02 -2.46224213649592e-02 3.62577180580476e-03 1.69981063973522e-02 4.47545094967822e-03 -9.21601310302186e-06 -1.66977403981154e-02 -4.55726093599884e-03 6.69328771866370e-03 2.36006641656502e-03 -1.00128240925221e-05 -8.69922712799060e-03 1.24258712079224e-02
 5.32229399460306e-02 1.00274912765145e-01 5.33686982028159e-01 7.20096660810069e-01 9.20445071848632e-02 1.30167135691732e-01 -2.25458208819213e-01 1.82011335999504e-01 2.57396056008381e-01 -4.45827237920456e-01 5.25961295713101e-02 -1.28831474467960e-01 9.66245441842256e-02 -9.11000265149788e-02 -1.85940647026700e-02 4.56046105481858e-01 2.80152296562912e-01 4.19238630994494e-06 3.44390826893410e-01 -1.98834206699974e-01 1.00000000000000e+00 9.04138336591563e-01 0.00000000000000e+00 0.00000000000000e+00 0.00000000000000e+00 4.56046026291743e-01 2.80152228165660e-01 3.24696191931300e-01 1.14792876741683e-01 -1.98834154128248e-01 1.14623906839640e-02 2.20139172947357e-02 1.65452846486972e-01 3.13405377286683e-01 -7.28570459238309e-03 -1.03032690887982e-02 -9.91019866650774e-02 -3.09856165426929e-02 -4.38191192060271e-02 -4.21474175588461e-01 1.33430487650826e-03 1.81495476307126e-02 9.99717668115473e-02 1.28340077908314e-02 -4.71710877684822e-04 1.51071064416905e-01 6.28881129447734e-02 9.10830091551107e-03 1.27277067516055e-02 -1.35752999873217e-01 2.51870479173297e-01 1.23948067112216e-01 -1.15443918950148e-01 -2.06906164833917e-02 -2.00649725291739e-01 4.96976543883260e-03 9.58252630128067e-03 7.89421553453816e-02 1.74950037106092e-01 6.25973793978702e-03 -2.95775183779115e-02 -3.76215245882303e-02 3.77082887626828e-02 -1.78173200065824e-01 -2.26629810631763e-01 -7.30741076023223e-03 4.39181196652078e-02 2.18383173690733e-02 -9.29475989446444e-03 -1.64906424225692e-02 1.45952196114971e-01 6.01122529509325e-02 6.12870796834268e-02 -7.21156920284641e-02 -9.15768590852176e-02 7.65959573359752e-02 2.61436596301510e-02 -3.53421345978068e-05 -3.81319615322540e-02 -5.25701725729779e-02 2.42130646968215e-01 1.17548110863165e-01 -3.75883289545861e-04 -1.93519658625567e-01 -1.11631356662885e-01
 4.13705405822236e-02 7.95369285141222e-02 4.46105537178651e-01 5.55223294328275e-01 1.21381174637740e-01 1.71654348788504e-01 -2.97316843647472e-01 1.93139342187868e-01 2.73133029075059e-01 -4.73084722364955e-01 9.23686931967962e-02 -2.26252291799563e-01 1.69690870195651e-01 -1.59988774650352e-01 -3.26546683184896e-02 2.80152296562912e-01 1.63283963042581e-01 3.73760260839808e-06 3.07045010988612e-01 -1.77272582545234e-01 9.04138336591563e-01 1.00000000000000e+00 0.00000000000000e+00 0.00000000000000e+00 0.00000000000000e+00 2.80152228165660e-01 1.63283902989779e-01 2.89486038682170e-01 1.02344701958874e-01 -1.77272518897590e-01 3.11844585659996e-03 6.21565680019203e-03 7.25400007697542e-02 1.69684568184994e-01 -4.67275983195044e-03 -6.60810547584823e-03 -6.35600568365433e-02 -2.35307690604868e-02 -3.32766525224924e-02 -3.20071461095233e-01 1.31305965780765e-03 1.78605664523448e-02 9.83799934720170e-02 1.26296615321028e-02 -4.64199868195948e-04 6.28881129447734e-02 1.73887772360893e-02 4.53869873114152e-03 6.34226195936134e-03 -6.76462047996158e-02 1.23948067112216e-01 4.80264096610807e-02 -7.49030196867457e-02 -1.34246107144595e-02 -1.30186764442995e-01 7.63355357794534e-04 1.53270133321483e-03 2.24925726378753e-02 7.41191499591425e-02 2.52775401242852e-03 -1.19437408751142e-02 -1.51920027295803e-02 2.35369717675698e-02 -1.11213148839889e-01 -1.41459068350677e-01 -4.85072303513118e-03 2.91532302506087e-02 1.44964651308211e-02 -6.16994269542634e-03 -1.09466321059339e-02 6.01122529509325e-02 1.62517211327804e-02 3.00056360538583e-02 -3.53072331192348e-02 -4.48352557912687e-02 2.61436596301510e-02 4.65985107731335e-03 -1.24632851933866e-05 -1.34470756811129e-02 -1.85386499951548e-02 1.17548110863165e-01 4.43614316113344e-02 -2.38915206414731e-04 -1.23003287542967e-01 -7.09541549353121e-02
